5.5 5.135406000713633 0.5116988503014117
5.55 4.96456678117787 0.4313462593915119
5.6 4.806236015365161 0.3681897911428031
5.65 4.658768673620949 0.3177148060573496
5.7 4.520833278947907 0.2767867308644658
5.75 4.39133629969154 0.2431759596801211
5.8 4.269368065983986 0.215262760536027
5.85 4.154163254950908 0.191848369984265
5.9 4.045071476428831 0.1720308145303581
5.95 3.941535011354723 0.1551213406501162
6.0 3.84307171179361 0.1405869827524975
6.05 3.749261689314756 0.1280103445262394
6.1 3.659736826503134 0.117060952138843
6.15 3.574172421575126 0.1074745329346129
6.2 3.492280465124015 0.09903781491390908
6.25 3.413804180125724 0.09157723178494505
6.3 3.338513550083236 0.08495043034902605
6.35 3.26620162766602 0.07903981499379255
6.4 3.196681465407748 0.07374759094861227
6.45 3.129783546343631 0.06899192257775008
6.5 3.065353619574523 0.06470392985871821
6.55 3.003250866186061 0.06082532103328916
6.6 2.943346336515658 0.05730651246910627
6.65 2.885521611718918 0.05410512480393356
6.7 2.8296676518531 0.05118477200379611
6.75 2.77568379993204 0.04851408013508691
6.8 2.723476917100998 0.04606588754952713
6.85 2.672960628591633 0.04381658928387296
6.9 2.624054663715948 0.04174559681939048
6.95 2.576684276046285 0.03983489066464728
7.0 2.530779732260416 0.03806864804595844
7.05 2.486275860024033 0.03643293169377743
7.1 2.443111646828388 0.03491542857817866
7.15 2.401229882968601 0.03350522967647199
7.2 2.360576842893343 0.03219264360212364
7.25 2.321102000022076 0.03096903829933038
7.3 2.282757770845985 0.02982670609654453
7.35 2.245499284730059 0.02875874827905641
7.4 2.209284176338092 0.02775897603416915
7.45 2.174072398026903 0.02682182517987872
7.5 2.139826049914819 0.02594228253804071
7.550000000000001 2.106509225633627 0.0251158221780193
7.6 2.074087872031994 0.02433835005408926
7.65 2.042529661319288 0.02360615580294906
7.7 2.011803874327858 0.02291587066724916
7.75 1.98188129373432 0.02226443067545542
7.800000000000001 1.952734106220301 0.02164904434432387
7.85 1.92433581267399 0.02106716428307472
7.9 1.896661145638506 0.02051646217227281
7.95 1.869685993304025 0.01999480666886311
8.0 1.843387329419713 0.01950024385452871
8.050000000000001 1.817743148570596 0.01903097989976157
8.1 1.792732406324905 0.01858536566257564
8.15 1.768334963810383 0.01816188298012147
8.199999999999999 1.744531536324581 0.0177591324447893
8.25 1.721303645625161 0.01737582248470262
8.300000000000001 1.698633575582353 0.0170107595926222
8.35 1.676504330907696 0.01666283956787378
8.4 1.654899598701505 0.01633103965353822
8.449999999999999 1.633803712586642 0.01601441146626342
8.5 1.613201619218504 0.01571207462905807
8.550000000000001 1.593078846981056 0.01542321102862922
8.6 1.573421476696499 0.01514705962849924
8.65 1.554216114192023 0.01488291177750728
8.699999999999999 1.53544986458132 0.01463010696055709
8.75 1.517110308131276 0.01438802894477702
8.800000000000001 1.499185477595685 0.01415610227974435
8.85 1.481663836908148 0.01393378911520974
8.9 1.464534261135573 0.01372058630393657
8.949999999999999 1.447786017602053 0.01351602276092591
9.0 1.431408748100475 0.0133196570535032
9.050000000000001 1.415392452116013 0.01313107519955596
9.1 1.399727470991875 0.01294988865368689
9.15 1.38440447297327 0.01277573246322542
9.199999999999999 1.369414439070665 0.01260826357796386
9.25 1.354748649688025 0.0124471592991823
9.300000000000001 1.340398671965955 0.01229211585502944
9.35 1.326356347793513 0.0121428470906576
9.4 1.312613782445941 0.01199908326269181
9.449999999999999 1.299163333808791 0.01186056992866223
9.5 1.285997602151846 0.01172706692296287
9.550000000000001 1.273109420418898 0.01159834741173152
9.600000000000001 1.260491845001929 0.01147419701978767
9.65 1.248138146970459 0.01135441302342772
9.699999999999999 1.236041803728927 0.0112388036034694
9.75 1.224196491076854 0.01112718715346759
9.800000000000001 1.212596075648273 0.01101939163849926
9.850000000000001 1.201234607708549 0.01091525400034167
9.9 1.190106314288179 0.0108146196052514
9.949999999999999 1.179205592634525 0.01071734173089611
10.0 1.168527003963699 0.0106232810893016
10.05 1.158065267496011 0.01053230538295585
10.1 1.147815254759419 0.01044428889146449
10.15 1.137771984146479 0.01035911208637965
10.2 1.127930615711164 0.01027666127203028
10.25 1.118286446192815 0.01019682825036806
10.3 1.108834904255275 0.01011951000801245
10.35 1.099571545929974 0.01004460842383069
10.4 1.090492050252458 0.009972029995528054
10.45 1.081592215082461 0.009901685583849511
10.5 1.072867953098214 0.009833490173108509
10.55 1.064315287956274 0.009767362646863278
10.6 1.05593035060862 0.009703225577655673
10.65 1.04770937576928 0.009641005029814456
10.7 1.039648698523186 0.009580630374403723
10.75 1.03174475107038 0.009522034115469442
10.8 1.023994059599073 0.009465151726802816
10.85 1.016393241281442 0.009409921498499563
10.9 1.008939001386369 0.009356284392649248
10.95 1.00162813050367 0.00930418390753932
11.0 0.9944575018746468 0.009253565949804848
11.05 0.9874240688240701 0.009204378713997239
11.1 0.9805248622889903 0.00915657256908438
11.15 0.9737569884399856 0.009110099951430237
11.2 0.9671176263907167 0.009064915263834981
11.25 0.9606040259918603 0.009020974780246846
11.3 0.9542135057057022 0.008978236555784879
11.35 0.9479434505578636 0.008936660341737271
11.4 0.9417913101628137 0.008896207505223706
11.45 0.9357545968199924 0.008856840953231864
11.5 0.9298308836775264 0.008818525060758418
11.55 0.9240178029606757 0.008781225602803373
11.6 0.9183130442622857 0.008744909689983796
11.65 0.9127143528926572 0.008709545707548855
11.7 0.9072195282863731 0.008675103257592758
11.75 0.9018264224637368 0.008641553104275753
11.8 0.8965329385445958 0.008608867121876035
11.85 0.8913370293124246 0.008577018245506891
11.9 0.8862366958266463 0.008545980424344469
11.95 0.8812299860812645 0.008515728577221365
12.0 0.8763149937079687 0.008486238550450716
12.05 0.8714898567219623 0.008457487077754051
12.1 0.8667527563088401 0.008429451742174226
12.15 0.8621019156509221 0.008402110939862237
12.2 0.8575355987915214 0.008375443845633698
12.25 0.853052109535691 0.008349430380197191
12.3 0.8486497903860625 0.008324051178962807
12.35 0.8443270215124498 0.008299287562344741
12.4 0.840082219753948 0.008275121507477093
12.45 0.8359138376523175 0.008251535621266919
12.5 0.831820362515491 0.00822851311471309
12.55 0.8278003155100955 0.008206037778423847
12.6 0.8238522507819276 0.00818409395926986
12.65 0.8199747546033638 0.008162666538113336
12.7 0.8161664445467345 0.00814174090855721
12.75 0.8124259686827282 0.008121302956661703
12.8 0.808752004802933 0.008101339041578524
12.85 0.8051432596656587 0.008081835977055944
12.9 0.8015984682642203 0.008062781013770521
12.95 0.7981163931168934 0.00804416182244384
13.0 0.7946958235777889 0.008025966477704947
13.05 0.7913355751679215 0.008008183442661335
13.1 0.7880344889257775 0.007990801554143435
13.15 0.784791430776714 0.007973810008589485
13.2 0.7816052909205496 0.007957198348539465
13.25 0.7784749832367311 0.007940956449708486
13.3 0.7753994447064847 0.007925074508611667
13.35 0.772377634851384 0.007909543030713966
13.4 0.7694085351877894 0.007894352819079929
13.45 0.7664911486966334 0.007879494963499625
13.5 0.763624499308047 0.007864960830068228
13.55 0.7608076314003432 0.00785074205119804
13.6 0.7580396093128891 0.007836830516042698
13.65 0.7553195168724175 0.007823218361314445
13.7 0.7526464569323477 0.007809897962476351
13.75 0.7500195509246956 0.007796861925292241
13.8 0.7474379384241759 0.007784103077717997
13.85 0.744900776724107 0.007771614462118752
13.9 0.7424072404237499 0.007759389327797231
13.95 0.7399565210267205 0.007747421123819288
14.0 0.7375478265501311 0.007735703492123331
14.05 0.7351803811441276 0.007724230260901025
14.1 0.7328534247215031 0.007712995438237284
14.15 0.730566212597075 0.007701993205998132
14.2 0.7283180151365325 0.007691217913955597
14.25 0.7261081174144608 0.0076806640741393
14.3 0.7239358188812691 0.007670326355404927
14.35 0.7218004330387512 0.007660199578210252
14.4 0.719701287124021 0.007650278709589764
14.45 0.7176377218015745 0.007640558858319478
14.5 0.7156090908632341 0.007631035270263805
14.55 0.7136147609357451 0.007621703323896814
14.6 0.7116541111957981 0.007612558525990552
14.65 0.7097265330922603 0.00760359650746341
14.7 0.7078314300754053 0.007594813019381898
14.75 0.7059682173329386 0.007586203929109439
14.8 0.7041363215326234 0.007577765216596144
14.85 0.7023351805713155 0.007569492970803761
14.9 0.7005642433302254 0.007561383386260285
14.95 0.6988229694362291 0.007553432759738936
15.0 0.6971108290290567 0.007545637487056498
15.05 0.6954273025341929 0.007537994059986182
15.1 0.6937718804413279 0.007530499063280419
15.15 0.6921440630882044 0.007523149171799215
15.2 0.6905433604497109 0.007515941147739859
15.25 0.6889692919320722 0.007508871837963944
15.3 0.6874213861720013 0.007501938171417912
15.35 0.6858991808406717 0.007495137156643425
15.4 0.6844022224523808 0.007488465879374065
15.45 0.6829300661777745 0.007481921500214986
15.5 0.681482275661511 0.007475501252402343
15.55 0.6800584228442409 0.007469202439639375
15.6 0.6786580877887902 0.007463022434006247
15.65 0.6772808585104306 0.007456958673940788
15.7 0.6759263308111295 0.00745100866228746
15.75 0.6745941081176732 0.007445169964411946
15.8 0.6732838013235601 0.007439440206378913
15.85 0.6719950286345647 0.007433817073190531
15.9 0.6707274154178751 0.00742829830708351
15.95 0.6694805940547109 0.007422881705882463
16.0 0.6682542037963303 0.007417565121407496
16.05 0.6670478906233376 0.007412346457934038
16.1 0.6658613071082062 0.00740722367070296
16.15 0.6646941122809338 0.007402194764479168
16.2 0.6635459714977484 0.007397257792156884
16.25 0.662416556312788 0.007392410853409921
16.3 0.6613055443526767 0.007387652093385313
16.35 0.6602126191939254 0.007382979701438757
16.4 0.6591374702430814 0.007378391909910336
16.45 0.6580797926195631 0.007373886992939106
16.5 0.6570392870411064 0.007369463265315141
16.55 0.6560156597117615 0.007365119081367736
16.6 0.6550086222123735 0.007360852833888433
16.65 0.6540178913934865 0.007356662953087716
16.7 0.6530431892706092 0.007352547905584123
16.75 0.6520842429217859 0.007348506193424691
16.8 0.651140784387414 0.007344536353135628
16.85 0.6502125505722529 0.007340636954802139
16.9 0.6492992831495719 0.007336806601176443
16.95 0.6484007284673825 0.007333043926812968
17.0 0.6475166374567075 0.00732934759722982
17.05 0.6466467655418333 0.00732571630809561
17.1 0.6457908725525014 0.007322148784440792
17.15 0.6449487226379899 0.007318643779892662
17.2 0.6441200841830396 0.007315200075933236
17.25 0.6433047297255818 0.00731181648117922
17.3 0.6425024358762236 0.007308491830683353
17.35 0.6417129832394485 0.007305224985256381
17.4 0.6409361563364933 0.007302014830808994
17.45 0.6401717435298588 0.007298860277713067
17.5 0.6394195369494192 0.007295760260181545
17.55 0.6386793324200889 0.007292713735666391
17.6 0.6379509293910127 0.00728971968427396
17.65 0.6372341308662431 0.00728677710819728
17.7 0.6365287433368694 0.007283885031164649
17.75 0.635834576714565 0.007281042497904034
17.8 0.635151444266521 0.007278248573622771
17.85 0.6344791625517326 0.007275502343502053
17.9 0.6338175513586075 0.00727280291220574
17.95 0.6331664336438668 0.007270149403403045
18.0 0.6325256354727073 0.007267540959304623
18.05 0.631894985960198 0.007264976740211678
18.1 0.6312743172138801 0.007262455924077642
18.15 0.6306634642775465 0.007259977706082039
18.2 0.6300622650761715 0.007257541298216172
18.25 0.629470560361965 0.007255145928880222
18.3 0.6288881936615269 0.00725279084249144
18.35 0.6283150112240762 0.007250475299103075
18.4 0.6277508619707302 0.007248198574033695
18.45 0.6271955974448115 0.007245959957506591
18.5 0.6266490717631593 0.00724375875429896
18.55 0.6261111415684218 0.007241594283400543
18.6 0.6255816659823095 0.00723946587768146
18.65 0.6250605065597861 0.007237372883568936
18.7 0.6245475272441789 0.007235314660732666
18.75 0.624042594323186 0.007233290581778549
18.8 0.6235455763857617 0.007231300031950537
18.85 0.6230563442798607 0.007229342408840366
18.9 0.6225747710710227 0.007227417122104922
18.95 0.6221007320017778 0.007225523593191017
19.0 0.6216341044518569 0.007223661255067362
19.05 0.6211747678991869 0.007221829551963516
19.1 0.6207226038816568 0.007220027939115603
19.15 0.620277495959635 0.007218255882518615
19.2 0.6198393296792239 0.007216512858685079
19.25 0.6194079925362351 0.007214798354409932
19.3 0.6189833739408692 0.007213111866541402
19.35 0.6185653651830859 0.007211452901757738
19.4 0.6181538593986495 0.007209820976349601
19.45 0.6177487515358352 0.007208215616007967
19.5 0.6173499383227822 0.007206636355617382
19.55 0.6169573182354798 0.007205082739054402
19.6 0.6165707914663737 0.007203554318991104
19.65 0.6161902598935781 0.007202050656703477
19.7 0.6158156270506825 0.007200571321884589
19.75 0.6154467980971393 0.007199115892462395
19.8 0.615083679789221 0.007197683954422025
19.85 0.614726180451534 0.007196275101632468
19.9 0.6143742099490791 0.007194888935677496
19.95 0.6140276796598446 0.007193525065690721
20.0 0.6136865024479242 0.007192183108194684
20.05 0.6133505926371465 0.007190862686943834
20.1 0.6130198659852054 0.00718956343277133
20.15 0.6126942396582832 0.007188284983439509
20.2 0.6123736322061539 0.007187026983493985
20.25 0.6120579635377582 0.007185789084121211
20.3 0.6117471548972396 0.007184570943009465
20.35 0.6114411288404331 0.007183372224213137
20.4 0.6111398092117966 0.00718219259802023
20.45 0.610843121121776 0.007181031740823011
20.5 0.6105509909245955 0.007179889334991692
20.55 0.6102633461964644 0.00717876506875109
20.6 0.609980115714191 0.007177658636060173
20.65 0.6097012294341971 0.007176569736494417
20.7 0.6094266184719237 0.007175498075130897
20.75 0.6091562150816202 0.007174443362436049
20.8 0.6088899526365096 0.007173405314156022
20.85 0.6086277656093223 0.007172383651209557
20.9 0.6083695895531906 0.007171378099583326
20.95 0.6081153610828974 0.007170388390229674
21.0 0.6078650178564711 0.007169414258966682
21.05 0.6076184985571201 0.007168455446380515
21.1 0.6073757428755018 0.007167511697729983
21.15 0.6071366914923159 0.007166582762853257
21.2 0.6069012860612188 0.007165668396076687
21.25 0.6066694691920521 0.007164768356125666
21.3 0.6064411844343771 0.007163882406037509
21.35 0.6062163762613116 0.007163010313076251
21.4 0.6059949900536624 0.007162151848649361
21.45 0.6057769720843458 0.007161306788226294
21.5 0.605562269503094 0.00716047491125886
21.55 0.6053508303214385 0.007159656001103328
21.6 0.605142603397967 0.007158849844944261
21.65 0.6049375384238476 0.007158056233720019
21.7 0.6047355859086151 0.007157274962049881
21.75 0.6045366971662159 0.007156505828162765
21.8 0.6043408243013033 0.007155748633827498
21.85 0.6041479201957812 0.007155003184284593
21.9 0.6039579384955908 0.007154269288179495
21.95 0.6037708335977339 0.007153546757497286
22.0 0.6035865606375306 0.007152835407498762
22.05 0.6034050754761057 0.007152135056657909
22.1 0.6032263346880988 0.007151445526600696
22.15 0.6030502955495953 0.00715076664204518
22.2 0.602876916026273 0.007150098230742879
22.25 0.6027061547617603 0.007149440123421391
22.3 0.6025379710662022 0.007148792153728222
22.35 0.6023723249050303 0.007148154158175792
22.4 0.6022091768879324 0.007147525976087618
22.45 0.6020484882580179 0.007146907449545586
22.5 0.6018902208811765 0.007146298423338367
22.55 0.6017343372356245 0.007145698744910875
22.6 0.601580800401637 0.007145108264314792
22.65 0.6014295740514611 0.007144526834160113
22.7 0.6012806224394082 0.007143954309567691
22.75 0.6011339103921198 0.007143390548122767
22.8 0.6009894032990067 0.007142835409829441
22.85 0.6008470671028547 0.007142288757066097
22.9 0.6007068682905964 0.007141750454541714
22.95 0.6005687738842451 0.007141220369253092
23.0 0.6004327514319878 0.007140698370442938
23.05 0.6002987689994336 0.007140184329558791
23.1 0.600166795161016 0.0071396781202128
23.15 0.6000367989915456 0.0071391796181423
23.2 0.5999087500579096 0.007138688701171183
23.25 0.5997826184109166 0.007138205249172046
23.3 0.5996583745772835 0.007137729144029098
23.35 0.5995359895517619 0.007137260269601812
23.4 0.5994154347894008 0.00713679851168929
23.45 0.5992966821979446 0.007136343757995349
23.5 0.5991797041303624 0.007135895898094293
23.55 0.5990644733775067 0.007135454823397361
23.6 0.5989509631608997 0.007135020427119846
23.65 0.5988391471256438 0.007134592604248848
23.7 0.5987289993334548 0.007134171251511671
23.75 0.5986204942558153 0.00713375626734484
23.8 0.5985136067672461 0.00713334755186371
23.85 0.5984083121386934 0.00713294500683269
23.9 0.59830458603103 0.007132548535636022
23.95 0.5982024044886678 0.007132158043249149
24.0 0.5981017439332803 0.007131773436210623
24.05 0.5980025811576325 0.007131394622594564
24.1 0.5979048933195166 0.007131021511983642
24.15 0.5978086579357915 0.007130654015442592
24.2 0.5977138528765242 0.007130292045492221
24.25 0.5976204563592313 0.007129935516083929
24.3 0.5975284469432184 0.007129584342574701
24.35 0.5974378035240167 0.007129238441702592
24.4 0.5973485053279136 0.007128897731562666
24.45 0.597260531906577 0.007128562131583399
24.5 0.5971738631317703 0.007128231562503523
24.55 0.5970884791901581 0.007127905946349314
24.6 0.5970043605781984 0.00712758520641231
24.65 0.5969214880971233 0.007127269267227433
24.7 0.5968398428480032 0.007126958054551547
24.75 0.5967594062268954 0.007126651495342395
24.8 0.5966801599200742 0.007126349517737943
24.85 0.5966020858993413 0.007126052051036106
24.9 0.5965251664174164 0.007125759025674852
24.95 0.5964493840034041 0.007125470373212675
25.0 0.5963747214583381 0.007125186026309436
25.05 0.5963011618508001 0.007124905918707547
25.1 0.5962286885126118 0.007124629985213519
25.15 0.5961572850346003 0.007124358161679832
25.2 0.5960869352624336 0.007124090384987155
25.25 0.5960176232925263 0.007123826593026887
25.3 0.5959493334680138 0.007123566724684013
25.35 0.595882050374794 0.007123310719820279
25.4 0.595815758837635 0.007123058519257681
25.45 0.5957504439163477 0.007122810064762237
25.5 0.5956860909020227 0.007122565299028077
25.55 0.5956226853133295 0.0071223241656618
25.6 0.5955602128928776 0.007122086609167131
25.65 0.5954986596036383 0.007121852574929855
25.7 0.5954380116254255 0.007121622009203006
25.75 0.5953782553514354 0.007121394859092347
25.8 0.5953193773848438 0.007121171072542096
25.85 0.5952613645354591 0.007120950598320912
25.9 0.5952042038164319 0.007120733386008133
25.95 0.5951478824410182 0.007120519385980264
26.0 0.5950923878193964 0.007120308549397704
26.05 0.5950377075555372 0.007120100828191703
26.1 0.5949838294441246 0.007119896175051562
26.15 0.5949307414675288 0.007119694543412065
26.2 0.5948784317928275 0.007119495887441108
26.25 0.5948268887688779 0.007119300162027578
26.3 0.5947761009234361 0.007119107322769437
26.35 0.5947260569603235 0.007118917325962002
26.4 0.594676745756641 0.007118730128586452
26.45 0.5946281563600274 0.007118545688298523
26.5 0.5945802779859646 0.007118363963417416
26.55 0.5945331000151253 0.007118184912914884
26.6 0.5944866119907655 0.00711800849640452
26.65 0.5944408036161589 0.007117834674131232
26.7 0.5943956647520738 0.007117663406960897
26.75 0.5943511854142907 0.007117494656370207
26.8 0.5943073557711608 0.007117328384436673
26.85 0.5942641661412049 0.007117164553828824
26.9 0.5942216069907507 0.007117003127796557
26.95 0.5941796689316081 0.007116844070161674
27.0 0.5941383427187846 0.00711668734530856
27.05 0.5940976192482353 0.007116532918175046
27.1 0.5940574895546512 0.007116380754243415
27.15 0.5940179448092829 0.007116230819531565
27.2 0.5939789763177995 0.007116083080584327
27.25 0.5939405755181825 0.007115937504464927
27.3 0.593902733978654 0.007115794058746612
27.35 0.5938654433956384 0.007115652711504391
27.4 0.5938286955917566 0.007115513431306943
27.45 0.5937924825138532 0.007115376187208648
27.5 0.5937567962310559 0.007115240948741762
27.55 0.5937216289328658 0.007115107685908725
27.6 0.5936869729272785 0.00711497636917459
27.65 0.5936528206389353 0.007114846969459602
27.7 0.5936191646073056 0.007114719458131876
27.75 0.5935859974848966 0.007114593807000219
27.8 0.5935533120354937 0.007114469988307072
27.85 0.5935211011324276 0.00711434797472156
27.9 0.5934893577568711 0.00711422773933267
27.95 0.593458074996161 0.007114109255642541
28.0 0.5934272460421494 0.007113992497559863
28.05 0.5933968641895794 0.007113877439393397
28.1 0.5933669228344886 0.007113764055845594
28.15 0.5933374154726364 0.007113652322006326
28.2 0.5933083356979587 0.007113542213346718
28.25 0.5932796772010449 0.007113433705713097
28.3 0.5932514337676413 0.007113326775321018
28.35 0.5932235992771775 0.007113221398749412
28.4 0.593196167701316 0.007113117552934822
28.45 0.5931691331025264 0.007113015215165737
28.5 0.5931424896326806 0.007112914363077018
28.55 0.5931162315316715 0.007112814974644418
28.6 0.5930903531260538 0.007112717028179198
28.65 0.5930648488277059 0.007112620502322822
28.7 0.5930397131325131 0.007112525376041754
28.75 0.5930149406190721 0.007112431628622323
28.8 0.5929905259474164 0.007112339239665692
28.85 0.5929664638577612 0.007112248189082893
28.9 0.5929427491692686 0.007112158457089962
28.95 0.5929193767788326 0.007112070024203134
29.0 0.5928963416598829 0.007111982871234137
29.05 0.5928736388612084 0.007111896979285544
29.1 0.5928512635057984 0.00711181232974622
29.15 0.5928292107897031 0.007111728904286832
29.2 0.5928074759809112 0.007111646684855434
29.25 0.5927860544182463 0.007111565653673125
29.3 0.5927649415102797 0.007111485793229786
29.35 0.5927441327342614 0.007111407086279871
29.4 0.5927236236350668 0.007111329515838282
29.45 0.5927034098241614 0.007111253065176302
29.5 0.5926834869785804 0.007111177717817594
29.55 0.5926638508399258 0.007111103457534278
29.6 0.5926444972133779 0.00711103026834305
29.65 0.5926254219667236 0.007110958134501385
29.7 0.5926066210293994 0.007110887040503789
29.75 0.5925880903915492 0.007110816971078116
29.8 0.5925698261030976 0.007110747911181946
29.85 0.592551824272837 0.007110679845999018
29.9 0.5925340810675298 0.00711061276093572
29.95 0.5925165927110239 0.007110546641617647
30.0 0.5924993554833828 0.007110481473886195
30.05 0.5924823657200293 0.00711041724379523
30.1 0.5924656198109015 0.007110353937607797
30.15 0.5924491141996236 0.007110291541792886
30.2 0.5924328453826886 0.007110230043022253
30.25 0.592416809908654 0.007110169428167289
30.3 0.5924010043773507 0.007110109684295939
30.35 0.5923854254391032 0.007110050798669669
30.4 0.5923700697939631 0.007109992758740493
30.45 0.5923549341909534 0.007109935552148026
30.5 0.5923400154273255 0.007109879166716607
30.55 0.5923253103478274 0.00710982359045245
30.6 0.5923108158439837 0.007109768811540858
30.65 0.592296528853386 0.007109714818343459
30.7 0.5922824463589953 0.007109661599395512
30.75 0.5922685653884542 0.007109609143403231
30.8 0.5922548830134111 0.007109557439241174
30.85 0.592241396348854 0.007109506475949652
30.9 0.5922281025524545 0.007109456242732201
30.95 0.5922149988239227 0.007109406728953073
31.0 0.5922020824043718 0.007109357924134787
31.05 0.592189350575692 0.0071093098179557
31.1 0.5921768006599355 0.007109262400247632
31.15 0.5921644300187094 0.007109215660993516
31.2 0.5921522360525792 0.007109169590325101
31.25 0.5921402162004806 0.007109124178520666
31.3 0.5921283679391416 0.007109079416002802
31.35 0.5921166887825122 0.007109035293336203
31.4 0.5921051762812042 0.007108991801225502
31.45 0.5920938280219381 0.007108948930513143
31.5 0.5920826416270005 0.007108906672177288
31.55 0.5920716147537083 0.007108865017329741
31.6 0.5920607450938814 0.007108823957213927
31.65 0.5920500303733246 0.007108783483202894
31.7 0.5920394683513162 0.007108743586797334
31.75 0.592029056820105 0.007108704259623656
31.8 0.5920187936044153 0.007108665493432076
31.85 0.5920086765609592 0.007108627280094735
31.9 0.5919987035779564 0.007108589611603862
31.95 0.5919888725746614 0.007108552480069944
32.0 0.5919791815008982 0.007108515877719945
32.05 0.5919696283366022 0.007108479796895539
32.1 0.591960211091368 0.007108444230051377
32.15000000000001 0.5919509278040063 0.007108409169753373
32.2 0.5919417765421056 0.007108374608677037
32.25 0.5919327554016013 0.007108340539605807
32.3 0.5919238625063521 0.007108306955429425
32.35 0.5919150960077217 0.007108273849142335
32.40000000000001 0.5919064540841679 0.0071082412138421
32.45 0.5918979349408371 0.007108209042727852
32.5 0.5918895368091662 0.007108177329098763
32.55 0.5918812579464893 0.007108146066352531
32.6 0.5918730966356509 0.007108115247983905
32.65000000000001 0.5918650511846257 0.007108084867583221
32.7 0.5918571199261433 0.007108054918834967
32.75 0.5918493012173187 0.007108025395516368
32.8 0.591841593439289 0.007107996291495988
32.85 0.5918339949968553 0.007107967600732367
32.90000000000001 0.59182650431813 0.007107939317272664
32.95 0.5918191198541896 0.007107911435251328
33.0 0.5918118400787327 0.007107883948888793
33.05 0.5918046634877435 0.007107856852490186
33.1 0.5917975885991598 0.007107830140444058
33.15000000000001 0.5917906139525467 0.007107803807221136
33.2 0.5917837381087753 0.007107777847373092
33.25 0.591776959649705 0.007107752255531333
33.3 0.5917702771778729 0.007107727026405808
33.35 0.5917636893161857 0.007107702154783832
33.40000000000001 0.5917571947076176 0.007107677635528932
33.45 0.5917507920149122 0.007107653463579709
33.5 0.5917444799202898 0.007107629633948715
33.55 0.5917382571251573 0.007107606141721351
33.6 0.5917321223498248 0.007107582982054781
33.65000000000001 0.5917260743332245 0.007107560150176854
33.7 0.5917201118326356 0.007107537641385067
33.75 0.5917142336234116 0.007107515451045509
33.8 0.5917084384987131 0.007107493574591851
33.85 0.5917027252692442 0.007107472007524335
33.90000000000001 0.5916970927629925 0.007107450745408785
33.95 0.5916915398249739 0.007107429783875631
34.0 0.5916860653169802 0.007107409118618947
34.05 0.5916806681173316 0.00710738874539551
34.1 0.5916753471206317 0.00710736866002386
34.15000000000001 0.5916701012375277 0.00710734885838339
34.2 0.5916649293944726 0.007107329336413438
34.25 0.5916598305334924 0.007107310090112401
34.3 0.5916548036119558 0.007107291115536854
34.35 0.5916498476023481 0.007107272408800693
34.40000000000001 0.5916449614920481 0.007107253966074283
34.45 0.5916401442831084 0.007107235783583617
34.5 0.5916353949920388 0.007107217857609498
34.55 0.5916307126495934 0.007107200184486724
34.6 0.5916260963005613 0.007107182760603292
34.65000000000001 0.5916215450035588 0.007107165582399606
34.7 0.5916170578308265 0.007107148646367707
34.75 0.5916126338680285 0.007107131949050501
34.8 0.591608272214055 0.007107115487041023
34.85 0.5916039719808275 0.007107099256981681
34.90000000000001 0.5915997322931072 0.00710708325556353
34.95 0.5915955522883065 0.00710706747952556
35.0 0.5915914311163026 0.007107051925653985
35.05 0.5915873679392547 0.007107036590781541
35.1 0.5915833619314232 0.007107021471786813
35.15000000000001 0.5915794122789926 0.007107006565593545
35.2 0.5915755181798955 0.00710699186916998
35.25 0.5915716788436414 0.007106977379528207
35.3 0.5915678934911456 0.007106963093723514
35.35 0.5915641613545628 0.007106949008853749
35.40000000000001 0.5915604816771219 0.007106935122058696
35.45 0.5915568537129637 0.007106921430519457
35.5 0.5915532767269811 0.007106907931457847
35.55 0.5915497499946611 0.007106894622135792
35.6 0.5915462728019306 0.007106881499854742
35.65000000000001 0.5915428444450024 0.007106868561955087
35.7 0.5915394642302254 0.007106855805815589
35.75 0.5915361314739361 0.007106843228852817
35.8 0.5915328455023124 0.00710683082852059
35.85 0.5915296056512297 0.007106818602309438
35.90000000000001 0.5915264112661188 0.007106806547746047
35.95 0.5915232617018269 0.007106794662392749
36.0 0.5915201563224796 0.007106782943846989
36.05 0.5915170945013452 0.00710677138974081
36.1 0.5915140756207012 0.007106759997740348
36.15000000000001 0.5915110990717033 0.00710674876554533
36.2 0.5915081642542551 0.007106737690888588
36.25 0.591505270576881 0.007106726771535571
36.3 0.5915024174565997 0.007106716005283869
36.35 0.5914996043188013 0.007106705389962738
36.40000000000001 0.5914968305971245 0.007106694923432644
36.45 0.5914940957333368 0.007106684603584805
36.5 0.5914913991772154 0.007106674428340736
36.55 0.5914887403864313 0.007106664395651817
36.6 0.5914861188264339 0.007106654503498845
36.65000000000001 0.5914835339703378 0.007106644749891611
36.7 0.5914809852988113 0.007106635132868482
36.75 0.5914784722999664 0.007106625650495971
36.8 0.5914759944692503 0.007106616300868338
36.85 0.591473551309339 0.007106607082107179
36.90000000000001 0.5914711423300324 0.007106597992361031
36.95 0.59146876704815 0.007106589029804977
37.0 0.5914664249874295 0.007106580192640263
37.05 0.5914641156784262 0.007106571479093909
37.1 0.5914618386584136 0.007106562887418345
37.15000000000001 0.5914595934712864 0.007106554415891031
37.2 0.5914573796674638 0.0071065460628141
37.25 0.5914551968037954 0.007106537826513996
37.3 0.5914530444434672 0.007106529705341116
37.35 0.5914509221559103 0.007106521697669472
37.40000000000001 0.59144882951671 0.007106513801896339
37.45 0.5914467661075165 0.007106506016441923
37.5 0.5914447315159573 0.007106498339749021
37.55 0.5914427253355504 0.007106490770282699
37.6 0.5914407471656189 0.007106483306529967
37.65 0.5914387966112069 0.007106475946999463
37.7 0.5914368732829968 0.007106468690221131
37.75 0.5914349767972276 0.007106461534745918
37.8 0.5914331067756143 0.007106454479145474
37.85 0.5914312628452693 0.007106447522011843
37.9 0.5914294446386232 0.00710644066195717
37.95 0.5914276517933493 0.007106433897613414
38.0 0.5914258839522863 0.007106427227632054
38.05 0.591424140763365 0.007106420650683815
38.1 0.5914224218795335 0.007106414165458382
38.15 0.5914207269586857 0.007106407770664127
38.2 0.5914190556635894 0.00710640146502784
38.25 0.5914174076618157 0.007106395247294466
38.3 0.5914157826256703 0.007106389116226835
38.35 0.5914141802321244 0.007106383070605408
38.4 0.5914126001627481 0.007106377109228023
38.45 0.5914110421036435 0.00710637123090964
38.5 0.5914095057453794 0.007106365434482097
38.55 0.5914079907829274 0.007106359718793866
38.6 0.5914064969155977 0.007106354082709811
38.65 0.5914050238469772 0.007106348525110953
38.7 0.5914035712848674 0.007106343044894237
38.75 0.591402138941224 0.007106337640972299
38.8 0.5914007265320967 0.007106332312273242
38.85 0.591399333777571 0.007106327057740419
38.9 0.5913979604017091 0.007106321876332201
38.95 0.5913966061324935 0.00710631676702177
39.0 0.5913952707017698 0.0071063117287969
39.05 0.5913939538451922 0.007106306760659752
39.1 0.5913926553021677 0.007106301861626663
39.15 0.5913913748158025 0.007106297030727942
39.2 0.5913901121328493 0.007106292267007672
39.25 0.5913888670036541 0.007106287569523508
39.3 0.5913876391821049 0.007106282937346484
39.35 0.5913864284255811 0.007106278369560819
39.4 0.5913852344949029 0.007106273865263731
39.45 0.5913840571542822 0.007106269423565245
39.5 0.5913828961712738 0.00710626504358801
39.55 0.5913817513167274 0.007106260724467125
39.6 0.5913806223647404 0.007106256465349949
39.65 0.5913795090926114 0.00710625226539593
39.7 0.5913784112807937 0.007106248123776434
39.75 0.591377328712851 0.007106244039674572
39.8 0.5913762611754121 0.007106240012285026
39.85 0.5913752084581273 0.007106236040813895
39.9 0.5913741703536249 0.007106232124478518
39.95 0.591373146657469 0.007106228262507324
40.0 0.5913721371681164 0.007106224454139663
40.05 0.5913711416868765 0.007106220698625656
40.1 0.5913701600178698 0.007106216995226044
40.15 0.5913691919679872 0.007106213343212021
40.2 0.5913682373468514 0.007106209741865104
40.25 0.591367295966777 0.00710620619047697
40.3 0.5913663676427323 0.007106202688349316
40.35 0.5913654521923015 0.007106199234793715
40.4 0.5913645494356469 0.00710619582913148
40.45 0.5913636591954723 0.007106192470693513
40.5 0.5913627812969868 0.00710618915882018
40.55 0.591361915567869 0.007106185892861168
40.6 0.5913610618382312 0.007106182672175354
40.65 0.5913602199405853 0.007106179496130672
40.7 0.5913593897098082 0.007106176364103989
40.75 0.5913585709831081 0.007106173275480972
40.8 0.5913577635999913 0.007106170229655962
40.85 0.5913569674022292 0.007106167226031855
40.9 0.5913561822338265 0.007106164264019973
40.95 0.5913554079409885 0.007106161343039954
41.0 0.5913546443720906 0.007106158462519619
41.05 0.5913538913776469 0.007106155621894874
41.1 0.5913531488102798 0.007106152820609569
41.15 0.5913524165246897 0.007106150058115414
41.2 0.591351694377626 0.007106147333871844
41.25 0.5913509822278575 0.00710614464734592
41.3 0.5913502799361434 0.00710614199801222
41.35 0.5913495873652057 0.007106139385352724
41.4 0.5913489043797006 0.007106136808856721
41.45 0.5913482308461911 0.007106134268020693
41.5 0.5913475666331204 0.007106131762348219
41.55 0.5913469116107843 0.007106129291349876
41.6 0.5913462656513055 0.007106126854543132
41.65 0.5913456286286074 0.007106124451452254
41.7 0.5913450004183883 0.007106122081608209
41.75 0.5913443808980969 0.00710611974454857
41.8 0.5913437699469064 0.007106117439817418
41.85 0.5913431674456907 0.007106115166965258
41.9 0.5913425732770002 0.007106112925548918
41.95 0.5913419873250377 0.007106110715131465
42.0 0.5913414094756352 0.007106108535282115
42.05 0.5913408396162306 0.007106106385576147
42.1 0.5913402776358451 0.007106104265594811
42.15 0.5913397234250605 0.007106102174925254
42.2 0.5913391768759972 0.007106100113160426
42.25 0.5913386378822927 0.007106098079899001
42.3 0.5913381063390792 0.007106096074745299
42.35 0.5913375821429635 0.007106094097309205
42.4 0.5913370651920052 0.007106092147206083
42.45 0.5913365553856968 0.00710609022405671
42.5 0.5913360526249428 0.007106088327487185
42.55 0.5913355568120404 0.007106086457128872
42.6 0.5913350678506589 0.007106084612618308
42.65 0.5913345856458212 0.007106082793597139
42.7 0.5913341101038839 0.007106080999712046
42.75 0.591333641132519 0.007106079230614671
42.8 0.5913331786406947 0.007106077485961554
42.85 0.5913327225386577 0.007106075765414053
42.9 0.5913322727379146 0.007106074068638286
42.95 0.5913318291512143 0.007106072395305054
43.0 0.5913313916925307 0.007106070745089788
43.05 0.5913309602770449 0.007106069117672469
43.1 0.5913305348211284 0.007106067512737572
43.15 0.5913301152423264 0.007106065929974001
43.2 0.5913297014593409 0.007106064369075028
43.25 0.5913292933920149 0.007106062829738226
43.3 0.5913288909613155 0.007106061311665415
43.35 0.5913284940893188 0.007106059814562597
43.4 0.5913281026991938 0.0071060583381399
43.45 0.5913277167151872 0.007106056882111516
43.5 0.5913273360626083 0.007106055446195651
43.55 0.5913269606678137 0.007106054030114458
43.6 0.5913265904581925 0.007106052633593993
43.65 0.5913262253621523 0.007106051256364149
43.7 0.5913258653091042 0.007106049898158609
43.75 0.5913255102294493 0.007106048558714789
43.8 0.5913251600545643 0.007106047237773791
43.85 0.5913248147167876 0.007106045935080341
43.90000000000001 0.5913244741494064 0.007106044650382751
43.95 0.5913241382866429 0.007106043383432854
44.0 0.5913238070636412 0.007106042133985969
44.05 0.5913234804164545 0.00710604090180084
44.1 0.5913231582820322 0.007106039686639594
44.15000000000001 0.5913228405982071 0.007106038488267692
44.2 0.5913225273036833 0.007106037306453886
44.25 0.591322218338024 0.007106036140970161
44.3 0.5913219136416391 0.007106034991591707
44.35 0.5913216131557736 0.007106033858096858
44.40000000000001 0.5913213168224958 0.007106032740267058
44.45 0.5913210245846856 0.007106031637886809
44.5 0.5913207363860232 0.007106030550743641
44.55 0.5913204521709781 0.007106029478628053
44.6 0.5913201718847976 0.007106028421333486
44.65000000000001 0.5913198954734963 0.00710602737865627
44.7 0.5913196228838451 0.007106026350395595
44.75 0.5913193540633607 0.00710602533635346
44.8 0.5913190889602951 0.007106024336334641
44.85 0.5913188275236253 0.007106023350146647
44.90000000000001 0.5913185697030433 0.007106022377599689
44.95 0.5913183154489458 0.007106021418506633
45.0 0.5913180647124247 0.007106020472682969
45.05 0.5913178174452569 0.007106019539946775
45.1 0.5913175735998955 0.007106018620118673
45.15000000000001 0.5913173331294592 0.007106017713021804
45.2 0.5913170959877242 0.007106016818481785
45.25 0.5913168621291142 0.007106015936326678
45.3 0.5913166315086916 0.007106015066386955
45.35 0.5913164040821489 0.007106014208495463
45.40000000000001 0.5913161798057992 0.007106013362487393
45.45 0.5913159586365682 0.007106012528200248
45.5 0.5913157405319852 0.007106011705473805
45.55 0.5913155254501752 0.007106010894150091
45.6 0.5913153133498499 0.007106010094073346
45.65000000000001 0.5913151041903002 0.007106009305089996
45.7 0.5913148979313877 0.007106008527048619
45.75 0.591314694533537 0.007106007759799917
45.8 0.5913144939577276 0.007106007003196687
45.85 0.5913142961654863 0.00710600625709379
45.90000000000001 0.5913141011188796 0.007106005521348123
45.95 0.5913139087805065 0.007106004795818592
46.0 0.5913137191134905 0.007106004080366084
46.05 0.5913135320814726 0.007106003374853434
46.1 0.5913133476486044 0.007106002679145408
46.15000000000001 0.5913131657795405 0.007106001993108669
46.2 0.5913129864394318 0.007106001316611747
46.25 0.5913128095939185 0.007106000649525026
46.3 0.5913126352091236 0.007105999991720707
46.35 0.5913124632516457 0.007105999343072784
46.40000000000001 0.5913122936885529 0.007105998703457027
46.45 0.5913121264873761 0.007105998072750948
46.5 0.5913119616161024 0.007105997450833783
46.55 0.5913117990431692 0.007105996837586463
46.6 0.5913116387374575 0.007105996232891596
46.65000000000001 0.5913114806682861 0.007105995636633442
46.7 0.5913113248054055 0.007105995048697886
46.75 0.5913111711189919 0.007105994468972423
46.8 0.5913110195796413 0.007105993897346129
46.85 0.5913108701583635 0.007105993333709646
46.90000000000001 0.5913107228265768 0.007105992777955148
46.95 0.5913105775561024 0.007105992229976336
47.0 0.5913104343191582 0.007105991689668408
47.05 0.591310293088354 0.007105991156928038
47.1 0.5913101538366858 0.007105990631653357
47.15000000000001 0.5913100165375306 0.007105990113743932
47.2 0.5913098811646408 0.007105989603100751
47.25 0.5913097476921398 0.007105989099626198
47.3 0.5913096160945162 0.007105988603224034
47.35 0.5913094863466191 0.007105988113799384
47.40000000000001 0.591309358423653 0.00710598763125871
47.45 0.5913092323011732 0.007105987155509797
47.5 0.5913091079550805 0.007105986686461738
47.55 0.5913089853616171 0.007105986224024911
47.6 0.5913088644973614 0.00710598576811096
47.65000000000001 0.5913087453392237 0.007105985318632786
47.7 0.5913086278644416 0.007105984875504521
47.75 0.5913085120505753 0.007105984438641516
47.8 0.5913083978755036 0.007105984007960322
47.85 0.5913082853174192 0.007105983583378677
47.90000000000001 0.5913081743548245 0.007105983164815485
47.95 0.5913080649665278 0.007105982752190805
48.0 0.5913079571316384 0.007105982345425831
48.05 0.5913078508295631 0.007105981944442881
48.1 0.5913077460400017 0.007105981549165374
48.15000000000001 0.5913076427429437 0.007105981159517829
48.2 0.5913075409186634 0.007105980775425833
48.25 0.591307440547717 0.007105980396816037
48.3 0.5913073416109381 0.007105980023616144
48.35 0.5913072440894342 0.007105979655754884
48.40000000000001 0.5913071479645834 0.007105979293162011
48.45 0.5913070532180297 0.007105978935768281
48.5 0.5913069598316804 0.007105978583505444
48.55 0.591306867787702 0.007105978236306229
48.6 0.5913067770685174 0.007105977894104328
48.65000000000001 0.5913066876568015 0.007105977556834388
48.7 0.5913065995354782 0.007105977224431993
48.75 0.5913065126877173 0.007105976896833658
48.8 0.591306427096931 0.007105976573976806
48.85 0.5913063427467707 0.007105976255799769
48.90000000000001 0.5913062596211238 0.007105975942241765
48.95 0.5913061777041103 0.007105975633242893
49.0 0.5913060969800801 0.007105975328744113
49.05 0.5913060174336096 0.007105975028687248
49.1 0.5913059390494989 0.007105974733014959
49.15000000000001 0.5913058618127687 0.007105974441670741
49.2 0.5913057857086573 0.007105974154598908
49.25 0.5913057107226182 0.007105973871744589
49.3 0.5913056368403163 0.007105973593053708
49.35 0.5913055640476261 0.007105973318472982
49.40000000000001 0.5913054923306282 0.007105973047949903
49.45 0.5913054216756071 0.007105972781432733
49.5 0.5913053520690481 0.007105972518870492
49.55 0.5913052834976349 0.00710597226021295
49.6 0.591305215948247 0.00710597200541061
49.65000000000001 0.5913051494079569 0.00710597175441471
49.7 0.5913050838640277 0.007105971507177203
49.75 0.5913050193039108 0.007105971263650753
49.8 0.5913049557152431 0.007105971023788724
49.85 0.591304893085845 0.007105970787545171
49.90000000000001 0.5913048314037175 0.007105970554874833
49.95 0.5913047706570402 0.007105970325733122
50.0 0.591304710834169 0.007105970100076111
50.05 0.5913046519236335 0.007105969877860534
50.1 0.591304593914135 0.007105969659043771
50.15000000000001 0.5913045367945445 0.007105969443583839
50.2 0.5913044805539002 0.00710596923143939
50.25 0.591304425181405 0.007105969022569694
50.3 0.5913043706664255 0.00710596881693464
50.35 0.5913043169984885 0.007105968614494721
50.40000000000001 0.5913042641672802 0.007105968415211035
50.45 0.5913042121626434 0.007105968219045262
50.5 0.5913041609745759 0.007105968025959675
50.55 0.5913041105932283 0.00710596783591712
50.6 0.591304061008902 0.007105967648881011
50.65000000000001 0.5913040122120478 0.007105967464815329
50.7 0.5913039641932634 0.007105967283684606
50.75 0.591303916943292 0.007105967105453923
50.8 0.5913038704530201 0.007105966930088903
50.85 0.5913038247134762 0.007105966757555703
50.90000000000001 0.5913037797158284 0.007105966587821011
50.95 0.5913037354513833 0.007105966420852029
51.0 0.5913036919115839 0.007105966256616483
51.05 0.5913036490880083 0.007105966095082603
51.1 0.5913036069723672 0.007105965936219118
51.15000000000001 0.5913035655565033 0.007105965779995262
51.2 0.5913035248323891 0.00710596562638075
51.25 0.5913034847921256 0.007105965475345788
51.3 0.5913034454279402 0.007105965326861054
51.35 0.591303406732186 0.007105965180897706
51.40000000000001 0.5913033686973395 0.007105965037427363
51.45 0.5913033313159997 0.007105964896422108
51.5 0.5913032945808862 0.007105964757854476
51.55 0.591303258484838 0.007105964621697457
51.6 0.5913032230208124 0.007105964487924483
51.65000000000001 0.5913031881818829 0.007105964356509428
51.7 0.5913031539612382 0.007105964227426598
51.75 0.591303120352181 0.00710596410065073
51.8 0.5913030873481263 0.007105963976156983
51.85 0.5913030549426004 0.007105963853920939
51.90000000000001 0.5913030231292397 0.007105963733918594
51.95 0.5913029919017888 0.007105963616126352
52.0 0.5913029612541002 0.007105963500521021
52.05 0.5913029311801323 0.007105963387079813
52.1 0.5913029016739487 0.007105963275780338
52.15000000000001 0.5913028727297166 0.007105963166600587
52.2 0.5913028443417059 0.007105963059518951
52.25 0.5913028165042878 0.007105962954514197
52.3 0.5913027892119344 0.007105962851565471
52.35 0.5913027624592164 0.007105962750652293
52.40000000000001 0.5913027362408033 0.007105962651754558
52.45 0.5913027105514613 0.007105962554852521
52.5 0.5913026853860527 0.007105962459926803
52.55 0.5913026607395349 0.007105962366958382
52.6 0.5913026366069594 0.007105962275928593
52.65000000000001 0.5913026129834705 0.007105962186819118
52.7 0.5913025898643048 0.007105962099611991
52.75 0.5913025672447898 0.007105962014289584
52.8 0.5913025451203431 0.007105961930834613
52.85 0.5913025234864716 0.007105961849230131
52.90000000000001 0.5913025023387705 0.00710596176945952
52.95 0.5913024816729223 0.007105961691506495
53.0 0.5913024614846961 0.007105961615355097
53.05 0.5913024417699466 0.007105961540989689
53.1 0.5913024225246133 0.007105961468394954
53.15000000000001 0.5913024037447197 0.007105961397555892
53.2 0.5913023854263724 0.007105961328457817
53.25 0.5913023675657606 0.007105961261086356
53.3 0.5913023501591548 0.007105961195427437
53.35 0.5913023332029064 0.007105961131467302
53.40000000000001 0.5913023166934469 0.007105961069192484
53.45 0.5913023006272869 0.007105961008589826
53.5 0.591302285001016 0.007105960949646461
53.55 0.5913022698113013 0.007105960892349819
53.6 0.5913022550548873 0.007105960836687616
53.65000000000001 0.5913022407285947 0.007105960782647865
53.7 0.5913022268293204 0.007105960730218856
53.75 0.5913022133540363 0.007105960679389167
53.8 0.591302200299789 0.007105960630147659
53.85 0.5913021876636986 0.00710596058248347
53.90000000000001 0.5913021754429588 0.007105960536386012
53.95 0.5913021636348361 0.007105960491844974
54.0 0.5913021522366688 0.007105960448850316
54.05 0.5913021412458671 0.007105960407392271
54.1 0.5913021306599118 0.007105960367461335
54.15000000000001 0.5913021204763542 0.007105960329048269
54.2 0.5913021106928157 0.007105960292144104
54.25 0.5913021013069868 0.007105960256740126
54.3 0.5913020923166272 0.007105960222827886
54.35 0.5913020837195647 0.007105960190399191
54.40000000000001 0.591302075513695 0.0071059601594461
54.45 0.5913020676969811 0.007105960129960931
54.5 0.5913020602674532 0.007105960101936256
54.55 0.5913020532232078 0.007105960075364891
54.6 0.5913020465624076 0.007105960050239907
54.65000000000001 0.5913020402832806 0.007105960026554622
54.7 0.5913020343841203 0.007105960004302595
54.75 0.5913020288632852 0.007105959983477637
54.8 0.5913020237191977 0.007105959964073797
54.85 0.5913020189503446 0.007105959946085365
54.90000000000001 0.5913020145552763 0.007105959929506874
54.95 0.5913020105326064 0.007105959914333096
55.0 0.5913020068810116 0.007105959900559038
55.05 0.5913020035992312 0.007105959888179944
55.1 0.5913020006860669 0.007105959877191296
55.15000000000001 0.5913019981403821 0.007105959867588803
55.2 0.5913019959611022 0.007105959859368414
55.25 0.591301994147214 0.007105959852526307
55.3 0.5913019926977651 0.007105959847058889
55.35 0.5913019916118643 0.0071059598429628
55.40000000000001 0.5913019908886806 0.007105959840234904
55.45 0.591301990527444 0.007105959838872295
55.5 0.591301990527444 0.007105959838872295
