10.5 5.219004949616799 0.5563123328568156
10.55 5.055994496885951 0.4726384527400241
10.6 4.904937227160937 0.4063796300181317
10.65 4.76424175239043 0.3530501586165888
10.7 4.632619843583915 0.3095161082390639
10.75 4.509013780249326 0.2735352825805525
10.8 4.392544234763701 0.2434697878450023
10.85 4.282472101688223 0.2181010303416496
10.9 4.178170023126534 0.1965074880413322
10.95 4.079100798081442 0.1779820626641681
11.0 3.984800771076104 0.161975026780787
11.05 3.894866882892454 0.1480539004869803
11.1 3.808946455509196 0.1358747561654236
11.15 3.726729046456191 0.1251613810082585
11.2 3.647939888998122 0.1156899336531587
11.25 3.572334561440702 0.107277501501383
11.3 3.499694619068999 0.09977346655195021
11.35 3.429823987281065 0.09305291967098807
11.4 3.362545961998895 0.08701158684720826
11.45 3.297700698566048 0.08156188387208932
11.5 3.23514309659675 0.0766298218763998
11.55 3.174741008068439 0.07215256059603949
11.6 3.116373711066218 0.06807645915697778
11.65 3.059930603216177 0.06435551221125695
11.7 3.005310077865044 0.06095008689450781
11.75 2.952418553116065 0.05782589635475083
11.8 2.90116962938563 0.0549531606206532
11.85 2.851483355550553 0.05230591679728037
11.9 2.803285587272788 0.04986144902879407
11.95 2.75650742391335 0.04759981508333628
12.0 2.711084712729817 0.04550345132179339
12.05 2.666957610906333 0.04355684159059072
12.1 2.624070197479817 0.04174623850777477
12.15 2.582370128469561 0.04005942789664652
12.2 2.541808329542989 0.03848552891444371
12.25 2.502338721400153 0.03701482383891473
12.3 2.463917973766717 0.03563861259880196
12.35 2.426505284476066 0.03434908803020623
12.4 2.390062180616941 0.03313922855905901
12.45 2.354552339140434 0.03200270558846449
12.5 2.319941424673044 0.03093380333779398
12.55 2.286196942581687 0.02992734926084291
12.6 2.253288105591229 0.0289786534808212
12.65 2.221185712472463 0.02808345593432423
12.7 2.189862037504613 0.02723788012566375
12.75 2.15929072957631 0.02643839256567426
12.8 2.129446719926694 0.02568176711222785
12.85 2.10030613764721 0.02496505354867564
12.9 2.071846232167687 0.0242855498356844
12.95 2.04404530203967 0.02364077755499021
13.0 2.016882629407818 0.02302846013330577
13.05 1.990338419628082 0.02244650349331051
13.1 1.964393745550718 0.02189297882820788
13.15 1.939030496038259 0.02136610723829182
13.2 1.914231328334234 0.02086424600358373
13.25 1.889979623938655 0.02038587629692054
13.3 1.866259447681774 0.01992959216774546
13.35 1.843055509718934 0.01949409064898385
13.4 1.820353130197095 0.01907816285836248
13.45 1.798138206368233 0.01868068598183809
13.5 1.776397181946674 0.01830061604084792
13.55 1.755117018526882 0.01793698135721955
13.6 1.734285168895588 0.01758887664006566
13.65 1.713889552087649 0.01725545762808037
13.7 1.693918530048861 0.01693593622854896
13.75 1.674360885781419 0.01662957610125385
13.8 1.655205802858813 0.01633568864144917
13.85 1.636442846207001 0.01605362932130808
13.9 1.618061944057684 0.01578279435382449
13.95 1.600053370987652 0.0155226176471628
14.0 1.582407731965477 0.01527256802097214
14.05 1.565115947333461 0.0150321466592789
14.1 1.548169238658738 0.01480088477730019
14.15 1.531559115392847 0.01457834148192802
14.2 1.515277362284023 0.01436410180776052
14.25 1.49931602749091 0.01415777491243889
14.3 1.483667411350481 0.01395899241671606
14.35 1.468324055756626 0.01376740687616332
14.4 1.453278734109254 0.01358269037273607
14.45 1.438524441796829 0.01340453321559008
14.5 1.424054387178044 0.01323264274158255
14.55 1.409861983030941 0.0130667422068224
14.6 1.39594083844009 0.01290656976146523
14.65 1.382284751094631 0.01275187750069179
14.7 1.368887699971909 0.01260243058547413
14.75 1.3557438383833 0.01245800642733074
14.8 1.342847487360415 0.01231839393180712
14.85 1.330193129361467 0.01218339279589996
14.9 1.317775402278951 0.01205281285507582
14.95 1.305589093731078 0.0119264734759252
15.0 1.293629135620641 0.0118042029908445
15.05 1.281890598946028 0.01168583817145558
15.1 1.270368688850182 0.01157122373775921
15.15 1.259058739894187 0.01146021190027797
15.2 1.247956211543078 0.01135266193267864
15.25 1.237056683852237 0.01124843977257687
15.3 1.226355853343513 0.01114741764841958
15.35 1.215849529060878 0.01104947373051554
15.4 1.205533628796071 0.01095449180444375
15.45 1.195404175475294 0.0108623609652136
15.5 1.185457293698542 0.01077297533068266
15.55 1.175689206423715 0.01068623377285765
15.6 1.166096231788077 0.01060203966581362
15.65 1.156674780060125 0.01052030064906598
15.7 1.147421350715309 0.01044092840532126
15.75 1.138332529629445 0.01036383845161573
15.8 1.129404986384036 0.01028894994292696
15.85 1.120635471678013 0.01021618548741352
15.9 1.112020814840768 0.01014547097250149
15.95 1.103557921441614 0.01007673540109537
16.0 1.09524377099109 0.01000991073724431
16.05 1.087075414729785 0.009944931760644295
16.1 1.079049973500602 0.00988173592940207
16.15 1.07116463570059 0.009820263250528129
16.2 1.063416655308709 0.009760456157664701
16.25 1.055803349986059 0.009702259395589767
16.3 1.04832209924532 0.00964561991107073
16.35 1.040970342686304 0.00959048674967135
16.4 1.033745578294685 0.009536810958143174
16.45 1.026645360801141 0.009484545492058263
16.5 1.019667300098267 0.009433645128363583
16.55 1.012809059712765 0.009384066382559186
16.6 1.006068355330543 0.009335767430222573
16.65 0.9994429533724785 0.009288708032620089
16.7 0.9929306696186986 0.009242849466163706
16.75 0.9865293678793629 0.009198154455487349
16.8 0.9802369587100099 0.009154587109931854
16.85 0.9740513981696394 0.009112112863241394
16.9 0.9679706866197831 0.009070698416286927
16.95 0.9619928675629073 0.009030311682644137
17.0 0.9561160265185639 0.008990921736864292
17.05 0.9503382899357897 0.008952498765286716
17.1 0.9446578241403165 0.008915014019251081
17.15 0.9390728343152284 0.008878439770576575
17.2 0.9335815635137638 0.008842749269183261
17.25 0.9281822917030196 0.008807916702738613
17.3 0.9228733348373732 0.008773917158219367
17.35 0.9176530439604906 0.008740726585285534
17.4 0.9125198043348421 0.008708321761369592
17.45 0.9074720345976938 0.008676680258389739
17.5 0.9025081859425893 0.008645780411001473
17.55 0.8976267413253819 0.008615601286306866
17.6 0.8928262146939151 0.008586122654945603
17.65 0.8881051502404924 0.008557324963496321
17.7 0.8834621216763122 0.008529189308120881
17.75 0.8788957315270797 0.008501697409388158
17.8 0.8744046104490424 0.008474831588217449
17.85 0.8699874165647267 0.008448574742885143
17.9 0.8656428348176827 0.00842291032704132
17.95 0.8613695763455773 0.008397822328686126
18.0 0.8571663778709968 0.008373295250058366
18.05 0.853032001109353 0.008349314088391549
18.1 0.8489652321933073 0.008325864317495008
18.15 0.8449648811131534 0.008302931870120041
18.2 0.84102978117262 0.008280503121073233
18.25 0.8371587884595799 0.008258564871041107
18.3 0.8333507813311672 0.008237104331092223
18.35 0.8296046599128295 0.008216109107824643
18.4 0.8259193456108564 0.008195567189128354
18.45 0.8222937806379477 0.008175466930533889
18.5 0.8187269275513959 0.008155797042119842
18.55 0.8152177688034806 0.00813654657595345
18.6 0.8117653063036837 0.0081177049140397
18.65 0.8083685609923487 0.008099261756755731
18.7 0.8050265724254253 0.008081207111748416
18.75 0.8017383983699514 0.008063531283274267
18.8 0.7985031144099369 0.008046224861961682
18.85 0.7953198135623288 0.008029278714976728
18.9 0.7921876059027468 0.008012683976574463
18.95 0.789105618200691 0.007996432039018805
19.0 0.7860729935639337 0.007980514543854681
19.05 0.7830888910918178 0.0079649233735171
19.1 0.7801524855371953 0.007949650643262468
19.15 0.7772629669767467 0.007934688693408203
19.2 0.774419540489434 0.007920030081867386
19.25 0.7716214258428464 0.007905667576965822
19.3 0.7688678571872086 0.007891594150529464
19.35 0.7661580827568262 0.007877802971230764
19.4 0.763491364578755 0.007864287398183041
19.45 0.760866978188485 0.007851040974772426
19.5 0.7582842123524374 0.007838057422717534
19.55 0.7557423687970815 0.007825330636347343
19.6 0.753240761944484 0.007812854677088324
19.65 0.7507787186541085 0.007800623768152177
19.7 0.7483555779706906 0.007788632289416002
19.75 0.7459706908780193 0.007776874772487044
19.8 0.7436234200584607 0.007765345895944564
19.85 0.7413131396580668 0.007754040480751672
19.9 0.739039235057113 0.007742953485830321
19.95 0.7368011026459211 0.007732080003792937
20.0 0.7345981496058197 0.007721415256824472
20.05 0.7324297936951059 0.007710954592708924
20.1 0.730295463039873 0.007700693480994625
20.15 0.7281945959295751 0.007690627509292887
20.2 0.7261266406172011 0.007680752379704782
20.25 0.7240910551239372 0.007671063905371087
20.3 0.7220873070482 0.00766155800714063
20.35 0.7201148733789241 0.007652230710352493
20.4 0.7181732403129958 0.007643078141727699
20.45 0.7162619030767228 0.007634096526366201
20.5 0.7143803657512372 0.007625282184845197
20.55 0.7125281411017304 0.007616631530414917
20.6 0.7107047504104212 0.007608141066288225
20.65 0.7089097233131644 0.007599807383020525
20.7 0.7071425976396032 0.007591627155976572
20.75 0.7054029192567814 0.007583597142881007
20.8 0.7036902419161243 0.007575714181449466
20.85 0.7020041271037062 0.007567975187097332
20.9 0.7003441438937222 0.007560377150723255
20.95 0.6987098688050851 0.007552917136564738
21.0 0.6971008856610698 0.007545592280123118
21.05 0.6955167854519309 0.007538399786155483
21.1 0.6939571662004208 0.007531336926731065
21.15 0.6924216328301375 0.007524401039349807
21.2 0.6909097970366335 0.007517589525120891
21.25 0.6894212771612189 0.007510899846999052
21.3 0.687955698067395 0.007504329528076668
21.35 0.6865126910198538 0.007497876149929621
21.4 0.6850918935659839 0.007491537351015041
21.45 0.6836929494198218 0.00748531082511913
21.5 0.6823155083483922 0.007479194319853276
21.55 0.6809592260603794 0.007473185635196816
21.6 0.6796237640970769 0.007467282622084805
21.65 0.678308789725561 0.007461483181039234
21.7 0.6770139758340354 0.007455785260842206
21.75 0.6757390008293004 0.007450186857249647
21.8 0.6744835485362918 0.007444686011744124
21.85 0.6732473080996478 0.007439280810325478
21.9 0.6720299738872535 0.007433969382337979
21.95 0.6708312453957186 0.007428749899332747
22.0 0.6696508271577457 0.007423620573964281
22.05 0.6684884286513451 0.00741857965891993
22.1 0.6673437642108538 0.007413625445881213
22.15 0.6662165529397207 0.007408756264515931
22.2 0.6651065186250147 0.007403970481500028
22.25 0.6640133896536202 0.007399266499568258
22.3 0.6629368989300817 0.007394642756592644
22.35 0.6618767837960591 0.0073900977246879
22.4 0.6608327859513611 0.007385629909342843
22.45 0.6598046513765194 0.007381237848577023
22.5 0.6587921302568713 0.007376920112121715
22.55 0.6577949769081162 0.007372675300624472
22.6 0.6568129497033158 0.007368502044876515
22.65 0.6558458110013056 0.007364399005062193
22.7 0.6548933270764856 0.007360364870029836
22.75 0.6539552680499644 0.007356398356583275
22.8 0.653031407822022 0.007352498208793416
22.85 0.6521215240058684 0.007348663197329205
22.9 0.6512253978626671 0.007344892118807379
22.95 0.6503428142377962 0.007341183795160409
23.0 0.6494735614983235 0.00733753707302206
23.05 0.6486174314716669 0.007333950823130029
23.1 0.6477742193854171 0.00733042393974512
23.15 0.6469437238082963 0.007326955340086432
23.2 0.6461257465922314 0.007323543963782082
23.25 0.6453200928155154 0.00732018877233498
23.3 0.6445265707270368 0.007316888748603168
23.35 0.6437449916915535 0.00731364289629432
23.4 0.6429751701359898 0.007310450239473927
23.45 0.6422169234967346 0.007307309822086784
23.5 0.6414700721679218 0.007304220707491339
23.55 0.6407344394506705 0.007301181978006557
23.6 0.6400098515032674 0.007298192734470886
23.65 0.6392961372922701 0.007295252095812977
23.7 0.6385931285445139 0.007292359198633801
23.75 0.6379006597000035 0.007289513196799828
23.8 0.6372185678656709 0.007286713261046933
23.85 0.636546692769982 0.007283958578594706
23.9 0.6358848767183763 0.007281248352770873
23.95 0.6352329645495208 0.007278581802645515
24.0 0.6345908035923621 0.0072759581626748
24.05 0.6339582436239625 0.007273376682353956
24.1 0.6333351368281026 0.007270836625879213
24.15 0.632721337754635 0.007268337271818437
24.2 0.6321167032795751 0.007265877912790228
24.25 0.6315210925659148 0.007263457855151228
24.3 0.6309343670251422 0.007261076418691383
24.35 0.6303563902794564 0.007258732936336966
24.4 0.629787028124663 0.007256426753861107
24.45 0.629226148493734 0.007254157229601634
24.5 0.6286736214210236 0.007251923734186001
24.55 0.6281293190071231 0.007249725650263127
24.6 0.6275931153843456 0.007247562372241917
24.65 0.6270648866828257 0.007245433306036302
24.7 0.6265445109972232 0.007243337868816612
24.75 0.6260318683540197 0.007241275488767082
24.8 0.625526840679396 0.007239245604849358
24.85 0.6250293117676784 0.007237247666571793
24.9 0.6245391672503442 0.007235281133764405
24.95 0.6240562945655753 0.007233345476359326
25.0 0.6235805829283487 0.00723144017417659
25.05 0.6231119233010541 0.007229564716715124
25.1 0.6226502083646285 0.007227718602948768
25.15 0.6221953324901983 0.007225901341127244
25.2 0.6217471917112186 0.007224112448581873
25.25 0.6213056836961001 0.007222351451535953
25.3 0.6208707077213155 0.007220617884919673
25.35 0.6204421646449753 0.007218911292189407
25.4 0.6200199568808638 0.007217231225151301
25.45 0.6196039883729286 0.007215577243789036
25.5 0.6191941645702124 0.007213948916095629
25.55 0.6187903924022208 0.007212345817909202
25.6 0.6183925802547169 0.007210767532752576
25.65 0.6180006379459358 0.007209213651676618
25.7 0.6176144767032092 0.007207683773107224
25.75 0.6172340091399947 0.007206177502695855
25.8 0.6168591492333008 0.007204694453173515
25.85 0.6164898123015007 0.007203234244208104
25.9 0.6161259149825281 0.007201796502265032
25.95 0.6157673752124471 0.007200380860471034
26.0 0.6154141122043896 0.007198986958481094
26.05 0.6150660464278541 0.007197614442348371
26.1 0.6147230995883584 0.007196262964397107
26.15 0.6143851946074399 0.00719493218309838
26.2 0.6140522556029977 0.007193621762948675
26.25 0.613724207869969 0.007192331374351166
26.3 0.613400977861335 0.007191060693499663
26.35 0.61308249316945 0.007189809402265155
26.4 0.6127686825076871 0.007188577188084866
26.45 0.6124594756923954 0.007187363743853777
26.5 0.6121548036251627 0.007186168767818548
26.55 0.6118545982753787 0.007184991963473779
26.6 0.6115587926630925 0.007183833039460544
26.65 0.61126732084216 0.007182691709467157
26.7 0.6109801178836747 0.007181567692132101
26.75 0.6106971198596786 0.00718046071094907
26.8 0.610418263827146 0.007179370494174078
26.85 0.6101434878122373 0.007178296774734572
26.9 0.6098727307948161 0.007177239290140515
26.95 0.6096059326932277 0.007176197782397371
27.0 0.6093430343493305 0.007175171997920973
27.05 0.6090839775137787 0.007174161687454188
27.1 0.6088287048315513 0.007173166605985392
27.15 0.6085771598277219 0.007172186512668642
27.2 0.6083292868934659 0.007171221170745578
27.25 0.6080850312723018 0.007170270347468941
27.3 0.6078443390465599 0.007169333814027731
27.35 0.6076071571240766 0.007168411345473918
27.4 0.6073734332251103 0.007167502720650708
27.45 0.6071431158694729 0.007166607722122287
27.5 0.6069161543638755 0.007165726136105047
27.55 0.6066924987894837 0.007164857752400231
27.6 0.606472099989678 0.007164002364327978
27.65 0.6062549095580168 0.007163159768662729
27.7 0.6060408798263975 0.007162329765569962
27.75 0.6058299638534144 0.007161512158544232
27.8 0.6056221154129057 0.007160706754348475
27.85 0.6054172889826914 0.007159913362954556
27.9 0.6052154397334952 0.007159131797485026
27.95 0.6050165235180484 0.007158361874156063
28.0 0.6048204968603722 0.00715760341222157
28.05 0.6046273169452369 0.0071568562339184
28.1 0.6044369416077922 0.007156120164412689
28.15 0.6042493293233684 0.007155395031747268
28.2 0.6040644391974435 0.007154680666790116
28.25 0.6038822309557743 0.007153976903183867
28.3 0.6037026649346893 0.007153283577296302
28.35 0.6035257020715379 0.007152600528171836
28.4 0.6033513038952977 0.007151927597483969
28.45 0.6031794325173324 0.007151264629488664
28.5 0.6030100506223014 0.007150611470978663
28.55 0.6028431214592161 0.007149967971238693
28.6 0.6026786088326423 0.007149333982001544
28.65 0.6025164770940441 0.007148709357405021
28.7 0.6023566911332687 0.007148093953949724
28.75 0.6021992163701696 0.007147487630457663
28.8 0.6020440187463637 0.007146890248031658
28.85 0.6018910647171234 0.007146301670015552
28.9 0.6017403212433978 0.007145721761955165
28.95 0.6015917557839644 0.00714515039156002
29.0 0.601445336287706 0.007144587428665798
29.05 0.6013010311860124 0.007144032745197519
29.1 0.6011588093853045 0.007143486215133412
29.15 0.6010186402596785 0.007142947714469499
29.2 0.6008804936436682 0.007142417121184829
29.25 0.6007443398251239 0.007141894315207389
29.3 0.6006101495382044 0.007141379178380655
29.35 0.6004778939564829 0.007140871594430777
29.4 0.6003475446861625 0.007140371448934381
29.45 0.6002190737593995 0.007139878629286976
29.5 0.6000924536277353 0.007139393024671961
29.55 0.5999676571556317 0.007138914526030205
29.6 0.5998446576141097 0.007138443026030197
29.65 0.5997234286744904 0.007137978419038755
29.7 0.5996039444022353 0.00713752060109228
29.75 0.5994861792508845 0.00713706946986854
29.8 0.599370108056092 0.007136624924658979
29.85 0.599255706029755 0.007136186866341538
29.9 0.5991429487542372 0.007135755197353976
29.95 0.5990318121766841 0.007135329821667683
30.0 0.5989222726034273 0.007134910644761966
30.05 0.5988143066944794 0.007134497573598826
30.1 0.5987078914581141 0.007134090516598171
30.15 0.5986030042455337 0.007133689383613495
30.2 0.5984996227456206 0.007133294085908001
30.25 0.5983977249797711 0.007132904536131147
30.3 0.5982972892968117 0.007132520648295632
30.35 0.5981982943679959 0.00713214233775478
30.4 0.5981007191820785 0.007131769521180352
30.45 0.5980045430404696 0.007131402116540738
30.5 0.597909745552463 0.007131040043079555
30.55 0.5978163066305416 0.007130683221294625
30.6 0.5977242064857553 0.007130331572917327
30.65 0.5976334256231723 0.007129985020892311
30.7 0.5975439448374016 0.007129643489357597
30.75 0.597455745208186 0.007129306903624999
30.8 0.5973688080960645 0.007128975190160916
30.85 0.5972831151381024 0.007128648276567459
30.9 0.5971986482436883 0.007128326091563904
30.95 0.5971153895903973 0.007128008564968483
31.0 0.5970333216199191 0.007127695627680495
31.05 0.5969524270340487 0.007127387211662718
31.1 0.5968726887907417 0.007127083249924146
31.15 0.5967940901002294 0.007126783676503023
31.2 0.5967166144211958 0.007126488426450171
31.25 0.5966402454570139 0.007126197435812609
31.3 0.5965649671520403 0.007125910641617461
31.35 0.5964907636879686 0.00712562798185614
31.4 0.5964176194802381 0.007125349395468812
31.45 0.5963455191745004 0.007125074822329122
31.5 0.596274447643139 0.007124804203229188
31.55 0.5962043899818446 0.007124537479864858
31.6 0.5961353315062424 0.00712427459482121
31.65 0.5960672577485732 0.007124015491558313
31.7 0.5960001544544243 0.007123760114397235
31.75 0.5959340075795129 0.007123508408506263
31.8 0.5958688032865178 0.007123260319887406
31.85 0.5958045279419617 0.007123015795363083
31.9 0.5957411681131404 0.007122774782563065
31.95 0.5956787105651005 0.007122537229911632
32.0 0.5956171422576639 0.00712230308661495
32.05 0.5955564503424975 0.00712207230264866
32.1 0.5954966221602289 0.00712184482874567
32.15000000000001 0.5954376452376066 0.007121620616384176
32.2 0.5953795072847033 0.00712139961777586
32.25 0.5953221961921641 0.007121181785854306
32.3 0.5952657000284947 0.007120967074263594
32.35 0.5952100070373938 0.007120755437347106
32.40000000000001 0.5951551056351247 0.007120546830136499
32.45 0.5951009844079287 0.007120341208340882
32.5 0.5950476321094775 0.007120138528336158
32.55 0.5949950376583655 0.007119938747154556
32.6 0.5949431901356396 0.007119741822474332
32.65000000000001 0.5948920787823681 0.007119547712609638
32.7 0.5948416929972462 0.007119356376500575
32.75 0.5947920223342388 0.007119167773703389
32.8 0.5947430565002587 0.007118981864380845
32.85 0.5946947853528813 0.007118798609292765
32.90000000000001 0.5946471988980937 0.0071186179697867
32.95 0.5946002872880782 0.007118439907788781
33.0 0.5945540408190307 0.007118264385794708
33.05 0.5945084499290112 0.007118091366860887
33.1 0.594463505195828 0.00711792081459572
33.15000000000001 0.5944191973349541 0.007117752693151029
33.2 0.5943755171974753 0.007117586967213633
33.25 0.5943324557680697 0.007117423601997045
33.3 0.5942900041630182 0.007117262563233327
33.35 0.5942481536282451 0.007117103817165059
33.40000000000001 0.5942068955373888 0.007116947330537448
33.45 0.5941662213899017 0.007116793070590568
33.5 0.5941261228091793 0.007116641005051718
33.55 0.5940865915407176 0.007116491102127913
33.6 0.5940476194502987 0.00711634333049849
33.65000000000001 0.5940091985222038 0.00711619765930784
33.7 0.5939713208574537 0.007116054058158253
33.75 0.5939339786720759 0.007115912497102879
33.8 0.5938971642953975 0.007115772946638807
33.85 0.5938608701683652 0.007115635377700251
33.90000000000001 0.5938250888418899 0.007115499761651852
33.95 0.5937898129752162 0.007115366070282075
34.0 0.5937550353343178 0.007115234275796732
34.05 0.5937207487903161 0.007115104350812589
34.1 0.5936869463179233 0.007114976268351089
34.15000000000001 0.5936536209939086 0.007114850001832171
34.2 0.5936207659955888 0.007114725525068187
34.25 0.5935883745993399 0.007114602812257915
34.3 0.5935564401791331 0.007114481837980679
34.35 0.5935249562050917 0.007114362577190543
34.40000000000001 0.5934939162420702 0.007114245005210617
34.45 0.5934633139482548 0.007114129097727438
34.5 0.5934331430737854 0.007114014830785456
34.55 0.5934033974593979 0.007113902180781591
34.6 0.5933740710350869 0.007113791124459889
34.65000000000001 0.5933451578187895 0.007113681638906258
34.7 0.5933166519150878 0.007113573701543288
34.75 0.5932885475139316 0.00711346729012515
34.8 0.5932608388893802 0.007113362382732582
34.85 0.5932335203983633 0.007113258957767946
34.90000000000001 0.59320658647946 0.007113156993950374
34.95 0.593180031651697 0.007113056470310979
35.0 0.593153850513364 0.007112957366188144
35.05 0.5931280377408479 0.007112859661222895
35.1 0.5931025880874835 0.007112763335354337
35.15000000000001 0.593077496382422 0.007112668368815155
35.2 0.5930527575295167 0.007112574742127209
35.25 0.5930283665062247 0.007112482436097171
35.3 0.5930043183625261 0.00711239143181225
35.35 0.5929806082198582 0.007112301710635974
35.40000000000001 0.5929572312700669 0.007112213254204041
35.45 0.5929341827743728 0.007112126044420233
35.5 0.5929114580623533 0.007112040063452398
35.55 0.5928890525309403 0.007111955293728487
35.6 0.5928669616434314 0.007111871717932665
35.65000000000001 0.5928451809285183 0.007111789319001464
35.7 0.5928237059793274 0.007111708080120018
35.75 0.5928025324524763 0.007111627984718334
35.8 0.5927816560671434 0.007111549016467647
35.85 0.592761072604152 0.007111471159276795
35.90000000000001 0.5927407779050682 0.007111394397288694
35.95 0.5927207678713114 0.007111318714876832
36.0 0.5927010384632795 0.007111244096641831
36.05 0.5926815856994854 0.007111170527408068
36.1 0.5926624056557077 0.007111097992220334
36.15000000000001 0.5926434944641539 0.007111026476340558
36.2 0.5926248483126354 0.007110955965244575
36.25 0.5926064634437554 0.007110886444618941
36.3 0.5925883361541087 0.007110817900357802
36.35 0.5925704627934932 0.007110750318559816
36.40000000000001 0.592552839764134 0.007110683685525102
36.45 0.5925354635199175 0.007110617987752268
36.5 0.5925183305656384 0.007110553211935451
36.55 0.5925014374562569 0.007110489344961423
36.6 0.592484780796168 0.007110426373906741
36.65000000000001 0.5924683572384797 0.007110364286034928
36.7 0.5924521634843045 0.00711030306879371
36.75 0.5924361962820593 0.007110242709812287
36.8 0.5924204524267771 0.007110183196898656
36.85 0.5924049287594274 0.007110124518036958
36.90000000000001 0.5923896221662485 0.007110066661384878
36.95 0.5923745295780882 0.007110009615271086
37.0 0.5923596479697554 0.007109953368192714
37.05 0.5923449743593799 0.007109897908812856
37.1 0.5923305058077835 0.00710984322595814
37.15000000000001 0.5923162394178585 0.007109789308616304
37.2 0.5923021723339573 0.007109736145933828
37.25 0.5922883017412895 0.007109683727213588
37.3 0.5922746248653286 0.007109632041912567
37.35 0.592261138971227 0.007109581079639571
37.40000000000001 0.5922478413632408 0.007109530830153013
37.45 0.5922347293841619 0.007109481283358697
37.5 0.5922218004147586 0.007109432429307664
37.55 0.5922090518732253 0.007109384258194052
37.6 0.5921964812146393 0.007109336760352998
37.65000000000001 0.5921840859304266 0.007109289926258566
37.7 0.5921718635478347 0.00710924374652171
37.75 0.5921598116294136 0.007109198211888271
37.8 0.5921479277725045 0.007109153313236988
37.85 0.5921362096087358 0.007109109041577563
37.90000000000001 0.5921246548035272 0.007109065388048738
37.95 0.5921132610555996 0.007109022343916404
38.0 0.592102026096494 0.007108979900571742
38.05 0.5920909476900964 0.007108938049529388
38.1 0.59208002363217 0.007108896782425633
38.15000000000001 0.5920692517498943 0.007108856091016642
38.2 0.5920586299014104 0.007108815967176698
38.25 0.5920481559753743 0.007108776402896483
38.3 0.5920378278905155 0.007108737390281377
38.35 0.5920276435952027 0.00710869892154978
38.40000000000001 0.5920176010670156 0.007108660989031471
38.45 0.5920076983123234 0.007108623585165976
38.5 0.5919979333658687 0.00710858670250097
38.55 0.5919883042903588 0.007108550333690706
38.6 0.5919788091760613 0.007108514471494456
38.65000000000001 0.5919694461404074 0.007108479108774988
38.7 0.5919602133275995 0.00710844423849705
38.75 0.5919511089082256 0.0071084098537259
38.8 0.5919421310788787 0.007108375947625827
38.85 0.5919332780617825 0.007108342513458728
38.90000000000001 0.5919245481044216 0.007108309544582676
38.95 0.5919159394791778 0.007108277034450532
39.0 0.5919074504829714 0.007108244976608563
39.05 0.5918990794369087 0.007108213364695085
39.1 0.5918908246859328 0.007108182192439132
39.15000000000001 0.5918826845984813 0.007108151453659133
39.2 0.5918746575661478 0.007108121142261622
39.25 0.5918667420033492 0.007108091252239957
39.3 0.5918589363469974 0.007108061777673058
39.35 0.5918512390561756 0.007108032712724179
39.40000000000001 0.5918436486118203 0.007108004051639673
39.45 0.5918361635164061 0.007107975788747794
39.5 0.5918287822936374 0.007107947918457511
39.55 0.5918215034881431 0.007107920435257348
39.6 0.5918143256651757 0.007107893333714217
39.65000000000001 0.5918072474103154 0.007107866608472298
39.7 0.5918002673291789 0.007107840254251914
39.75 0.5917933840471309 0.007107814265848439
39.8 0.5917865962090013 0.007107788638131205
39.85 0.5917799024788062 0.007107763366042437
39.90000000000001 0.5917733015394722 0.007107738444596201
39.95 0.5917667920925653 0.007107713868877371
40.0 0.5917603728580244 0.007107689634040596
40.05 0.5917540425738971 0.007107665735309308
40.1 0.5917477999960806 0.007107642167974718
40.15000000000001 0.5917416438980663 0.007107618927394847
40.2 0.5917355730706871 0.007107596008993558
40.25 0.5917295863218698 0.007107573408259611
40.3 0.59172368247639 0.007107551120745723
40.35 0.5917178603756309 0.007107529142067655
40.40000000000001 0.591712118877346 0.007107507467903298
40.45 0.5917064568554244 0.007107486093991786
40.5 0.5917008731996604 0.007107465016132601
40.55 0.5916953668155258 0.007107444230184724
40.6 0.5916899366239459 0.007107423732065762
40.65000000000001 0.5916845815610785 0.007107403517751117
40.7 0.5916793005780965 0.007107383583273155
40.75 0.5916740926409727 0.007107363924720379
40.8 0.591668956730269 0.007107344538236627
40.85 0.5916638918409279 0.007107325420020288
40.90000000000001 0.5916588969820669 0.0071073065663235
40.95 0.5916539711767762 0.007107287973451394
41.0 0.5916491134619197 0.007107269637761328
41.05 0.5916443228879378 0.007107251555662134
41.1 0.5916395985186541 0.007107233723613391
41.15000000000001 0.5916349394310845 0.007107216138124687
41.2 0.5916303447152488 0.007107198795754908
41.25 0.5916258134739856 0.007107181693111531
41.3 0.5916213448227691 0.007107164826849926
41.35 0.5916169378895295 0.00710714819367267
41.40000000000001 0.5916125918144755 0.007107131790328876
41.45 0.5916083057499186 0.007107115613613525
41.5 0.591604078860102 0.007107099660366806
41.55 0.5915999103210295 0.007107083927473472
41.6 0.5915957993202985 0.007107068411862205
41.65000000000001 0.5915917450569351 0.007107053110504985
41.7 0.5915877467412313 0.007107038020416473
41.75 0.5915838035945847 0.0071070231386534
41.8 0.5915799148493405 0.007107008462313965
41.85 0.5915760797486357 0.007106993988537249
41.90000000000001 0.5915722975462457 0.00710697971450262
41.95 0.5915685675064334 0.00710696563742917
42.0 0.5915648889037994 0.007106951754575142
42.05 0.5915612610231356 0.007106938063237368
42.1 0.59155768315928 0.007106924560750729
42.15000000000001 0.5915541546169746 0.007106911244487602
42.2 0.591550674710724 0.00710689811185733
42.25 0.5915472427646573 0.0071068851603057
42.3 0.5915438581123911 0.007106872387314411
42.35 0.591540520096895 0.007106859790400575
42.40000000000001 0.5915372280703586 0.007106847367116208
42.45 0.5915339813940611 0.007106835115047729
42.5 0.5915307794382422 0.007106823031815478
42.55 0.5915276215819744 0.007106811115073228
42.6 0.5915245072130387 0.00710679936250771
42.65 0.5915214357278006 0.007106787771838145
42.7 0.5915184065310882 0.007106776340815781
42.75 0.5915154190360727 0.007106765067223442
42.8 0.5915124726641501 0.007106753948875071
42.85 0.591509566844824 0.007106742983615294
42.9 0.5915067010155919 0.007106732169318983
42.95 0.5915038746218308 0.007106721503890826
43.0 0.5915010871166868 0.007106710985264901
43.05 0.5914983379609641 0.007106700611404263
43.1 0.5914956266230169 0.00710669038030053
43.15 0.5914929525786429 0.007106680289973476
43.2 0.5914903153109776 0.007106670338470641
43.25 0.5914877143103906 0.007106660523866919
43.3 0.5914851490743833 0.007106650844264191
43.35 0.5914826191074882 0.007106641297790928
43.4 0.591480123921169 0.007106631882601815
43.45 0.591477663033723 0.007106622596877388
43.5 0.5914752359701845 0.00710661343882366
43.55 0.5914728422622296 0.007106604406671765
43.6 0.5914704814480825 0.007106595498677596
43.65 0.5914681530724222 0.00710658671312146
43.7 0.5914658566862925 0.007106578048307732
43.75 0.5914635918470111 0.007106569502564509
43.8 0.5914613581180821 0.007106561074243283
43.85 0.5914591550691073 0.007106552761718601
43.9 0.5914569822757014 0.007106544563387746
43.95 0.5914548393194066 0.007106536477670406
44.0 0.5914527257876089 0.007106528503008375
44.05 0.5914506412734558 0.007106520637865221
44.1 0.5914485853757752 0.007106512880725986
44.15 0.5914465576989948 0.007106505230096887
44.2 0.5914445578530639 0.007106497684505012
44.25 0.591442585453375 0.007106490242498023
44.3 0.5914406401206872 0.007106482902643872
44.35 0.5914387214810507 0.007106475663530508
44.4 0.5914368291657321 0.0071064685237656
44.45 0.5914349628111414 0.007106461481976256
44.5 0.5914331220587586 0.00710645453680875
44.55 0.5914313065550635 0.007106447686928247
44.6 0.5914295159514643 0.007106440931018546
44.65 0.5914277499042291 0.007106434267781809
44.7 0.5914260080744165 0.0071064276959383
44.75 0.5914242901278092 0.007106421214226144
44.8 0.591422595734847 0.007106414821401058
44.85 0.5914209245705614 0.007106408516236114
44.9 0.5914192763145111 0.007106402297521491
44.95 0.5914176506507181 0.007106396164064237
45.0 0.5914160472676051 0.007106390114688024
45.05 0.5914144658579341 0.007106384148232922
45.1 0.5914129061187446 0.007106378263555166
45.15 0.5914113677512942 0.007106372459526927
45.2 0.5914098504609988 0.007106366735036085
45.25 0.5914083539573746 0.007106361088986018
45.3 0.5914068779539804 0.007106355520295372
45.35 0.5914054221683608 0.007106350027897853
45.4 0.5914039863219901 0.007106344610742017
45.45 0.5914025701402176 0.007106339267791055
45.5 0.5914011733522125 0.007106333998022589
45.55 0.5913997956909113 0.007106328800428478
45.6 0.5913984368929639 0.007106323674014602
45.65 0.5913970966986823 0.007106318617800683
45.7 0.5913957748519889 0.007106313630820075
45.75 0.5913944711003659 0.007106308712119578
45.8 0.5913931851948054 0.007106303860759259
45.85 0.5913919168897603 0.007106299075812248
45.9 0.5913906659430958 0.007106294356364568
45.95 0.5913894321160412 0.00710628970151495
46.0 0.5913882151731438 0.007106285110374658
46.05 0.591387014882221 0.007106280582067302
46.1 0.5913858310143156 0.007106276115728679
46.15 0.5913846633436505 0.007106271710506596
46.2 0.5913835116475835 0.007106267365560701
46.25 0.5913823757065645 0.007106263080062317
46.3 0.5913812553040909 0.007106258853194278
46.35 0.5913801502266662 0.007106254684150772
46.4 0.5913790602637574 0.007106250572137178
46.45 0.5913779852077535 0.007106246516369911
46.5 0.5913769248539248 0.007106242516076266
46.55 0.5913758790003826 0.007106238570494265
46.6 0.5913748474480391 0.007106234678872513
46.65 0.5913738300005692 0.007106230840470041
46.7 0.5913728264643707 0.007106227054556167
46.75 0.5913718366485273 0.007106223320410348
46.8 0.5913708603647704 0.007106219637322041
46.85 0.5913698974274423 0.007106216004590564
46.9 0.5913689476534599 0.007106212421524951
46.95 0.5913680108622787 0.007106208887443827
47.0 0.5913670868758575 0.007106205401675267
47.05 0.5913661755186227 0.007106201963556661
47.1 0.591365276617435 0.007106198572434597
47.15 0.5913643900015546 0.007106195227664715
47.2 0.5913635155026084 0.007106191928611597
47.25 0.591362652954556 0.007106188674648629
47.3 0.5913618021936583 0.007106185465157887
47.35 0.5913609630584448 0.007106182299530013
47.4 0.5913601353896818 0.007106179177164091
47.45 0.591359319030342 0.00710617609746754
47.5 0.5913585138255729 0.007106173059855986
47.55 0.591357719622667 0.007106170063753153
47.6 0.5913569362710318 0.007106167108590753
47.65 0.5913561636221605 0.007106164193808368
47.7 0.5913554015296024 0.007106161318853346
47.75 0.5913546498489353 0.007106158483180691
47.8 0.5913539084377361 0.007106155686252954
47.85 0.5913531771555537 0.007106152927540131
47.9 0.5913524558638815 0.007106150206519558
47.95 0.5913517444261304 0.007106147522675809
48.0 0.5913510427076016 0.007106144875500598
48.05 0.5913503505754611 0.007106142264492671
48.1 0.5913496678987132 0.007106139689157721
48.15 0.5913489945481752 0.00710613714900828
48.2 0.5913483303964521 0.00710613464356363
48.25 0.5913476753179117 0.007106132172349707
48.3 0.5913470291886603 0.00710612973489901
48.35 0.5913463918865187 0.007106127330750508
48.4 0.591345763290998 0.007106124959449553
48.45 0.591345143283276 0.007106122620547784
48.5 0.5913445317461749 0.007106120313603052
48.55 0.5913439285641376 0.007106118038179322
48.6 0.5913433336232058 0.007106115793846597
48.65 0.5913427468109975 0.007106113580180824
48.7 0.591342168016685 0.007106111396763823
48.75 0.591341597130974 0.007106109243183199
48.8 0.5913410340460815 0.007106107119032258
48.85 0.5913404786557156 0.00710610502390994
48.90000000000001 0.5913399308550543 0.00710610295742073
48.95 0.5913393905407257 0.007106100919174585
49.0 0.5913388576107871 0.007106098908786859
49.05 0.5913383319647061 0.007106096925878227
49.1 0.5913378135033402 0.007106094970074608
49.15000000000001 0.5913373021289187 0.007106093041007102
49.2 0.5913367977450222 0.007106091138311907
49.25 0.5913363002565655 0.007106089261630259
49.3 0.5913358095697778 0.007106087410608349
49.35 0.5913353255921856 0.007106085584897272
49.40000000000001 0.5913348482325939 0.00710608378415294
49.45 0.591334377401069 0.007106082008036032
49.5 0.5913339130089211 0.007106080256211917
49.55 0.5913334549686869 0.007106078528350594
49.6 0.5913330031941127 0.007106076824126628
49.65000000000001 0.5913325576001379 0.007106075143219086
49.7 0.5913321181028782 0.007106073485311474
49.75 0.5913316846196097 0.007106071850091678
49.8 0.5913312570687526 0.0071060702372519
49.85 0.5913308353698555 0.007106068646488602
49.90000000000001 0.5913304194435802 0.007106067077502447
49.95 0.5913300092116857 0.007106065529998236
50.0 0.5913296045970133 0.007106064003684858
50.05 0.5913292055234725 0.007106062498275231
50.1 0.5913288119160248 0.007106061013486245
50.15000000000001 0.5913284237006704 0.007106059549038704
50.2 0.5913280408044335 0.007106058104657285
50.25 0.5913276631553479 0.007106056680070466
50.3 0.5913272906824437 0.007106055275010492
50.35 0.5913269233157332 0.00710605388921331
50.40000000000001 0.5913265609861976 0.007106052522418523
50.45 0.5913262036257735 0.007106051174369343
50.5 0.5913258511673397 0.007106049844812536
50.55 0.5913255035447046 0.007106048533498371
50.6 0.591325160692593 0.007106047240180583
50.65000000000001 0.591324822546634 0.007106045964616312
50.7 0.5913244890433482 0.007106044706566068
50.75 0.5913241601201356 0.007106043465793676
50.8 0.5913238357152635 0.007106042242066234
50.85 0.5913235157678548 0.007106041035154071
50.90000000000001 0.5913232002178758 0.007106039844830694
50.95 0.5913228890061252 0.007106038670872753
51.0 0.5913225820742225 0.007106037513059998
51.05 0.5913222793645965 0.007106036371175229
51.1 0.5913219808204744 0.007106035245004259
51.15000000000001 0.5913216863858711 0.007106034134335876
51.2 0.5913213960055783 0.007106033038961797
51.25 0.5913211096251535 0.007106031958676626
51.3 0.5913208271909101 0.007106030893277826
51.35 0.5913205486499066 0.007106029842565665
51.40000000000001 0.5913202739499367 0.007106028806343188
51.45 0.5913200030395194 0.007106027784416175
51.5 0.5913197358678886 0.007106026776593109
51.55 0.5913194723849838 0.007106025782685124
51.6 0.5913192125414404 0.007106024802505992
51.65000000000001 0.5913189562885799 0.007106023835872067
51.7 0.591318703578401 0.00710602288260226
51.75 0.5913184543635702 0.007106021942518
51.8 0.5913182085974127 0.007106021015443204
51.85 0.5913179662339031 0.007106020101204236
51.90000000000001 0.5913177272276573 0.007106019199629883
51.95 0.5913174915339231 0.007106018310551315
52.0 0.5913172591085721 0.007106017433802054
52.05 0.591317029908091 0.007106016569217945
52.1 0.591316803889573 0.007106015716637121
52.15000000000001 0.5913165810107103 0.007106014875899973
52.2 0.5913163612297851 0.00710601404684912
52.25 0.5913161445056625 0.007106013229329381
52.3 0.5913159307977817 0.007106012423187737
52.35 0.5913157200661489 0.007106011628273313
52.40000000000001 0.5913155122713295 0.007106010844437343
52.45 0.5913153073744403 0.007106010071533139
52.5 0.5913151053371423 0.007106009309416067
52.55 0.5913149061216332 0.007106008557943519
52.6 0.5913147096906403 0.007106007816974885
52.65000000000001 0.5913145160074131 0.007106007086371525
52.7 0.5913143250357168 0.007106006365996743
52.75 0.5913141367398245 0.00710600565571576
52.8 0.5913139510845112 0.007106004955395696
52.85 0.5913137680350468 0.007106004264905527
52.90000000000001 0.591313587557189 0.007106003584116079
52.95 0.5913134096171775 0.007106002912899994
53.0 0.5913132341817269 0.007106002251131704
53.05 0.5913130612180207 0.007106001598687411
53.1 0.591312890693705 0.007106000955445063
53.15000000000001 0.5913127225768819 0.007106000321284326
53.2 0.5913125568361041 0.007105999696086569
53.25 0.5913123934403681 0.007105999079734833
53.3 0.5913122323591091 0.007105998472113817
53.35 0.5913120735621945 0.007105997873109849
53.40000000000001 0.5913119170199183 0.007105997282610864
53.45 0.5913117627029955 0.007105996700506387
53.5 0.5913116105825564 0.007105996126687513
53.55 0.5913114606301416 0.00710599556104688
53.6 0.5913113128176957 0.007105995003478654
53.65000000000001 0.5913111671175623 0.007105994453878504
53.7 0.591311023502479 0.007105993912143586
53.75 0.591310881945572 0.007105993378172522
53.8 0.5913107424203506 0.00710599285186538
53.85 0.5913106049007029 0.007105992333123656
53.90000000000001 0.5913104693608898 0.007105991821850253
53.95 0.5913103357755413 0.007105991317949466
54.0 0.5913102041196503 0.007105990821326961
54.05 0.591310074368569 0.007105990331889757
54.1 0.5913099464980036 0.007105989849546211
54.15000000000001 0.5913098204840097 0.007105989374205994
54.2 0.5913096963029879 0.007105988905780082
54.25 0.591309573931679 0.007105988444180735
54.3 0.5913094533471598 0.007105987989321479
54.35 0.5913093345268388 0.00710598754111709
54.40000000000001 0.5913092174484514 0.007105987099483581
54.45 0.5913091020900563 0.007105986664338181
54.5 0.5913089884300308 0.007105986235599323
54.55 0.5913088764470669 0.007105985813186626
54.6 0.5913087661201671 0.007105985397020883
54.65000000000001 0.5913086574286407 0.00710598498702404
54.7 0.5913085503520993 0.007105984583119187
54.75 0.5913084448704533 0.007105984185230538
54.8 0.5913083409639081 0.007105983793283427
54.85 0.5913082386129599 0.007105983407204274
54.90000000000001 0.5913081377983926 0.007105983026920596
54.95 0.5913080385012736 0.007105982652360969
55.0 0.5913079407029501 0.007105982283455033
55.05 0.5913078443850464 0.007105981920133468
55.1 0.5913077495294591 0.007105981562327983
55.15000000000001 0.5913076561183548 0.007105981209971305
55.2 0.591307564134166 0.007105980862997167
55.25 0.5913074735595879 0.007105980521340288
55.3 0.5913073843775751 0.00710598018493637
55.35 0.5913072965713384 0.007105979853722079
55.40000000000001 0.5913072101243415 0.007105979527635036
55.45 0.591307125020298 0.007105979206613804
55.5 0.591307041243168 0.007105978890597877
55.55 0.5913069587771552 0.007105978579527668
55.6 0.591306877606704 0.007105978273344496
55.65000000000001 0.5913067977164961 0.007105977971990578
55.7 0.5913067190914479 0.007105977675409014
55.75 0.5913066417167079 0.00710597738354378
55.8 0.5913065655776529 0.007105977096339715
55.85 0.5913064906598863 0.007105976813742511
55.90000000000001 0.5913064169492344 0.007105976535698702
55.95 0.5913063444317442 0.007105976262155653
56.0 0.591306273093681 0.007105975993061554
56.05 0.5913062029215249 0.007105975728365407
56.1 0.591306133901969 0.007105975468017012
56.15000000000001 0.591306066021916 0.007105975211966964
56.2 0.5913059992684769 0.007105974960166644
56.25 0.5913059336289674 0.007105974712568203
56.3 0.5913058690909059 0.007105974469124557
56.35 0.5913058056420111 0.00710597422978938
56.40000000000001 0.5913057432701995 0.00710597399451709
56.45 0.5913056819635834 0.007105973763262843
56.5 0.5913056217104682 0.007105973535982526
56.55 0.5913055624993505 0.007105973312632745
56.6 0.5913055043189155 0.007105973093170817
56.65000000000001 0.5913054471580351 0.007105972877554766
56.7 0.5913053910057657 0.007105972665743312
56.75 0.5913053358513459 0.007105972457695857
56.8 0.5913052816841948 0.007105972253372492
56.85 0.5913052284939094 0.00710597205273397
56.90000000000001 0.5913051762702632 0.007105971855741719
56.95 0.5913051250032038 0.007105971662357816
57.0 0.591305074682851 0.007105971472544994
57.05 0.5913050252994948 0.007105971286266622
57.1 0.5913049768435941 0.007105971103486712
57.15000000000001 0.5913049293057738 0.007105970924169898
57.2 0.5913048826768242 0.007105970748281439
57.25 0.5913048369476981 0.007105970575787208
57.3 0.5913047921095096 0.007105970406653684
57.35 0.5913047481535324 0.007105970240847954
57.40000000000001 0.5913047050711979 0.007105970078337691
57.45 0.5913046628540936 0.007105969919091163
57.5 0.5913046214939612 0.00710596976307722
57.55 0.5913045809826958 0.007105969610265286
57.6 0.591304541312343 0.007105969460625357
57.65000000000001 0.5913045024750986 0.007105969314127995
57.7 0.5913044644633062 0.007105969170744316
57.75 0.5913044272694563 0.007105969030445997
57.8 0.5913043908861844 0.007105968893205256
57.85 0.5913043553062695 0.007105968758994852
57.90000000000001 0.5913043205226329 0.007105968627788087
57.95 0.5913042865283371 0.007105968499558789
58.0 0.5913042533165837 0.007105968374281312
58.05 0.5913042208807123 0.007105968251930534
58.1 0.5913041892141998 0.007105968132481849
58.15000000000001 0.5913041583106581 0.007105968015911159
58.2 0.5913041281638334 0.007105967902194875
58.25 0.5913040987676049 0.007105967791309906
58.3 0.5913040701159836 0.007105967683233663
58.35 0.5913040422031108 0.007105967577944044
58.40000000000001 0.5913040150232574 0.007105967475419439
58.45 0.591303988570822 0.007105967375638718
58.5 0.5913039628403307 0.007105967278581236
58.55 0.5913039378264354 0.007105967184226813
58.6 0.5913039135239128 0.00710596709255575
58.65000000000001 0.5913038899276631 0.00710596700354881
58.7 0.5913038670327097 0.007105966917187219
58.75 0.5913038448341972 0.007105966833452662
58.8 0.5913038233273911 0.00710596675232728
58.85 0.5913038025076767 0.007105966673793666
58.90000000000001 0.5913037823705578 0.007105966597834859
58.95 0.5913037629116563 0.007105966524434345
59.0 0.5913037441267109 0.007105966453576049
59.05 0.5913037260115761 0.007105966385244333
59.1 0.5913037085622217 0.007105966319423996
59.15000000000001 0.5913036917747316 0.007105966256100265
59.2 0.5913036756453034 0.007105966195258798
59.25 0.5913036601702469 0.007105966136885673
59.3 0.5913036453459842 0.007105966080967395
59.35 0.5913036311690482 0.007105966027490885
59.40000000000001 0.591303617636082 0.007105965976443481
59.45 0.5913036047438384 0.007105965927812934
59.5 0.5913035924891789 0.007105965881587404
59.55 0.5913035808690731 0.007105965837755464
59.6 0.5913035698805984 0.007105965796306083
59.65000000000001 0.5913035595209386 0.007105965757228643
59.7 0.591303549787384 0.007105965720512921
59.75 0.5913035406773299 0.007105965686149092
59.8 0.5913035321882772 0.007105965654127728
59.85 0.5913035243178307 0.007105965624439796
59.90000000000001 0.5913035170636991 0.007105965597076651
59.95 0.5913035104236943 0.007105965572030041
60.0 0.591303504395731 0.007105965549292097
60.05 0.5913034989778257 0.007105965528855341
60.1 0.5913034941680971 0.007105965510712674
60.15000000000001 0.5913034899647648 0.007105965494857381
60.2 0.591303486366149 0.007105965481283125
60.25 0.5913034833706707 0.00710596546998395
60.3 0.5913034809768503 0.007105965460954275
60.35 0.5913034791833077 0.007105965454188895
60.40000000000001 0.5913034779887621 0.007105965449682977
60.45 0.5913034773920314 0.007105965447432062
60.5 0.5913034773920314 0.007105965447432062
