8.1315784 5.192276075914362 0.5416405672053557
8.181578400000001 5.026806879315719 0.4590437621937095
8.2315784 4.873447373676874 0.3937835872915675
8.281578400000001 4.730591542356923 0.3413693378779673
8.3315784 4.596939437432495 0.2986692374092453
8.3815784 4.471423694367898 0.2634464163799499
8.431578400000001 4.353156859978848 0.23406948676307
8.4815784 4.241392841403429 0.2093265474989729
8.531578400000001 4.13549816554982 0.1883024793752679
8.5815784 4.034930198729635 0.1702960880356417
8.6315784 3.939220397377263 0.154762980504678
8.681578400000001 3.84796125681872 0.1412754414773361
8.7315784 3.760796019591678 0.1294937714331999
8.781578400000001 3.677410471353856 0.1191454968057996
8.8315784 3.597526335836906 0.1100100783219806
8.8815784 3.520895908664724 0.1019075188639195
8.931578400000001 3.447297661075215 0.09468977621462461
8.9815784 3.376532610328642 0.08823421961890052
9.031578400000001 3.308421301586649 0.08243859351209268
9.0815784 3.242801281514029 0.07721710505655356
9.1315784 3.179524970354813 0.07249735830354055
9.181578400000001 3.118457859237873 0.06821793230666781
9.2315784 3.059476974712832 0.06432645343446083
9.281578400000001 3.002469564240976 0.0607780501450892
9.331578400000001 2.947331965457329 0.05753410608430258
9.3815784 2.893968629125967 0.05456124760206801
9.431578400000001 2.84229127130569 0.05183051675767412
9.4815784 2.792218134679484 0.04931669206199797
9.531578400000001 2.743673342541797 0.04699772762033182
9.581578400000001 2.6965863317811 0.04485428772271711
9.6315784 2.650891353492071 0.04286935880724928
9.681578400000001 2.60652703171761 0.04102792447627627
9.7315784 2.563435972344478 0.03931669215402357
9.781578400000001 2.521564415426926 0.03772386224173716
9.831578400000001 2.480861925243848 0.03623893240485378
9.8815784 2.441281113249361 0.03485253102947872
9.931578400000001 2.402777389787453 0.03355627499796183
9.9815784 2.36530874103525 0.03234264782026639
10.0315784 2.328835528137579 0.0312048948683949
10.0815784 2.293320305914937 0.03013693303313949
10.1315784 2.258727658881436 0.0291332725849831
10.1815784 2.225024052609867 0.02818894939666632
10.2315784 2.192177698736792 0.02729946599134699
10.2815784 2.160158432118891 0.02646074013119576
10.3315784 2.128937598838697 0.02566905986753597
10.3815784 2.098487953918428 0.02492104414382769
10.4315784 2.068783567738858 0.02421360818372374
10.4815784 2.039799740279604 0.02354393301352487
10.5315784 2.011512922400592 0.02290943856598387
10.5815784 1.983900643474246 0.02230775989405423
10.6315784 1.956941444756089 0.02173672609167436
10.6815784 1.930614817949574 0.0211943415763124
10.7315784 1.904901148480618 0.02067876943663205
10.7815784 1.879781663049502 0.02018831658979567
10.8315784 1.855238381073715 0.01972142052784125
10.8815784 1.831254069675681 0.0192766374622776
10.9315784 1.807812201904952 0.01885263170137819
10.9815784 1.784896917915881 0.01844816611631552
11.0315784 1.762492988849699 0.01806209357084135
11.0815784 1.740585783194613 0.01769334920516333
11.1315784 1.719161235419508 0.01734094347839544
11.1815784 1.698205816696407 0.0170039558858024
11.2315784 1.677706507544257 0.01668152927729705
11.2815784 1.657650772242201 0.01637286471251989
11.3315784 1.638026534874423 0.01607721679553002
11.3815784 1.618822156881128 0.01579388943883319
11.4315784 1.600026416001451 0.01552223201230861
11.4815784 1.581628486504114 0.01526163583768986
11.5315784 1.56361792061076 0.01501153099371065
11.5815784 1.54598463102503 0.01477138340092862
11.6315784 1.528718874487826 0.01454069215866534
11.6815784 1.511811236285885 0.01431898710951102
11.7315784 1.495252615646787 0.0141058266094923
11.7815784 1.479034211959008 0.01390079548433897
11.8315784 1.463147511760586 0.01370350315434856
11.8815784 1.447584276444436 0.01351358191217344
11.9315784 1.432336530632496 0.01333068533947151
11.9815784 1.417396551174571 0.01315448684979547
12.0315784 1.402756856731147 0.0129846783463694
12.0815784 1.388410197902576 0.01282096898453407
12.1315784 1.374349547869811 0.0126630840296513
12.1815784 1.360568093514521 0.01251076380215735
12.2315784 1.347059226988732 0.01236376270225861
12.2815784 1.333816537706336 0.01222184830748082
12.3315784 1.320833804730813 0.01208480053692618
12.3815784 1.308104989535308 0.01195241087666816
12.4315784 1.295624229112913 0.01182448166123129
12.4815784 1.283385829416535 0.01170082540656663
12.5315784 1.27138425910915 0.01158126419035168
12.5815784 1.259614143606571 0.01146562907581864
12.6315784 1.248070259396046 0.01135375957565385
12.6815784 1.236747528615128 0.01124550315281658
12.7315784 1.225641013876296 0.0111407147554009
12.7815784 1.214745913323729 0.01103925638291403
12.8315784 1.204057555909565 0.01094099668156975
12.8815784 1.193571396877741 0.01084581056640006
12.9315784 1.183283013444304 0.01075357886817311
12.9815784 1.173188100663756 0.01066418800327389
13.0315784 1.163282467471683 0.01057752966485628
13.0815784 1.153562032894469 0.01049350053371436
13.1315784 1.144022822417517 0.01041200200744647
13.1815784 1.134660964503868 0.01033293994660102
13.2315784 1.125472687255633 0.01025622443659743
13.2815784 1.116454315211087 0.01018176956431126
13.3315784 1.107602266270696 0.01010949320829979
13.3815784 1.09891304874575 0.01003931684172414
13.4315784 1.090383258523629 0.009971165347096512
13.4815784 1.082009576344091 0.009904966842048363
13.5315784 1.073788765181263 0.00984065251537581
13.5815784 1.065717667726342 0.009778156472674975
13.6315784 1.057793203966277 0.009717415590931056
13.6815784 1.050012368853971 0.009658369381472066
13.7315784 1.04237223006578 0.009600959860741486
13.7815784 1.034869925842329 0.009545131428383816
13.8315784 1.027502662908865 0.009490830752173536
13.8815784 1.020267714471577 0.009438006659351751
13.9315784 1.013162418286511 0.009386610033965662
13.9815784 1.006184174797853 0.009336593719834722
14.0315784 0.99933044534258 0.009287912428793522
14.0815784 0.9925987504185575 0.009240522653885934
14.1315784 0.9859866680133907 0.009194382587207317
14.1815784 0.9794918319914108 0.009149452042112507
14.2315784 0.9731119305363466 0.009105692379526319
14.2815784 0.9668447046473418 0.009063066438111181
14.3315784 0.9606879466860944 0.009021538468062824
14.3815784 0.9546394989730069 0.00898107406832023
14.4315784 0.9486972524303396 0.008941640126990115
14.4815784 0.9428591452704528 0.008903204764799272
14.5315784 0.9371231617273204 0.008865737281400271
14.5815784 0.9314873308295826 0.008829208104367188
14.6315784 0.9259497252134866 0.008793588740728617
14.6815784 0.9205084599741427 0.008758851730894754
14.7315784 0.9151616915535966 0.008724970604844565
14.7815784 0.9099076166642901 0.008691919840447319
14.8315784 0.9047444712465426 0.008659674823800622
14.8815784 0.8996705294587549 0.00862821181147441
14.9315784 0.8946841026990923 0.008597507894557084
14.9815784 0.8897835386574583 0.008567540964406348
15.0315784 0.8849672203966278 0.008538289680013175
15.0815784 0.8802335654614539 0.008509733436892828
15.1315784 0.8755810250151156 0.008481852337422054
15.1815784 0.8710080830014123 0.008454627162546293
15.2315784 0.8665132553321607 0.008428039344785268
15.2815784 0.8620950890987862 0.008402070942469532
15.3315784 0.8577521618072406 0.008376704615144436
15.3815784 0.853483080635416 0.00835192360008164
15.4315784 0.8492864817122591 0.008327711689841798
15.4815784 0.8451610294178213 0.008304053210835141
15.5315784 0.8411054157035177 0.008280933002829834
15.5815784 0.8371183594318899 0.008258336399360683
15.6315784 0.8331986057352049 0.008236249208993515
15.6815784 0.8293449253922417 0.008214657697402962
15.7315784 0.8255561142226517 0.008193548570223778
15.7815784 0.8218309924982955 0.008172908956637939
15.8315784 0.8181684043709879 0.008152726393661902
15.8815784 0.8145672173161053 0.00813298881110028
15.9315784 0.8110263215915273 0.008113684517134019
15.9815784 0.8075446297114106 0.008094802184512903
16.0315784 0.8041210759343067 0.00807633083732375
16.0815784 0.80075461576516 0.008058259838307262
16.1315784 0.7974442254707358 0.008040578876697837
16.1815784 0.7941889016080468 0.00802327795656204
16.2315784 0.7909876605653648 0.008006347385612688
16.2815784 0.7878395381154162 0.007989777764476652
16.3315784 0.7847435889803772 0.007973559976395685
16.3815784 0.7816988864083008 0.00795768517734053
16.4315784 0.7787045217606154 0.007942144786519702
16.4815784 0.775759604110356 0.007926930477265117
16.5315784 0.7728632598507931 0.007912034168277788
16.5815784 0.770014632314144 0.007897448015217554
16.6315784 0.7672128814000577 0.007883164402621592
16.6815784 0.7644571832135769 0.007869175936137313
16.7315784 0.7617467297122928 0.007855475435055827
16.7815784 0.7590807283624164 0.007842055925132931
16.8315784 0.7564584018035002 0.007828910631685145
16.8815784 0.7538789875215559 0.007816032972948958
16.9315784 0.7513417375303176 0.007803416553692024
16.9815784 0.7488459180604139 0.007791055159065519
17.0315784 0.7463908092562179 0.007778942748687474
17.0815784 0.7439757048801521 0.007767073450947316
17.1315784 0.7415999120242321 0.007755441557522324
17.1815784 0.7392627508286438 0.007744041518097155
17.2315784 0.7369635542071498 0.007732867935277991
17.2815784 0.7347016675791341 0.00772191555969324
17.3315784 0.7324764486080962 0.007711179285273154
17.3815784 0.7302872669464117 0.007700654144700971
17.4315784 0.7281335039861865 0.007690335305028628
17.4815784 0.7260145526160342 0.007680218063450359
17.5315784 0.7239298169836109 0.007670297843227786
17.5815784 0.7218787122637503 0.007660570189760425
17.6315784 0.7198606644320453 0.007651030766795784
17.6815784 0.7178751100437264 0.007641675352773488
17.7315784 0.7159214960176941 0.007632499837298112
17.7815784 0.7139992794255641 0.007623500217735671
17.8315784 0.7121079272855928 0.007614672595928855
17.8815784 0.7102469163613495 0.007606013175026431
17.9315784 0.7084157329650109 0.00759751825642229
17.9815784 0.706613872765154 0.007589184236799964
18.0315784 0.7048408405989279 0.007581007605278484
18.0815784 0.7030961502884917 0.00757298494065571
18.1315784 0.7013793244616031 0.007565112908745408
18.1815784 0.6996898943762524 0.007557388259804486
18.2315784 0.6980273997492354 0.007549807826046979
18.2815784 0.6963913885885638 0.007542368519241503
18.3315784 0.6947814170296134 0.007535067328389046
18.3815784 0.6931970491749161 0.007527901317478077
18.4315784 0.6916378569375005 0.007520867623314082
18.4815784 0.6901034198876915 0.007513963453420798
18.5315784 0.6885933251032837 0.007507186084010445
18.5815784 0.6871071670229987 0.007500532858020451
18.6315784 0.6856445473031483 0.007494001183214218
18.6815784 0.6842050746774219 0.007487588530343579
18.7315784 0.6827883648197185 0.007481292431370717
18.7815784 0.6813940402099509 0.007475110477747393
18.8315784 0.680021730002746 0.007469040318749391
18.8815784 0.6786710698989715 0.007463079659864214
18.9315784 0.6773417020200188 0.00745722626123013
18.9815784 0.676033274784775 0.007451477936124716
19.0315784 0.6747454427892194 0.007445832549501147
19.0815784 0.6734778666885789 0.007440288016570559
19.1315784 0.6722302130819824 0.007434842301428828
19.1815784 0.6710021543995538 0.007429493415726245
19.2315784 0.6697933687918836 0.007424239417378544
19.2815784 0.6686035400218242 0.007419078409317876
19.3315784 0.667432357358553 0.007414008538282324
19.3815784 0.6662795154738479 0.00740902799364263
19.4315784 0.6651447143405262 0.007404135006264851
19.4815784 0.6640276591329928 0.007399327847407719
19.5315784 0.6629280601298498 0.007394604827653499
19.5815784 0.6618456326185195 0.00738996429587122
19.6315784 0.6607800968018323 0.007385404638211177
19.6815784 0.6597311777065362 0.007380924277129647
19.7315784 0.6586986050936816 0.007376521670442782
19.7815784 0.6576821133708383 0.00737219531040873
19.8315784 0.6566814415061037 0.007367943722837026
19.8815784 0.6556963329438608 0.007363765466224326
19.9315784 0.6547265355222441 0.007359659130915642
19.9815784 0.6537718013922782 0.007355623338290206
20.0315784 0.6528318869386478 0.007351656739971168
20.0815784 0.6519065527020637 0.007347758017058338
20.1315784 0.6509955633031889 0.007343925879383212
20.1815784 0.6500986873680894 0.007340159064785569
20.2315784 0.6492156974551756 0.007336456338410922
20.2815784 0.6483463699836007 0.007332816492028167
20.3315784 0.6474904851630848 0.007329238343366744
20.3815784 0.6466478269251312 0.007325720735472726
20.4315784 0.6458181828556058 0.007322262536083194
20.4815784 0.6450013441286487 0.007318862637018329
20.5315784 0.6441971054418892 0.00731551995359066
20.5815784 0.6434052649529344 0.007312233424030905
20.6315784 0.6426256242171051 0.007309002008929912
20.6815784 0.6418579881263912 0.007305824690696152
20.7315784 0.6411021648495995 0.007302700473028318
20.7815784 0.6403579657736689 0.007299628380402521
20.8315784 0.6396252054461273 0.007296607457573654
20.8815784 0.6389037015186659 0.007293636769090467
20.9315784 0.6381932746918062 0.007290715398823933
20.9815784 0.6374937486606372 0.007287842449508502
21.0315784 0.6368049500615994 0.007285017042295832
21.0815784 0.6361267084202932 0.007282238316320629
21.1315784 0.6354588561002898 0.007279505428278217
21.1815784 0.634801228252925 0.007276817552013481
21.2315784 0.6341536627680512 0.007274173878120836
21.2815784 0.6335160002257324 0.007271573613554906
21.3315784 0.6328880838488586 0.007269015981251563
21.3815784 0.6322697594566616 0.007266500219759022
21.4315784 0.6316608754191135 0.007264025582878718
21.4815784 0.6310612826121892 0.007261591339315632
21.5315784 0.630470834373975 0.0072591967723378
21.5815784 0.629889386461606 0.007256841179444767
21.6315784 0.629316797009014 0.007254523872044645
21.6815784 0.6287529264854707 0.007252244175139608
21.7315784 0.6281976376549088 0.007250001427019514
21.7815784 0.6276507955360051 0.00724779497896344
21.8315784 0.6271122673630108 0.007245624194948902
21.8815784 0.6265819225473116 0.007243488451368525
21.9315784 0.6260596326397058 0.007241387136753959
21.9815784 0.6255452712933828 0.007239319651506817
22.0315784 0.6250387142275896 0.00723728540763645
22.0815784 0.624539839191971 0.007235283828504354
22.1315784 0.624048525931569 0.007233314348575005
22.1815784 0.6235646561524694 0.007231376413172977
22.2315784 0.623088113488081 0.007229469478246118
22.2815784 0.6226187834660371 0.007227593010134642
22.3315784 0.6221565534757034 0.007225746485345974
22.3815784 0.6217013127362842 0.007223929390335154
22.4315784 0.6212529522655104 0.007222141221290681
22.4815784 0.6208113648489025 0.007220381483925616
22.5315784 0.6203764450095933 0.007218649693273823
22.5815784 0.619948088978701 0.00721694537349118
22.6315784 0.619526194666242 0.007215268057661638
22.6815784 0.6191106616325718 0.007213617287607995
22.7315784 0.6187013910603435 0.007211992613707238
22.7815784 0.6182982857269758 0.007210393594710356
22.8315784 0.6179012499776173 0.007208819797566477
22.8815784 0.6175101896986003 0.007207270797251213
22.9315784 0.617125012291372 0.007205746176599122
22.9815784 0.6167456266468964 0.007204245526140148
23.0315784 0.6163719431205151 0.007202768443939938
23.0815784 0.6160038735072605 0.00720131453544395
23.1315784 0.6156413310176102 0.007199883413325229
23.1815784 0.6152842302536766 0.007198474697335753
23.2315784 0.6149324871858212 0.007197088014161279
23.2815784 0.6145860191296866 0.007195722997279555
23.3315784 0.6142447447236374 0.007194379286821855
23.3815784 0.6139085839066034 0.00719305652943771
23.4315784 0.613577457896315 0.007191754378162772
23.4815784 0.6132512891679267 0.00719047249228973
23.5315784 0.6129300014330176 0.007189210537242174
23.5815784 0.6126135196189648 0.007187968184451373
23.6315784 0.6123017698486808 0.007186745111235846
23.6815784 0.6119946794207085 0.007185541000683682
23.7315784 0.6116921767896667 0.007184355541537528
23.7815784 0.6113941915470407 0.007183188428082183
23.8315784 0.6111006544023093 0.007182039360034718
23.8815784 0.6108114971644042 0.007180908042437072
23.9315784 0.6105266527234939 0.007179794185551048
23.9815784 0.6102460550330866 0.007178697504755668
24.0315784 0.6099696390924458 0.007177617720446795
24.0815784 0.6096973409293138 0.007176554557938995
24.1315784 0.6094290975829355 0.007175507747369572
24.1815784 0.6091648470873785 0.00717447702360471
24.2315784 0.6089045284551435 0.007173462126147698
24.2815784 0.6086480816610593 0.007172462799049135
24.3315784 0.608395447626457 0.007171478790819144
24.3815784 0.6081465682036192 0.007170509854341455
24.4315784 0.6079013861604977 0.007169555746789382
24.4815784 0.6076598451656962 0.007168616229543617
24.5315784 0.6074218897737115 0.007167691068111787
24.5815784 0.6071874654104302 0.00716678003204976
24.6315784 0.606956518358875 0.00716588289488463
24.6815784 0.6067289957451957 0.007164999434039357
24.7315784 0.6065048455249019 0.007164129430759013
24.7815784 0.6062840164693316 0.007163272670038592
24.8315784 0.606066458152352 0.007162428940552374
24.8815784 0.6058521209372885 0.007161598034584753
24.9315784 0.6056409559640764 0.007160779747962552
24.9815784 0.6054329151366333 0.007159973879988742
25.0315784 0.6052279511104466 0.007159180233377569
25.0815784 0.6050260172803725 0.007158398614191024
25.1315784 0.6048270677686437 0.007157628831776649
25.1815784 0.6046310574130799 0.00715687069870663
25.2315784 0.6044379417554999 0.007156124030718157
25.2815784 0.60424767703033 0.007155388646655015
25.3315784 0.6040602201534054 0.007154664368410391
25.3815784 0.603875528710962 0.007153951020870835
25.4315784 0.6036935609488137 0.007153248431861397
25.4815784 0.6035142757617136 0.007152556432091873
25.5315784 0.6033376326828945 0.007151874855104142
25.5815784 0.6031635918737859 0.007151203537220589
25.6315784 0.602992114113904 0.007150542317493572
25.6815784 0.6028231607909128 0.007149891037655898
25.7315784 0.6026566938908519 0.007149249542072315
25.7815784 0.6024926759885282 0.007148617677691977
25.8315784 0.6023310702380699 0.007147995294001855
25.8815784 0.6021718403636379 0.007147382242981097
25.9315784 0.6020149506502939 0.007146778379056279
25.9815784 0.60186036593502 0.00714618355905757
26.0315784 0.60170805159789 0.007145597642175749
26.0815784 0.6015579735533874 0.007145020489920087
26.1315784 0.6014100982418681 0.007144451966077056
26.1815784 0.6012643926211663 0.007143891936669854
26.2315784 0.6011208241583395 0.007143340269918723
26.2815784 0.6009793608215513 0.007142796836202052
26.3315784 0.6008399710720895 0.007142261508018236
26.3815784 0.6007026238565156 0.007141734159948284
26.4315784 0.600567288598946 0.007141214668619148
26.4815784 0.6004339351934608 0.007140702912667773
26.5315784 0.6003025339966378 0.007140198772705845
26.5815784 0.6001730558202109 0.007139702131285202
26.6315784 0.6000454719238493 0.007139212872863939
26.6815784 0.5999197540080567 0.007138730883773151
26.7315784 0.5997958742071869 0.007138256052184309
26.7815784 0.5996738050825755 0.007137788268077271
26.8315784 0.5995535196157838 0.007137327423208903
26.8815784 0.5994349912019552 0.007136873411082295
26.9315784 0.5993181936432798 0.007136426126916559
26.9815784 0.5992031011425669 0.007135985467617214
27.0315784 0.5990896882969234 0.00713555133174711
27.0815784 0.5989779300915353 0.007135123619497925
27.1315784 0.5988678018935515 0.007134702232662179
27.1815784 0.5987592794460677 0.007134287074605787
27.2315784 0.5986523388622093 0.00713387805024112
27.2815784 0.5985469566193101 0.007133475066000577
27.33157840000001 0.5984431095531875 0.007133078029810642
27.3815784 0.5983407748525092 0.007132686851066431
27.4315784 0.5982399300532545 0.007132301440606711
27.4815784 0.598140553033263 0.00713192171068938
27.5315784 0.5980426220068745 0.007131547574967407
27.58157840000001 0.597946115519655 0.007131178948465205
27.6315784 0.5978510124432086 0.007130815747555456
27.6815784 0.5977572919700737 0.007130457889936352
27.7315784 0.5976649336087022 0.007130105294609244
27.7815784 0.5975739171785205 0.00712975788185673
27.83157840000001 0.5974842228050699 0.007129415573221111
27.8815784 0.5973958309152261 0.007129078291483264
27.9315784 0.5973087222324965 0.007128745960641887
27.9815784 0.5972228777723929 0.007128418505893122
28.0315784 0.5971382788378792 0.007128095853610556
28.08157840000001 0.5970549070148927 0.007127777931325575
28.1315784 0.5969727441679382 0.007127464667708077
28.1815784 0.5968917724357522 0.007127155992547534
28.2315784 0.5968119742270375 0.007126851836734388
28.2815784 0.596733332216267 0.007126552132241792
28.33157840000001 0.596655829339554 0.007126256812107669
28.3815784 0.5965794487905894 0.007125965810417096
28.4315784 0.596504174016645 0.007125679062285001
28.4815784 0.596429988714639 0.007125396503839174
28.5315784 0.5963568768272672 0.007125118072203571
28.58157840000001 0.5962848225391939 0.007124843705481918
28.6315784 0.5962138102733056 0.007124573342741615
28.6815784 0.5961438246870232 0.007124306923997908
28.7315784 0.596074850668675 0.007124044390198352
28.7815784 0.5960068733339261 0.007123785683207553
28.83157840000001 0.5959398780222651 0.007123530745792156
28.8815784 0.5958738502935482 0.007123279521606123
28.9315784 0.595808775924597 0.007123031955176257
28.9815784 0.595744640905851 0.007122787991887974
29.0315784 0.5956814314380739 0.007122547577971336
29.08157840000001 0.5956191339291121 0.007122310660487319
29.1315784 0.5955577349907044 0.007122077187314324
29.1815784 0.5954972214353429 0.007121847107134918
29.2315784 0.5954375802731838 0.007121620369422814
29.2815784 0.5953787987090072 0.007121396924430068
29.33157840000001 0.5953208641392249 0.007121176723174501
29.3815784 0.5952637641489363 0.007120959717427339
29.4315784 0.5952074865090303 0.007120745859701062
29.4815784 0.5951520191733336 0.00712053510323747
29.5315784 0.5950973502758038 0.00712032740199595
29.58157840000001 0.5950434681277672 0.007120122710641938
29.6315784 0.5949903612152003 0.007119920984535589
29.6815784 0.5949380181960543 0.007119722179720639
29.7315784 0.5948864278976211 0.007119526252913448
29.7815784 0.5948355793139426 0.007119333161492245
29.83157840000001 0.5947854616032586 0.00711914286348654
29.8815784 0.5947360640854971 0.00711895531756673
29.9315784 0.5946873762398024 0.007118770483033875
29.9815784 0.5946393877021038 0.007118588319809644
30.0315784 0.5945920882627208 0.007118408788426438
30.08157840000001 0.5945454678640076 0.007118231850017677
30.1315784 0.5944995165980334 0.007118057466308255
30.1815784 0.5944542247042996 0.007117885599605142
30.2315784 0.5944095825674935 0.007117716212788167
30.2815784 0.5943655807152758 0.007117549269300929
30.33157840000001 0.5943222098161042 0.00711738473314189
30.3815784 0.5942794606770903 0.007117222568855589
30.4315784 0.5942373242418905 0.007117062741524027
30.4815784 0.5941957915886296 0.007116905216758175
30.5315784 0.5941548539278569 0.007116749960689643
30.58157840000001 0.5941145026005349 0.007116596939962472
30.6315784 0.5940747290760582 0.007116446121725075
30.6815784 0.5940355249503048 0.007116297473622303
30.7315784 0.5939968819437165 0.007116150963787649
30.7815784 0.5939587918994104 0.007116006560835575
30.83157840000001 0.5939212467813189 0.00711586423385397
30.8815784 0.5938842386723594 0.007115723952396742
30.9315784 0.5938477597726319 0.007115585686476508
30.9815784 0.5938118023976452 0.007115449406557427
31.0315784 0.5937763589765706 0.007115315083548149
31.08157840000001 0.593741422050522 0.007115182688794863
31.1315784 0.5937069842708645 0.007115052194074479
31.1815784 0.5936730383975473 0.007114923571587915
31.2315784 0.5936395772974631 0.007114796793953485
31.2815784 0.5936065939428342 0.007114671834200411
31.33157840000001 0.5935740814096219 0.007114548665762429
31.3815784 0.5935420328759613 0.007114427262471508
31.4315784 0.5935104416206209 0.007114307598551663
31.4815784 0.5934793010214849 0.007114189648612877
31.5315784 0.5934486045540599 0.007114073387645114
31.58157840000001 0.5934183457900043 0.007113958791012439
31.6315784 0.5933885183956809 0.007113845834447225
31.6815784 0.5933591161307307 0.007113734494044456
31.7315784 0.5933301328466705 0.00711362474625613
31.7815784 0.5933015624855105 0.007113516567885737
31.83157840000001 0.5932733990783944 0.007113409936082843
31.8815784 0.5932456367442596 0.007113304828337746
31.9315784 0.5932182696885188 0.007113201222476243
31.9815784 0.5931912922017614 0.00711309909665444
32.0315784 0.5931646986584752 0.007112998429353694
32.08157840000001 0.5931384835157875 0.007112899199375597
32.1315784 0.5931126413122257 0.007112801385837064
32.1815784 0.5930871666664975 0.007112704968165488
32.2315784 0.5930620542762886 0.00711260992609398
32.2815784 0.59303729891708 0.007112516239656679
32.33157840000001 0.5930128954409831 0.007112423889184146
32.3815784 0.5929888387755927 0.007112332855298819
32.4315784 0.5929651239228572 0.007112243118910552
32.4815784 0.5929417459579668 0.007112154661212219
32.5315784 0.5929187000282583 0.007112067463675386
32.58157840000001 0.5928959813521372 0.007111981508046069
32.6315784 0.5928735852180148 0.007111896776340526
32.6815784 0.5928515069832643 0.007111813250841157
32.7315784 0.5928297420731896 0.007111730914092434
32.7815784 0.5928082859800127 0.007111649748896911
32.83157840000001 0.5927871342618748 0.007111569738311308
32.8815784 0.5927662825418536 0.007111490865642628
32.9315784 0.5927457265069948 0.007111413114444368
32.9815784 0.5927254619073592 0.007111336468512763
33.0315784 0.5927054845550841 0.007111260911883108
33.08157840000001 0.5926857903234585 0.007111186428826128
33.1315784 0.5926663751460128 0.00711111300384441
33.1815784 0.5926472350156231 0.007111040621668885
33.2315784 0.5926283659836274 0.007110969267255374
33.2815784 0.5926097641589568 0.007110898925781185
33.33157840000001 0.5925914257072794 0.007110829582641757
33.3815784 0.5925733468501569 0.007110761223447368
33.4315784 0.5925555238642147 0.007110693834019884
33.4815784 0.592537953080324 0.00711062740038957
33.5315784 0.5925206308827966 0.007110561908791937
33.58157840000001 0.5925035537085919 0.007110497345664652
33.6315784 0.5924867180465359 0.007110433697644488
33.6815784 0.5924701204365521 0.007110370951564326
33.7315784 0.5924537574689041 0.007110309094450198
33.7815784 0.5924376257834494 0.007110248113518387
33.83157840000001 0.5924217220689049 0.007110187996172555
33.8815784 0.5924060430621233 0.007110128730000935
33.9315784 0.5923905855473807 0.007110070302773554
33.9815784 0.5923753463556741 0.007110012702439503
34.0315784 0.5923603223640312 0.00710995591712425
34.08157840000001 0.5923455104948288 0.007109899935126992
34.1315784 0.5923309077151226 0.007109844744918052
34.1815784 0.5923165110359874 0.007109790335136314
34.2315784 0.5923023175118657 0.007109736694586699
34.2815784 0.5922883242399282 0.007109683812237676
34.33157840000001 0.5922745283594421 0.007109631677218817
34.3815784 0.5922609270511502 0.007109580278818391
34.4315784 0.5922475175366589 0.007109529606480982
34.4815784 0.5922342970778354 0.007109479649805166
34.5315784 0.5922212629762135 0.007109430398541199
34.58157840000001 0.5922084125724097 0.007109381842588763
34.6315784 0.5921957432455469 0.007109333971994731
34.6815784 0.5921832524126867 0.00710928677695097
34.7315784 0.5921709375282713 0.007109240247792191
34.7815784 0.592158796083573 0.007109194374993806
34.83157840000001 0.5921468256061516 0.007109149149169842
34.8815784 0.5921350236593212 0.007109104561070875
34.9315784 0.5921233878416241 0.007109060601582005
34.9815784 0.5921119157863122 0.00710901726172084
35.0315784 0.5921006051608374 0.007108974532635544
35.08157840000001 0.5920894536663491 0.007108932405602885
35.1315784 0.5920784590371987 0.007108890872026334
35.1815784 0.592067619040452 0.007108849923434178
35.2315784 0.5920569314754093 0.007108809551477668
35.2815784 0.5920463941731318 0.007108769747929203
35.33157840000001 0.5920360049959759 0.007108730504680522
35.3815784 0.5920257618371341 0.007108691813740949
35.4315784 0.5920156626201826 0.007108653667235641
35.4815784 0.5920057052986359 0.00710861605740388
35.5315784 0.5919958878555084 0.007108578976597377
35.58157840000001 0.5919862083028813 0.007108542417278614
35.6315784 0.5919766646814781 0.007108506372019212
35.6815784 0.5919672550602442 0.007108470833498301
35.7315784 0.5919579775359339 0.007108435794500949
35.7815784 0.5919488302327042 0.00710840124791659
35.83157840000001 0.5919398113017128 0.007108367186737484
35.8815784 0.5919309189207239 0.007108333604057195
35.9315784 0.5919221512937191 0.007108300493069108
35.9815784 0.5919135066505136 0.007108267847064947
36.0315784 0.5919049832463796 0.007108235659433333
36.08157840000001 0.5918965793616738 0.007108203923658348
36.1315784 0.591888293301471 0.007108172633318141
36.1815784 0.5918801233952032 0.007108141782083535
36.2315784 0.5918720679963047 0.007108111363716661
36.2815784 0.5918641254818607 0.007108081372069624
36.33157840000001 0.5918562942522634 0.007108051801083173
36.3815784 0.5918485727308711 0.007108022644785402
36.4315784 0.5918409593636743 0.007107993897290466
36.4815784 0.591833452618965 0.007107965552797314
36.5315784 0.5918260509870119 0.007107937605588448
36.58157840000001 0.5918187529797405 0.007107910050028695
36.6315784 0.5918115571304176 0.007107882880564
36.6815784 0.5918044619933399 0.007107856091720237
36.7315784 0.5917974661435291 0.007107829678102036
36.7815784 0.5917905681764293 0.007107803634391629
36.83157840000001 0.59178376670761 0.007107777955347712
36.8815784 0.5917770603724739 0.007107752635804333
36.9315784 0.591770447825968 0.007107727670669777
36.9815784 0.5917639277422996 0.007107703054925488
37.0315784 0.5917574988146563 0.007107678783624999
37.08157840000001 0.5917511597549308 0.007107654851892872
37.1315784 0.591744909293448 0.007107631254923664
37.1815784 0.5917387461786987 0.007107607987980907
37.2315784 0.5917326691770747 0.007107585046396092
37.2815784 0.5917266770726098 0.007107562425567687
37.33157840000001 0.5917207686667235 0.007107540120960148
37.3815784 0.5917149427779687 0.007107518128102968
37.4315784 0.5917091982417829 0.007107496442589718
37.4815784 0.5917035339102444 0.007107475060077119
37.5315784 0.59169794865183 0.00710745397628412
37.58157840000001 0.5916924413511778 0.00710743318699099
37.6315784 0.5916870109088533 0.007107412688038425
37.6815784 0.5916816562411182 0.007107392475326667
37.7315784 0.5916763762797034 0.00710737254481464
37.7815784 0.5916711699715849 0.007107352892519095
37.83157840000001 0.5916660362787632 0.007107333514513767
37.8815784 0.5916609741780462 0.007107314406928546
37.9315784 0.5916559826608343 0.007107295565948664
37.9815784 0.5916510607329097 0.007107276987813886
38.0315784 0.5916462074142289 0.007107258668817723
38.08157840000001 0.591641421738717 0.007107240605306645
38.1315784 0.5916367027540664 0.007107222793679316
38.1815784 0.5916320495215376 0.007107205230385836
38.2315784 0.5916274611157631 0.007107187911926994
38.2815784 0.591622936624555 0.007107170834853531
38.33157840000001 0.5916184751487135 0.007107153995765422
38.3815784 0.5916140758018404 0.00710713739131115
38.4315784 0.5916097377101541 0.007107121018187015
38.4815784 0.5916054600123075 0.007107104873136433
38.5315784 0.5916012418592085 0.007107088952949261
38.58157840000001 0.5915970824138435 0.007107073254461114
38.6315784 0.5915929808511031 0.007107057774552715
38.6815784 0.5915889363576107 0.00710704251014923
38.7315784 0.5915849481315533 0.007107027458219634
38.7815784 0.5915810153825147 0.007107012615776074
38.83157840000001 0.5915771373313119 0.007106997979873244
38.8815784 0.5915733132098326 0.007106983547607767
38.9315784 0.5915695422608764 0.007106969316117598
38.9815784 0.5915658237379974 0.007106955282581417
39.0315784 0.5915621569053495 0.007106941444218051
39.08157840000001 0.5915585410375342 0.007106927798285879
39.1315784 0.59155497541945 0.00710691434208228
39.1815784 0.5915514593461441 0.007106901072943053
39.2315784 0.5915479921226671 0.007106887988241876
39.2815784 0.5915445730639287 0.007106875085389748
39.33157840000001 0.5915412014945565 0.00710686236183446
39.3815784 0.5915378767487556 0.007106849815060062
39.4315784 0.5915345981701718 0.007106837442586337
39.4815784 0.5915313651117559 0.00710682524196829
39.5315784 0.5915281769356295 0.007106813210795638
39.58157840000001 0.5915250330129541 0.007106801346692313
39.6315784 0.5915219327238008 0.007106789647315968
39.6815784 0.591518875457023 0.00710677811035749
39.7315784 0.5915158606101296 0.007106766733540522
39.7815784 0.5915128875891621 0.007106755514620997
39.83157840000001 0.591509955808571 0.007106744451386668
39.8815784 0.5915070646910959 0.007106733541656649
39.9315784 0.5915042136676466 0.00710672278328097
39.9815784 0.5915014021771861 0.007106712174140131
40.0315784 0.5914986296666149 0.007106701712144662
40.08157840000001 0.5914958955906578 0.007106691395234691
40.1315784 0.5914931994117515 0.007106681221379524
40.18157840000001 0.5914905405999342 0.007106671188577221
40.2315784 0.591487918632737 0.007106661294854187
40.2815784 0.5914853329950764 0.007106651538264761
40.33157840000001 0.5914827831791489 0.007106641916890819
40.3815784 0.5914802686843268 0.007106632428841381
40.43157840000001 0.5914777890170554 0.007106623072252211
40.4815784 0.5914753436907519 0.00710661384528545
40.5315784 0.5914729322257061 0.007106604746129224
40.58157840000001 0.5914705541489813 0.007106595772997278
40.6315784 0.5914682089943188 0.007106586924128609
40.68157840000001 0.5914658963020415 0.007106578197787103
40.7315784 0.5914636156189601 0.007106569592261179
40.7815784 0.5914613664982805 0.007106561105863439
40.83157840000001 0.5914591484995126 0.007106552736930317
40.8815784 0.5914569611883803 0.007106544483821745
40.93157840000001 0.5914548041367327 0.007106536344920816
40.9815784 0.5914526769224567 0.007106528318633443
41.0315784 0.591450579129391 0.007106520403388052
41.08157840000001 0.591448510347241 0.007106512597635236
41.1315784 0.5914464701714954 0.007106504899847458
41.18157840000001 0.5914444582033436 0.007106497308518731
41.2315784 0.5914424740495944 0.007106489822164309
41.2815784 0.5914405173225958 0.007106482439320383
41.33157840000001 0.5914385876401568 0.00710647515854379
41.3815784 0.5914366846254684 0.007106467978411708
41.43157840000001 0.5914348079070281 0.007106460897521372
41.4815784 0.5914329571185636 0.007106453914489783
41.5315784 0.5914311318989586 0.007106447027953436
41.58157840000001 0.5914293318921793 0.007106440236568029
41.6315784 0.5914275567472025 0.007106433539008197
41.68157840000001 0.5914258061179436 0.007106426933967243
41.7315784 0.591424079663187 0.007106420420156865
41.7815784 0.5914223770465163 0.007106413996306904
41.83157840000001 0.5914206979362466 0.007106407661165074
41.8815784 0.5914190420053568 0.007106401413496719
41.93157840000001 0.5914174089314234 0.007106395252084552
41.9815784 0.5914157983965553 0.007106389175728414
42.0315784 0.5914142100873296 0.007106383183245028
42.08157840000001 0.5914126436947275 0.007106377273467762
42.1315784 0.5914110989140721 0.007106371445246383
42.18157840000001 0.591409575444967 0.007106365697446837
42.2315784 0.5914080729912351 0.007106360028951007
42.2815784 0.591406591260859 0.007106354438656495
42.33157840000001 0.5914051299659219 0.007106348925476393
42.3815784 0.5914036888225492 0.007106343488339067
42.43157840000001 0.5914022675508516 0.007106338126187936
42.4815784 0.5914008658748678 0.007106332837981261
42.5315784 0.59139948352251 0.007106327622691932
42.58157840000001 0.5913981202255079 0.007106322479307266
42.6315784 0.5913967757193549 0.007106317406828791
42.68157840000001 0.5913954497432551 0.00710631240427206
42.7315784 0.5913941420400702 0.007106307470666436
42.7815784 0.5913928523562683 0.007106302605054905
42.83157840000001 0.591391580441872 0.007106297806493883
42.8815784 0.591390326050409 0.007106293074053024
42.93157840000001 0.5913890889388616 0.007106288406815028
42.9815784 0.5913878688676185 0.007106283803875468
43.0315784 0.5913866656004261 0.007106279264342588
43.08157840000001 0.5913854789043412 0.007106274787337145
43.1315784 0.5913843085496844 0.00710627037199222
43.18157840000001 0.5913831543099931 0.007106266017453041
43.2315784 0.591382015961977 0.007106261722876819
43.2815784 0.5913808932854729 0.007106257487432576
43.33157840000001 0.5913797860634002 0.007106253310300972
43.3815784 0.5913786940817176 0.00710624919067415
43.43157840000001 0.5913776171293802 0.007106245127755565
43.4815784 0.5913765549982969 0.007106241120759828
43.5315784 0.5913755074832889 0.007106237168912551
43.58157840000001 0.5913744743820486 0.007106233271450182
43.6315784 0.5913734554950988 0.007106229427619863
43.68157840000001 0.5913724506257531 0.007106225636679272
43.7315784 0.591371459580076 0.007106221897896475
43.7815784 0.5913704821668448 0.007106218210549783
43.83157840000001 0.5913695181975107 0.007106214573927603
43.8815784 0.5913685674861612 0.007106210987328295
43.93157840000001 0.591367629849483 0.007106207450060037
43.9815784 0.5913667051067256 0.007106203961440681
44.0315784 0.5913657930796647 0.007106200520797616
44.08157840000001 0.5913648935925669 0.00710619712746764
44.1315784 0.5913640064721546 0.007106193780796822
44.18157840000001 0.591363131547571 0.00710619048014037
44.2315784 0.5913622686503466 0.007106187224862505
44.2815784 0.591361417614365 0.007106184014336337
44.33157840000001 0.5913605782758303 0.007106180847943729
44.3815784 0.591359750473234 0.007106177725075188
44.43157840000001 0.5913589340473229 0.007106174645129732
44.4815784 0.5913581288410676 0.007106171607514773
44.5315784 0.5913573346996309 0.007106168611646003
44.58157840000001 0.5913565514703372 0.007106165656947273
44.6315784 0.5913557790026416 0.007106162742850477
44.68157840000001 0.5913550171481007 0.007106159868795445
44.7315784 0.5913542657603426 0.007106157034229823
44.7815784 0.5913535246950375 0.007106154238608973
44.83157840000001 0.5913527938098699 0.007106151481395854
44.8815784 0.5913520729645093 0.007106148762060921
44.93157840000001 0.5913513620205828 0.007106146080082021
44.9815784 0.5913506608416476 0.007106143434944285
45.0315784 0.5913499692931636 0.007106140826140027
45.08157840000001 0.5913492872424674 0.007106138253168645
45.1315784 0.591348614558745 0.00710613571553652
45.18157840000001 0.5913479511130066 0.007106133212756914
45.2315784 0.5913472967780605 0.007106130744349884
45.2815784 0.5913466514284882 0.007106128309842174
45.33157840000001 0.5913460149406191 0.007106125908767127
45.3815784 0.5913453871925067 0.007106123540664597
45.43157840000001 0.5913447680639039 0.007106121205080848
45.4815784 0.591344157436239 0.007106118901568473
45.5315784 0.591343555192593 0.0071061166296863
45.58157840000001 0.5913429612176754 0.007106114388999303
45.6315784 0.5913423753978023 0.007106112179078523
45.68157840000001 0.5913417976208735 0.007106109999500976
45.7315784 0.59134122777635 0.007106107849849572
45.7815784 0.5913406657552329 0.007106105729713035
45.83157840000001 0.5913401114500412 0.007106103638685813
45.8815784 0.5913395647547907 0.007106101576368011
45.93157840000001 0.5913390255649732 0.007106099542365298
45.9815784 0.5913384937775359 0.00710609753628884
46.0315784 0.5913379692908607 0.007106095557755219
46.08157840000001 0.5913374520047446 0.007106093606386353
46.1315784 0.5913369418203795 0.007106091681809428
46.18157840000001 0.591336438640333 0.007106089783656821
46.2315784 0.5913359423685288 0.00710608791156603
46.2815784 0.5913354529102283 0.007106086065179595
46.33157840000001 0.5913349701720112 0.00710608424414504
46.3815784 0.591334494061758 0.007106082448114791
46.43157840000001 0.5913340244886309 0.007106080676746114
46.4815784 0.5913335613630567 0.007106078929701047
46.53157840000001 0.5913331045967085 0.007106077206646333
46.58157840000001 0.5913326541024888 0.007106075507253353
46.6315784 0.5913322097945121 0.007106073831198063
46.68157840000001 0.5913317715880878 0.007106072178160928
46.7315784 0.5913313393997042 0.00710607054782686
46.78157840000001 0.5913309131470114 0.007106068939885159
46.83157840000001 0.5913304927488053 0.007106067354029449
46.8815784 0.5913300781250118 0.007106065789957614
46.93157840000001 0.5913296691966711 0.007106064247371746
46.9815784 0.5913292658859216 0.007106062725978083
47.03157840000001 0.5913288681159855 0.007106061225486949
47.08157840000001 0.5913284758111529 0.007106059745612701
47.1315784 0.5913280888967676 0.007106058286073671
47.18157840000001 0.5913277072992117 0.00710605684659211
47.2315784 0.591327330945892 0.007106055426894136
47.28157840000001 0.591326959765225 0.007106054026709673
47.33157840000001 0.5913265936866237 0.007106052645772415
47.3815784 0.5913262326404826 0.007106051283819748
47.43157840000001 0.591325876558165 0.007106049940592721
47.4815784 0.5913255253719895 0.007106048615835987
47.53157840000001 0.591325179015216 0.00710604730929775
47.58157840000001 0.5913248374220336 0.007106046020729721
47.6315784 0.5913245005275467 0.007106044749887064
47.68157840000001 0.5913241682677631 0.007106043496528353
47.7315784 0.5913238405795812 0.00710604226041552
47.78157840000001 0.5913235174007776 0.007106041041313814
47.83157840000001 0.5913231986699948 0.007106039838991751
47.8815784 0.5913228843267294 0.007106038653221066
47.93157840000001 0.5913225743113204 0.00710603748377668
47.9815784 0.5913222685649371 0.007106036330436639
48.03157840000001 0.5913219670295679 0.007106035192982087
48.08157840000001 0.5913216696480089 0.007106034071197209
48.1315784 0.5913213763638531 0.007106032964869198
48.18157840000001 0.5913210871214784 0.007106031873788215
48.2315784 0.5913208018660375 0.007106030797747339
48.28157840000001 0.5913205205434473 0.007106029736542532
48.33157840000001 0.591320243100378 0.0071060286899726
48.3815784 0.5913199694842425 0.007106027657839154
48.43157840000001 0.5913196996431865 0.007106026639946564
48.4815784 0.5913194335260785 0.007106025636101933
48.53157840000001 0.5913191710824993 0.007106024646115048
48.58157840000001 0.5913189122627327 0.007106023669798349
48.6315784 0.5913186570177554 0.007106022706966892
48.68157840000001 0.5913184052992279 0.007106021757438312
48.7315784 0.5913181570594843 0.007106020821032787
48.78157840000001 0.5913179122515242 0.007106019897573002
48.83157840000001 0.5913176708290021 0.007106018986884116
48.8815784 0.5913174327462197 0.007106018088793732
48.93157840000001 0.5913171979581163 0.007106017203131854
48.9815784 0.5913169664202601 0.007106016329730862
49.03157840000001 0.5913167380888394 0.007106015468425475
49.08157840000001 0.5913165129206547 0.00710601461905272
49.1315784 0.5913162908731096 0.007106013781451903
49.18157840000001 0.5913160719042027 0.00710601295546457
49.2315784 0.5913158559725198 0.00710601214093449
49.28157840000001 0.5913156430372254 0.007106011337707607
49.33157840000001 0.591315433058055 0.007106010545632025
49.3815784 0.5913152259953072 0.007106009764557969
49.43157840000001 0.5913150218098358 0.007106008994337764
49.4815784 0.5913148204630426 0.007106008234825795
49.53157840000001 0.5913146219168697 0.00710600748587849
49.58157840000001 0.5913144261337919 0.007106006747354289
49.6315784 0.5913142330768097 0.007106006019113612
49.68157840000001 0.5913140427094421 0.007106005301018833
49.7315784 0.5913138549957192 0.00710600459293426
49.78157840000001 0.5913136699001756 0.0071060038947261
49.83157840000001 0.5913134873878435 0.007106003206262441
49.8815784 0.5913133074242455 0.007106002527413217
49.93157840000001 0.5913131299753883 0.007106001858050191
49.9815784 0.5913129550077562 0.007106001198046928
50.03157840000001 0.591312782488304 0.007106000547278768
50.08157840000001 0.5913126123844514 0.007105999905622804
50.1315784 0.5913124446640761 0.007105999272957856
50.18157840000001 0.5913122792955076 0.007105998649164452
50.2315784 0.5913121162475214 0.0071059980341248
50.28157840000001 0.5913119554893328 0.007105997427722766
50.33157840000001 0.5913117969905907 0.007105996829843857
50.3815784 0.5913116407213719 0.007105996240375189
50.43157840000001 0.5913114866521756 0.007105995659205474
50.4815784 0.5913113347539172 0.007105995086224993
50.53157840000001 0.5913111849979227 0.007105994521325578
50.58157840000001 0.5913110373559237 0.007105993964400589
50.6315784 0.5913108918000515 0.007105993415344895
50.68157840000001 0.5913107483028313 0.007105992874054853
50.7315784 0.5913106068371777 0.007105992340428286
50.78157840000001 0.5913104673763891 0.007105991814364465
50.83157840000001 0.5913103298941425 0.007105991295764091
50.8815784 0.5913101943644881 0.007105990784529273
50.93157840000001 0.591310060761845 0.00710599028056351
50.9815784 0.5913099290609958 0.007105989783771674
51.03157840000001 0.5913097992370816 0.00710598929405999
51.08157840000001 0.5913096712655975 0.007105988811336015
51.1315784 0.5913095451223878 0.007105988335508627
51.18157840000001 0.591309420783641 0.007105987866488002
51.2315784 0.5913092982258857 0.007105987404185596
51.28157840000001 0.5913091774259858 0.007105986948514134
51.33157840000001 0.5913090583611358 0.007105986499387588
51.3815784 0.5913089410088569 0.007105986056721156
51.43157840000001 0.5913088253469923 0.007105985620431262
51.4815784 0.5913087113537029 0.007105985190435518
51.53157840000001 0.5913085990074635 0.007105984766652726
51.58157840000001 0.5913084882870578 0.00710598434900285
51.6315784 0.5913083791715754 0.007105983937407013
51.68157840000001 0.5913082716404068 0.007105983531787468
51.7315784 0.5913081656732398 0.007105983132067589
51.78157840000001 0.591308061250056 0.007105982738171866
51.83157840000001 0.5913079583511259 0.007105982350025871
51.8815784 0.5913078569570061 0.007105981967556256
51.93157840000001 0.5913077570485349 0.007105981590690743
51.9815784 0.591307658606829 0.007105981219358095
52.03157840000001 0.5913075616132796 0.007105980853488116
52.08157840000001 0.5913074660495488 0.00710598049301163
52.1315784 0.5913073718975664 0.007105980137860471
52.18157840000001 0.591307279139526 0.007105979787967469
52.2315784 0.5913071877578815 0.007105979443266436
52.28157840000001 0.5913070977353443 0.007105979103692155
52.33157840000001 0.5913070090548792 0.007105978769180364
52.3815784 0.5913069216997019 0.007105978439667749
52.43157840000001 0.5913068356532749 0.007105978115091926
52.4815784 0.5913067508993051 0.007105977795391434
52.53157840000001 0.5913066674217399 0.007105977480505719
52.58157840000001 0.5913065852047649 0.007105977170375124
52.6315784 0.5913065042328001 0.007105976864940877
52.68157840000001 0.5913064244904975 0.007105976564145085
52.7315784 0.5913063459627376 0.00710597626793071
52.78157840000001 0.5913062686346269 0.007105975976241572
52.83157840000001 0.5913061924914946 0.007105975689022328
52.8815784 0.5913061175188904 0.00710597540621847
52.93157840000001 0.5913060437025809 0.007105975127776306
52.9815784 0.5913059710285474 0.007105974853642953
53.03157840000001 0.5913058994829833 0.007105974583766331
53.08157840000001 0.5913058290522907 0.007105974318095145
53.1315784 0.5913057597230785 0.007105974056578881
53.18157840000001 0.5913056914821596 0.007105973799167795
53.2315784 0.5913056243165481 0.0071059735458129
53.28157840000001 0.591305558213457 0.007105973296465961
53.33157840000001 0.5913054931602957 0.007105973051079484
53.3815784 0.5913054291446677 0.007105972809606708
53.43157840000001 0.5913053661543678 0.007105972572001591
53.4815784 0.5913053041773803 0.007105972338218807
53.53157840000001 0.5913052432018759 0.007105972108213735
53.58157840000001 0.5913051832162104 0.00710597188194245
53.6315784 0.5913051242089213 0.007105971659361712
53.68157840000001 0.5913050661687266 0.007105971440428965
53.7315784 0.5913050090845219 0.00710597122510232
53.78157840000001 0.5913049529453787 0.007105971013340553
53.83157840000001 0.591304897740542 0.007105970805103093
53.8815784 0.5913048434594284 0.007105970600350019
53.93157840000001 0.5913047900916237 0.007105970399042046
53.9815784 0.5913047376268815 0.007105970201140521
54.03157840000001 0.5913046860551204 0.007105970006607419
54.08157840000001 0.5913046353664226 0.007105969815405324
54.1315784 0.5913045855510319 0.007105969627497437
54.18157840000001 0.5913045365993516 0.007105969442847556
54.2315784 0.5913044885019427 0.007105969261420075
54.28157840000001 0.5913044412495224 0.007105969083179979
54.33157840000001 0.5913043948329616 0.007105968908092829
54.3815784 0.5913043492432837 0.007105968736124766
54.43157840000001 0.5913043044716626 0.007105968567242497
54.4815784 0.591304260509421 0.007105968401413287
54.53157840000001 0.5913042173480287 0.007105968238604962
54.58157840000001 0.5913041749791011 0.007105968078785891
54.6315784 0.5913041333943972 0.007105967921924989
54.68157840000001 0.5913040925858183 0.007105967767991704
54.7315784 0.5913040525454062 0.007105967616956019
54.78157840000001 0.5913040132653417 0.007105967468788439
54.83157840000001 0.591303974737943 0.007105967323459986
54.8815784 0.5913039369556647 0.007105967180942196
54.93157840000001 0.5913038999110953 0.007105967041207115
54.9815784 0.5913038635969567 0.007105966904227285
55.03157840000001 0.5913038280061024 0.007105966769975751
55.08157840000001 0.5913037931315158 0.007105966638426045
55.1315784 0.5913037589663093 0.007105966509552185
55.18157840000001 0.5913037255037225 0.007105966383328669
55.2315784 0.5913036927371211 0.007105966259730474
55.28157840000001 0.5913036606599961 0.007105966138733045
55.33157840000001 0.591303629265961 0.007105966020312293
55.3815784 0.5913035985487521 0.007105965904444587
55.43157840000001 0.5913035685022267 0.007105965791106759
55.4815784 0.5913035391203615 0.007105965680276087
55.53157840000001 0.5913035103972517 0.007105965571930297
55.58157840000001 0.5913034823271099 0.007105965466047559
55.6315784 0.5913034549042651 0.00710596536260648
55.68157840000001 0.5913034281231608 0.007105965261586101
55.7315784 0.591303401978355 0.007105965162965893
55.78157840000001 0.5913033764645178 0.007105965066725751
55.83157840000001 0.5913033515764315 0.007105964972845996
55.8815784 0.591303327308989 0.00710596488130736
55.93157840000001 0.5913033036571926 0.00710596479209099
55.9815784 0.5913032806161536 0.007105964705178449
56.03157840000001 0.5913032581810903 0.007105964620551697
56.08157840000001 0.5913032363473282 0.007105964538193102
56.1315784 0.591303215110298 0.007105964458085429
56.18157840000001 0.5913031944655357 0.007105964380211837
56.2315784 0.5913031744086805 0.007105964304555877
56.28157840000001 0.5913031549354749 0.007105964231101491
56.33157840000001 0.5913031360417633 0.007105964159833002
56.3815784 0.5913031177234912 0.007105964090735117
56.43157840000001 0.5913030999767045 0.007105964023792917
56.4815784 0.5913030827975485 0.007105963958991867
56.53157840000001 0.5913030661822672 0.007105963896317795
56.58157840000001 0.5913030501272025 0.007105963835756903
56.6315784 0.5913030346287934 0.007105963777295759
56.68157840000001 0.5913030196835753 0.007105963720921295
56.7315784 0.5913030052881794 0.007105963666620801
56.78157840000001 0.5913029914393312 0.007105963614381927
56.83157840000001 0.5913029781338508 0.007105963564192678
56.8815784 0.5913029653686518 0.007105963516041411
56.93157840000001 0.5913029531407406 0.007105963469916834
56.9815784 0.5913029414472155 0.007105963425808002
57.03157840000001 0.5913029302852667 0.007105963383704316
57.08157840000001 0.5913029196521752 0.007105963343595518
57.1315784 0.5913029095453121 0.007105963305471693
57.18157840000001 0.5913028999621383 0.007105963269323263
57.2315784 0.5913028909002038 0.007105963235140986
57.28157840000001 0.5913028823571473 0.007105963202915956
57.33157840000001 0.5913028743306956 0.007105963172639596
57.3815784 0.5913028668186626 0.007105963144303663
57.43157840000001 0.5913028598189495 0.007105963117900237
57.4815784 0.5913028533295439 0.007105963093421729
57.53157840000001 0.5913028473485193 0.00710596307086087
57.58157840000001 0.591302841874035 0.007105963050210719
57.6315784 0.5913028369043353 0.007105963031464652
57.68157840000001 0.5913028324377488 0.007105963014616364
57.7315784 0.5913028284726888 0.00710596299965987
57.78157840000001 0.591302825007652 0.007105962986589501
57.83157840000001 0.5913028220412188 0.0071059629753999
57.8815784 0.5913028195720526 0.007105962966086028
57.93157840000001 0.5913028175988992 0.007105962958643151
57.9815784 0.5913028161205872 0.00710596295306685
58.03157840000001 0.5913028151360267 0.007105962949353017
58.08157840000001 0.5913028146442098 0.007105962947497848
58.1315784 0.5913028146442098 0.007105962947497848
