9.184210800000001 5.206111363642271 0.5491859361036666
9.234210800000001 5.041877161842261 0.4660134763760105
9.2842108 4.889673191969961 0.4002244196004735
9.334210800000001 4.74790063875644 0.3473286473822029
9.3842108 4.615265358239963 0.3041919736223211
9.434210800000001 4.490704792328212 0.2685739109312609
9.484210800000001 4.373335563022956 0.2388391182130421
9.5342108 4.262415103223426 0.2137718236540994
9.584210800000001 4.157313043194102 0.1924533066192694
9.6342108 4.057489520768382 0.1741791107660566
9.684210800000001 3.962478497875734 0.1584019322003132
9.734210800000001 3.871874757969541 0.1446914793558573
9.7842108 3.785323650921931 0.1327057825560776
9.834210800000001 3.70251291685563 0.1221703717161371
9.8842108 3.623166102736712 0.1128629524403164
9.934210800000001 3.547037213204413 0.1046019838197743
9.984210800000001 3.473906327853998 0.09723806408152312
10.0342108 3.403575982602694 0.09064736320439749
10.0842108 3.335868160539475 0.08472656573548557
10.1342108 3.270621772964966 0.07938894019037369
10.1842108 3.207690537711003 0.07456125754895207
10.2342108 3.14694118174903 0.07018135586351937
10.2842108 3.088251910280751 0.06619620093641397
10.3342108 3.031511096183112 0.06256033106862105
10.3842108 2.976616152737477 0.05923460151019391
10.4342108 2.923472559653509 0.0561851645084408
10.4842108 2.871993017974172 0.05338263585226156
10.5342108 2.822096713870009 0.05080141001499257
10.5842108 2.773708674860247 0.04841909443463663
10.6342108 2.726759204833062 0.04621603987266545
10.6842108 2.681183386527498 0.04417494868709828
10.7342108 2.636920642000057 0.0422805466235934
10.7842108 2.593914343118504 0.0405193066483765
10.8342108 2.552111465372617 0.0388792156240777
10.8842108 2.511462279320223 0.03734957641613971
10.9342108 2.471920074839077 0.03592083942712502
10.9842108 2.433440914064225 0.03458445867457845
11.0342108 2.395983409483007 0.03333276841992316
11.0842108 2.359508524156852 0.03215887707059498
11.1342108 2.323979391457578 0.03105657565314871
11.1842108 2.289361152059572 0.03002025862061762
11.2342108 2.255620806229208 0.02904485513563948
11.2842108 2.222727079708094 0.02812576927943969
11.3342108 2.190650301704625 0.02725882788952628
11.3842108 2.159362293694879 0.0264402349367975
11.4342108 2.128836267894148 0.02566653152430745
11.4842108 2.099046734398359 0.02493456073202635
11.5342108 2.069969416113886 0.02424143665003112
11.5842108 2.041581170697418 0.02358451704104585
11.6342108 2.013859918817184 0.02296137915564282
11.6842108 1.986784578124824 0.02236979829255321
11.7342108 1.960335002395219 0.02180772875472949
11.7842108 1.934491925351107 0.02127328690092164
11.8342108 1.909236908741444 0.02076473603410672
11.8842108 1.88455229428826 0.02028047290340023
11.9342108 1.860421159157085 0.0198190156261056
11.9842108 1.836827274641538 0.01937899286217612
12.0342108 1.813755067784109 0.01895913409527061
12.0842108 1.791189585682955 0.01855826089336396
12.1342108 1.769116462259211 0.01817527903800883
12.1842108 1.747521887281216 0.01780917142523882
12.2342108 1.726392577461594 0.01745899165309387
12.2842108 1.705715749460483 0.01712385822111775
12.3342108 1.68547909464378 0.01680294927616308
12.3842108 1.665670755459154 0.01649549784664112
12.4342108 1.646279303305007 0.01620078751414131
12.4842108 1.627293717778782 0.01591814847726148
12.5342108 1.608703367201009 0.01564695396765503
12.5842108 1.590497990320546 0.01538661698282096
12.6342108 1.572667679114604 0.01513658730412143
12.6842108 1.555202862604484 0.01489634877198802
12.7342108 1.538094291614608 0.01466541679333292
12.7842108 1.521333024408421 0.01444333605887269
12.8342108 1.50491041314019 0.01422967845044535
12.8842108 1.488818091066645 0.01402404112049822
12.9342108 1.473047960466929 0.01382604472777853
12.9842108 1.45759218122334 0.01363533181490186
13.0342108 1.442443160019116 0.01345156531493149
13.0842108 1.427593540112851 0.01327442717539661
13.1342108 1.413036191652243 0.01310361708932975
13.1842108 1.398764202492672 0.01293885132393009
13.2342108 1.384770869488689 0.01277986163837476
13.2842108 1.371049690228849 0.01262639428311808
13.3342108 1.357594355186494 0.01247820907374955
13.3842108 1.34439874026104 0.01233507853313628
13.4342108 1.331456899686175 0.0121967870961619
13.4842108 1.318763059283015 0.01206313037190093
13.5342108 1.306311610037817 0.01193391445854016
13.5842108 1.294097101985255 0.01180895530678448
13.6342108 1.282114238379554 0.01168807812786725
13.6842108 1.270357870137003 0.01157111684263087
13.7342108 1.258822990534453 0.01145791356845446
13.7842108 1.247504730149426 0.01134831814108728
13.8342108 1.236398352028431 0.0112421876687005
13.8842108 1.22549924707093 0.0111393861157005
13.9342108 1.214802929617213 0.01103978391405522
13.9842108 1.204305033229206 0.01094325760007433
14.0342108 1.194001306653906 0.01084968947475545
14.0842108 1.183887609959806 0.01075896728596479
14.1342108 1.173959910837251 0.01067098393086204
14.1842108 1.164214281054237 0.01058563717710861
14.2342108 1.154646893059675 0.01050282940151569
14.2842108 1.14525401672662 0.01042246734489559
14.3342108 1.136032016228435 0.01034446188197785
14.3842108 1.126977347041231 0.01026872780534035
14.4342108 1.118086553066377 0.01019518362238779
14.4842108 1.109356263867172 0.0101237513644838
14.5342108 1.100783192014157 0.01005435640741179
14.5842108 1.092364130533852 0.009986927302401687
14.6342108 1.084095950455964 0.009921395617017303
14.6842108 1.075975598454447 0.009857695785251464
14.7342108 1.068000094578009 0.009795764966224366
14.7842108 1.060166530065912 0.009735542910924868
14.8342108 1.05247206524516 0.009676971836475248
14.8842108 1.044913927505352 0.00961999630743735
14.9342108 1.037489409347697 0.009564563123712613
14.9842108 1.030195866504872 0.00951062121462018
15.0342108 1.023030716128572 0.009458121538766667
15.0842108 1.015991435041774 0.009407016989348104
15.1342108 1.009075558052891 0.00935726230454951
15.1842108 1.002280676329128 0.009308813982730674
15.2342108 0.9956044358265164 0.009261630202107844
15.2842108 0.9890445357741888 0.009215670744660868
15.3342108 0.9825987272106227 0.009170896924013376
15.3842108 0.9762648115696672 0.009127271517050603
15.4342108 0.9700406393142855 0.00908475869905491
15.4842108 0.9639241086160464 0.009043323982153654
15.5342108 0.9579131640784936 0.009002934156887396
15.5842108 0.9520057955026132 0.008963557236718944
15.6342108 0.9462000366927041 0.008925162405315221
15.6842108 0.9404939643010382 0.008887719966444749
15.7342108 0.9348856967097722 0.008851201296343496
15.7842108 0.9293733929486481 0.008815578798411088
15.8342108 0.9239552516470834 0.00878082586010805
15.8842108 0.91862951001932 0.008746916811932775
15.9342108 0.9133944428813628 0.008713826888364411
15.9842108 0.908248361698492 0.008681532190664767
16.0342108 0.9031896136621942 0.008650009651438959
16.0842108 0.8982165807954062 0.008619237000860475
16.1342108 0.8933276790850139 0.008589192734472029
16.1842108 0.8885213576405971 0.008559856082478903
16.2342108 0.8837960978784578 0.00853120698045633
16.2842108 0.8791504127300044 0.008503226041397173
16.3342108 0.8745828458736137 0.008475894529030359
16.3842108 0.8700919709891227 0.008449194332344701
16.4342108 0.8656763910341432 0.008423107941256364
16.4842108 0.8613347375414239 0.008397618423361869
16.5342108 0.8570656699365196 0.008372709401721809
16.5842108 0.8528678748750551 0.008348365033623533
16.6342108 0.8487400655989052 0.008324569990273986
16.6842108 0.8446809813106356 0.008301309437376603
16.7342108 0.84068938656558 0.00827856901654872
16.7842108 0.8367640706809528 0.008256334827538363
16.8342108 0.8329038471614212 0.008234593411201528
16.8842108 0.8291075531405823 0.008213331733203185
16.9342108 0.8253740488378165 0.008192537168407232
16.9842108 0.8217022170300061 0.008172197485922485
17.0342108 0.8180909625376289 0.008152300834773547
17.0842108 0.8145392117247569 0.008132835730167069
17.1342108 0.811045912012508 0.008113791040325492
17.1842108 0.8076100314055159 0.008095155973861734
17.2342108 0.8042305580309989 0.008076920067669791
17.2842108 0.8009064996900273 0.00805907317530744
17.3342108 0.7976368834206012 0.008041605455848486
17.3842108 0.7944207550721674 0.008024507363183124
17.4342108 0.7912571788912153 0.008007769635746152
17.4842108 0.7881452371176099 0.007991383286653683
17.5342108 0.7850840295913258 0.007975339594230108
17.5842108 0.7820726733692657 0.007959630092907856
17.6342108 0.7791103023518519 0.00794424656448345
17.6842108 0.7761960669190966 0.007929181029714148
17.7342108 0.7733291335758624 0.00791442574024021
17.7842108 0.7705086846060373 0.007899973170818609
17.8342108 0.7677339177353582 0.00788581601185465
17.8842108 0.7650040458026265 0.007871947162218638
17.9342108 0.7623182964390667 0.007858359722335383
17.9842108 0.7596759117555894 0.00784504698753483
18.0342108 0.757076148037728 0.007832002441652771
18.0842108 0.7545182754480266 0.007819219750871043
18.1342108 0.7520015777356623 0.007806692757787124
18.1842108 0.7495253519530959 0.007794415475703533
18.2342108 0.7470889081795489 0.007782382083127899
18.2842108 0.7446915692511141 0.007770586918474945
18.3342108 0.7423326704973107 0.007759024474962052
18.3842108 0.7400115594839033 0.007747689395690498
18.4342108 0.7377275957618108 0.007736576468904747
18.4842108 0.7354801506219335 0.007725680623422572
18.5342108 0.7332686068557366 0.007714996924229112
18.5842108 0.7310923585214303 0.007704520568228233
18.6342108 0.7289508107155936 0.00769424688014492
18.6842108 0.7268433793500937 0.007684171308572667
18.7342108 0.7247694909341562 0.007674289422160107
18.7842108 0.7227285823614488 0.007664596905931366
18.8342108 0.7207201007020422 0.007655089557734931
18.8842108 0.7187435029991188 0.007645763284815929
18.9342108 0.7167982560703025 0.007636614100507082
18.9842108 0.7148838363134873 0.007627638121033664
19.0342108 0.7129997295170465 0.007618831562428115
19.0842108 0.7111454306743071 0.007610190737550051
19.1342108 0.7093204438021783 0.007601712053207671
19.1842108 0.7075242817638261 0.007593392007376661
19.2342108 0.7057564660952901 0.007585227186512921
19.2842108 0.7040165268359393 0.007577214262955568
19.3342108 0.7023040023626701 0.007569349992416787
19.3842108 0.700618439227751 0.007561631211555325
19.4342108 0.6989593920002197 0.007554054835630464
19.4842108 0.6973264231107447 0.007546617856233511
19.5342108 0.6957191026998628 0.007539317339093922
19.5842108 0.6941370084695095 0.007532150421957304
19.6342108 0.6925797255377577 0.007525114312532694
19.6842108 0.6910468462966868 0.00751820628650653
19.7342108 0.6895379702733043 0.00751142368562093
19.7842108 0.6880527039934448 0.007504763915813927
19.8342108 0.6865906608485719 0.007498224445419426
19.8842108 0.6851514609654148 0.007491802803424747
19.9342108 0.6837347310783676 0.007485496577783671
19.9842108 0.6823401044045858 0.007479303413783022
20.0342108 0.6809672205217157 0.007473221012460892
20.0842108 0.6796157252481914 0.007467247129074658
20.1342108 0.6782852705260388 0.007461379571617049
20.1842108 0.6769755143061277 0.007455616199378585
20.2342108 0.6756861204358113 0.007449954921554735
20.2842108 0.6744167585488998 0.00744439369589628
20.3342108 0.6731671039579101 0.007438930527401328
20.3842108 0.6719368375485403 0.007433563467047594
20.4342108 0.6707256456763143 0.007428290610563515
20.4842108 0.6695332200653498 0.00742311009723689
20.5342108 0.6683592577091955 0.007418020108759756
20.5842108 0.6672034607736939 0.007413018868108256
20.6342108 0.6660655365018201 0.007408104638456335
20.6842108 0.6649451971204526 0.00740327572212209
20.7342108 0.6638421597490309 0.007398530459545693
20.7842108 0.6627561463100574 0.007393867228297823
20.8342108 0.6616868834414018 0.007389284442117583
20.8842108 0.6606341024103662 0.007384780549978921
20.9342108 0.6595975390294723 0.007380354035184609
20.9842108 0.6585769335739303 0.007376003414486866
21.0342108 0.6575720307007541 0.007371727237233747
21.0842108 0.6565825793694827 0.007367524084540457
21.1342108 0.6556083327644758 0.007363392568484757
21.1842108 0.6546490482187451 0.007359331331325698
21.2342108 0.6537044871392893 0.007355339044744911
21.2842108 0.652774414933899 0.007351414409109719
21.3342108 0.6518586009393995 0.007347556152757385
21.3842108 0.650956818351299 0.00734376303129978
21.4342108 0.6500688441548124 0.00734003382694787
21.4842108 0.6491944590572301 0.007336367347855331
21.5342108 0.6483334474216033 0.007332762427480728
21.5842108 0.6474855972017155 0.007329217923967632
21.6342108 0.6466506998783156 0.007325732719542148
21.6842108 0.6458285503965809 0.007322305719927268
21.7342108 0.6450189471047882 0.007318935853773537
21.7842108 0.6442216916941639 0.007315622072105526
21.8342108 0.6434365891398889 0.007312363347783611
21.8842108 0.6426634476432346 0.007309158674980575
21.9342108 0.6419020785748042 0.007306007068672601
21.9842108 0.6411522964188572 0.00730290756414417
22.0342108 0.6404139187186939 0.007299859216506474
22.0842108 0.6396867660230778 0.007296861100228915
22.1342108 0.6389706618336726 0.007293912308683272
22.1842108 0.6382654325534751 0.007291011953700192
22.2342108 0.6375709074362211 0.007288159165137576
22.2842108 0.6368869185367446 0.007285353090460555
22.3342108 0.6362133006622712 0.007282592894332664
22.3842108 0.6355498913246251 0.007279877758217902
22.4342108 0.6348965306933322 0.007277206879993335
22.4842108 0.6342530615495986 0.007274579473571937
22.5342108 0.6336193292411501 0.007271994768535371
22.5842108 0.6329951816379107 0.00726945200977639
22.6342108 0.6323804690885071 0.007266950457150604
22.6842108 0.6317750443775786 0.007264489385137308
22.7342108 0.6311787626838788 0.007262068082509127
22.7842108 0.6305914815391521 0.007259685852010212
22.8342108 0.6300130607877676 0.007257342010042725
22.8842108 0.6294433625470992 0.007255035886361396
22.9342108 0.6288822511686314 0.007252766823775896
22.9842108 0.6283295931997817 0.007250534177860809
23.0342108 0.6277852573464204 0.007248337316672984
23.0842108 0.6272491144360782 0.007246175620476056
23.1342108 0.6267210373818234 0.007244048481471926
23.1842108 0.6262009011467994 0.007241955303539003
23.2342108 0.6256885827094066 0.007239895501977012
23.2842108 0.6251839610291177 0.0072378685032582
23.3342108 0.624686917012912 0.007235873744784728
23.3842108 0.6241973334823188 0.007233910674652101
23.4342108 0.6237150951410554 0.007231978751418453
23.4842108 0.6232400885432503 0.007230077443879527
23.5342108 0.6227722020622383 0.00722820623084919
23.5842108 0.6223113258599174 0.007226364600945332
23.6342108 0.621857351856656 0.007224552052380995
23.6842108 0.62141017370174 0.007222768092760581
23.7342108 0.6209696867443489 0.007221012238881022
23.7842108 0.620535788005051 0.007219284016537751
23.8342108 0.6201083761478077 0.007217582960335352
23.8842108 0.6196873514524759 0.007215908613502765
23.9342108 0.6192726157878014 0.007214260527712912
23.9842108 0.6188640725848906 0.007212638262906636
24.0342108 0.6184616268111547 0.007211041387120833
24.0842108 0.6180651849447135 0.007209469476320647
24.1342108 0.6176746549492539 0.007207922114235643
24.1842108 0.6172899462493321 0.007206398892199851
24.2342108 0.6169109697061109 0.007204899408995541
24.2842108 0.6165376375935255 0.007203423270700685
24.3342108 0.6161698635748678 0.007201970090539958
24.3842108 0.6158075626797822 0.007200539488739218
24.4342108 0.6154506512816657 0.007199131092383358
24.4842108 0.6150990470754626 0.007197744535277437
24.5342108 0.6147526690558496 0.007196379457811026
24.5842108 0.6144114374958 0.007195035506825652
24.6342108 0.6140752739255234 0.007193712335485296
24.6842108 0.613744101111772 0.007192409603149827
24.7342108 0.6134178430375066 0.007191126975251334
24.7842108 0.6130964248819164 0.007189864123173255
24.8342108 0.6127797730007859 0.007188620724132232
24.8842108 0.6124678149072011 0.007187396461062644
24.9342108 0.6121604792525913 0.007186191022503725
24.9842108 0.6118576958080967 0.00718500410248921
25.0342108 0.6115593954462599 0.007183835400439449
25.0842108 0.6112655101230314 0.007182684621055927
25.1342108 0.6109759728600861 0.007181551474218105
25.1842108 0.6106907177274438 0.007180435674882576
25.2342108 0.6104096798263877 0.007179336942984415
25.2842108 0.6101327952726776 0.007178255003340715
25.3342108 0.6098600011800489 0.007177189585556232
25.3842108 0.6095912356439955 0.007176140423931097
25.4342108 0.6093264377258298 0.007175107257370534
25.4842108 0.6090655474370148 0.007174089829296541
25.5342108 0.6088085057237628 0.007173087887561483
25.5842108 0.6085552544518981 0.007172101184363561
25.6342108 0.6083057363919762 0.00717112947616408
25.6842108 0.6080598952046562 0.00717017252360652
25.7342108 0.6078176754263219 0.007169230091437312
25.7842108 0.6075790224549468 0.007168301948428329
25.8342108 0.6073438825361978 0.007167387867301008
25.8842108 0.6071122027497756 0.007166487624652095
25.9342108 0.6068839309959849 0.007165601000880951
25.9842108 0.6066590159825315 0.007164727780118398
26.0342108 0.6064374072115427 0.007163867750157059
26.0842108 0.6062190549668061 0.007163020702383164
26.1342108 0.6060039103012228 0.007162186431709768
26.1842108 0.6057919250244729 0.007161364736511379
26.2342108 0.6055830516908863 0.007160555418559938
26.2842108 0.6053772435875191 0.007159758282962126
26.3342108 0.6051744547224279 0.007158973138097963
26.3842108 0.6049746398131423 0.007158199795560684
26.4342108 0.6047777542753284 0.007157438070097842
26.4842108 0.6045837542116442 0.007156687779553626
26.5342108 0.604392596400778 0.007155948744812347
26.5842108 0.6042042382866722 0.007155220789743095
26.6342108 0.6040186379679255 0.007154503741145504
26.6842108 0.6038357541873717 0.007153797428696622
26.7342108 0.6036555463218316 0.007153101684898864
26.7842108 0.6034779743720357 0.007152416345029004
26.8342108 0.6033029989527136 0.0071517412470882
26.8842108 0.6031305812828479 0.007151076231753021
26.9342108 0.6029606831760899 0.007150421142327447
26.9842108 0.6027932670313332 0.007149775824695837
27.0342108 0.6026282958234439 0.007149140127276832
27.0842108 0.6024657330941435 0.007148513900978162
27.1342108 0.6023055429430425 0.007147896999152369
27.1842108 0.6021476900188214 0.007147289277553375
27.2342108 0.6019921395105576 0.007146690594293939
27.2842108 0.6018388571391948 0.007146100809803923
27.3342108 0.6016878091491525 0.007145519786789394
27.3842108 0.6015389623000733 0.007144947390192514
27.4342108 0.6013922838587061 0.007144383487152215
27.4842108 0.6012477415909222 0.007143827946965648
27.5342108 0.601105303753862 0.007143280641050366
27.5842108 0.6009649390882104 0.007142741442907249
27.6342108 0.6008266168105989 0.007142210228084143
27.6842108 0.6006903066061313 0.007141686874140195
27.7342108 0.600555978621032 0.00714117126061088
27.7842108 0.6004236034554137 0.007140663268973692
27.8342108 0.6002931521561634 0.007140162782614499
27.8842108 0.6001645962099442 0.00713966968679453
27.9342108 0.6000379075363109 0.007139183868617998
27.9842108 0.5999130584809379 0.00713870521700034
28.0342108 0.5997900218089561 0.007138233622637043
28.0842108 0.5996687706983994 0.00713776897797308
28.1342108 0.5995492787337567 0.007137311177172911
28.1842108 0.5994315198996283 0.007136860116091044
28.2342108 0.5993154685744854 0.007136415692243164
28.2842108 0.5992010995245305 0.007135977804777784
28.3342108 0.5990883878976569 0.007135546354448441
28.38421080000001 0.5989773092175062 0.007135121243586402
28.4342108 0.5988678393776214 0.007134702376073882
28.4842108 0.5987599546356942 0.007134289657317754
28.5342108 0.5986536316079053 0.007133882994223751
28.5842108 0.5985488472633561 0.007133482295171144
28.63421080000001 0.5984455789185895 0.007133087469987882
28.6842108 0.5983438042321992 0.007132698429926198
28.7342108 0.5982435011995253 0.007132315087638653
28.7842108 0.5981446481474355 0.007131937357154632
28.8342108 0.5980472237291896 0.00713156515385725
28.88421080000001 0.597951206919387 0.007131198394460699
28.9342108 0.5978565770089943 0.007130836996988002
28.9842108 0.5977633136004533 0.007130480880749161
29.0342108 0.5976713966028668 0.007130129966319713
29.0842108 0.5975808062272616 0.007129784175519671
29.13421080000001 0.5974915229819271 0.007129443431392841
29.1842108 0.5974035276678286 0.00712910765818652
29.2342108 0.5973168013740929 0.00712877678133155
29.2842108 0.5972313254735675 0.007128450727422734
29.3342108 0.5971470816184485 0.007128129424199606
29.38421080000001 0.5970640517359802 0.007127812800527541
29.4342108 0.5969822180242215 0.007127500786379204
29.4842108 0.5969015629478803 0.007127193312816325
29.5342108 0.5968220692342143 0.007126890311971805
29.5842108 0.5967437198689967 0.007126591717032135
29.63421080000001 0.5966664980925452 0.007126297462220127
29.6842108 0.5965903873958157 0.007126007482777951
29.7342108 0.5965153715165558 0.007125721714950472
29.7842108 0.5964414344355208 0.007125440095968879
29.8342108 0.596368560372749 0.007125162564034599
29.88421080000001 0.596296733783896 0.007124889058303503
29.9342108 0.5962259393566269 0.007124619518870378
29.9842108 0.5961561620070652 0.007124353886753673
30.0342108 0.5960873868762985 0.007124092103880521
30.0842108 0.5960195993269385 0.007123834113072005
30.13421080000001 0.595952784939736 0.007123579858028694
30.1842108 0.5958869295102487 0.007123329283316424
30.2342108 0.5958220190455615 0.007123082334352328
30.2842108 0.5957580397610588 0.007122838957391109
30.3342108 0.5956949780772468 0.00712259909951154
30.38421080000001 0.5956328206166273 0.007122362708603214
30.4342108 0.5955715542006184 0.007122129733353508
30.4842108 0.5955111658465254 0.007121900123234775
30.5342108 0.5954516427645584 0.007121673828491762
30.5842108 0.5953929723548967 0.007121450800129228
30.63421080000001 0.5953351422047996 0.007121230989899799
30.6842108 0.5952781400857615 0.007121014350292002
30.7342108 0.595221953950713 0.007120800834518522
30.7842108 0.5951665719312643 0.007120590396504658
30.8342108 0.5951119823349929 0.007120382990876957
30.88421080000001 0.5950581736427726 0.007120178572952075
30.9342108 0.5950051345061453 0.007119977098725787
30.9842108 0.5949528537447329 0.007119778524862212
31.0342108 0.59490132034369 0.007119582808683213
31.0842108 0.5948505234511964 0.007119389908157961
31.13421080000001 0.5948004523759883 0.007119199781892706
31.1842108 0.5947510965849283 0.007119012389120678
31.2342108 0.5947024457006133 0.007118827689692201
31.2842108 0.5946544894990187 0.007118645644064943
31.3342108 0.5946072179071809 0.007118466213294337
31.38421080000001 0.5945606210009139 0.00711828935902417
31.4342108 0.5945146890025628 0.007118115043477316
31.4842108 0.5944694122787916 0.007117943229446639
31.5342108 0.5944247813384053 0.00711777388028603
31.5842108 0.5943807868302056 0.007117606959901612
31.63421080000001 0.5943374195408805 0.00711744243274307
31.6842108 0.5942946703929257 0.007117280263795144
31.7342108 0.5942525304425992 0.007117120418569257
31.7842108 0.5942109908779061 0.007116962863095268
31.8342108 0.5941700430166162 0.007116807563913386
31.88421080000001 0.5941296783043114 0.007116654488066193
31.9342108 0.5940898883124626 0.007116503603090815
31.9842108 0.5940506647365378 0.007116354877011218
32.0342108 0.5940119993941383 0.007116208278330622
32.0842108 0.5939738842231639 0.007116063776024053
32.13421080000001 0.5939363112800066 0.007115921339531008
32.1842108 0.5938992727377717 0.007115780938748239
32.2342108 0.5938627608845269 0.007115642544022664
32.2842108 0.5938267681215778 0.007115506126144387
32.3342108 0.5937912869617701 0.007115371656339827
32.38421080000001 0.5937563100278183 0.007115239106264977
32.4342108 0.5937218300506591 0.007115108447998748
32.4842108 0.5936878398678316 0.00711497965403644
32.5342108 0.5936543324218804 0.007114852697283314
32.5842108 0.5936213007587854 0.007114727551048266
32.63421080000001 0.593588738026414 0.007114604189037601
32.6842108 0.5935566374729978 0.007114482585348917
32.7342108 0.5935249924456322 0.007114362714465076
32.7842108 0.5934937963887997 0.007114244551248285
32.8342108 0.5934630428429152 0.007114128070934262
32.88421080000001 0.5934327254428934 0.007114013249126495
32.9342108 0.5934028379167388 0.00711390006179061
32.9842108 0.5933733740841569 0.007113788485248808
33.0342108 0.5933443278551866 0.007113678496174405
33.0842108 0.5933156932288532 0.007113570071586449
33.13421080000001 0.5932874642918428 0.007113463188844444
33.1842108 0.5932596352171957 0.007113357825643128
33.2342108 0.5932322002630214 0.007113253960007361
33.2842108 0.5932051537712312 0.00711315157028708
33.3342108 0.5931784901662919 0.007113050635152339
33.38421080000001 0.5931522039539974 0.00711295113358843
33.4342108 0.5931262897202592 0.007112853044891076
33.4842108 0.5931007421299158 0.007112756348661707
33.5342108 0.5930755559255598 0.007112661024802806
33.5842108 0.5930507259263825 0.007112567053513331
33.63421080000001 0.593026247027037 0.007112474415284211
33.6842108 0.5930021141965175 0.007112383090893909
33.7342108 0.5929783224770564 0.007112293061404058
33.7842108 0.5929548669830381 0.00711220430815517
33.8342108 0.5929317428999287 0.007112116812762406
33.88421080000001 0.5929089454832223 0.007112030557111413
33.9342108 0.5928864700574036 0.007111945523354233
33.9842108 0.5928643120149257 0.007111861693905272
34.0342108 0.5928424668152035 0.007111779051437329
34.0842108 0.5928209299836225 0.007111697578877699
34.13421080000001 0.5927996971105627 0.00711161725940432
34.1842108 0.5927787638504367 0.007111538076441999
34.2342108 0.592758125920743 0.007111460013658685
34.2842108 0.5927377791011332 0.0071113830549618
34.3342108 0.5927177192324939 0.007111307184494635
34.38421080000001 0.5926979422160413 0.0071112323866328
34.4342108 0.5926784440124305 0.007111158645980726
34.4842108 0.5926592206408782 0.007111085947368222
34.5342108 0.5926402681782977 0.007111014275847088
34.5842108 0.5926215827584483 0.007110943616687783
34.63421080000001 0.5926031605710964 0.007110873955376138
34.6842108 0.5925849978611897 0.00711080527761013
34.7342108 0.5925670909280437 0.00711073756929669
34.7842108 0.5925494361245409 0.007110670816548583
34.8342108 0.5925320298563415 0.007110605005681317
34.88421080000001 0.5925148685811058 0.007110540123210109
34.9342108 0.5924979488077293 0.007110476155846894
34.9842108 0.5924812670955883 0.007110413090497389
35.0342108 0.5924648200537973 0.007110350914258192
35.0842108 0.5924486043404771 0.007110289614413928
35.13421080000001 0.5924326166620347 0.007110229178434445
35.1842108 0.5924168537724537 0.007110169593972046
35.2342108 0.5924013124725942 0.007110110848858772
35.2842108 0.5923859896095053 0.007110052931103715
35.3342108 0.5923708820757462 0.007109995828890386
35.38421080000001 0.5923559868087181 0.007109939530574113
35.4342108 0.5923413007900067 0.007109884024679486
35.4842108 0.5923268210447328 0.007109829299897836
35.5342108 0.5923125446409144 0.00710977534508475
35.5842108 0.5922984686888381 0.007109722149257643
35.63421080000001 0.5922845903404385 0.00710966970159334
35.6842108 0.5922709067886889 0.007109617991425714
35.7342108 0.5922574152669992 0.007109567008243353
35.7842108 0.5922441130486242 0.007109516741687267
35.8342108 0.5922309974460802 0.007109467181548626
35.88421080000001 0.59221806581057 0.007109418317766534
35.9342108 0.5922053155314171 0.007109370140425833
35.9842108 0.5921927440355079 0.007109322639754953
36.0342108 0.5921803487867425 0.007109275806123778
36.0842108 0.5921681272854936 0.007109229630041561
36.13421080000001 0.5921560770680732 0.007109184102154857
36.1842108 0.5921441957062074 0.007109139213245489
36.2342108 0.5921324808065194 0.007109094954228565
36.2842108 0.5921209300100199 0.007109051316150489
36.3342108 0.5921095409916046 0.007109008290187038
36.38421080000001 0.5920983114595604 0.007108965867641445
36.4342108 0.5920872391550774 0.007108924039942522
36.4842108 0.5920763218517695 0.007108882798642809
36.5342108 0.5920655573552013 0.007108842135416746
36.5842108 0.5920549435024224 0.007108802042058881
36.63421080000001 0.5920444781615086 0.0071087625104821
36.6842108 0.5920341592311096 0.007108723532715885
36.7342108 0.5920239846400041 0.007108685100904601
36.7842108 0.5920139523466603 0.007108647207305797
36.8342108 0.5920040603388046 0.007108609844288559
36.88421080000001 0.5919943066329949 0.007108573004331851
36.9342108 0.5919846892742017 0.007108536680022917
36.9842108 0.5919752063353942 0.00710850086405568
37.0342108 0.5919658559171341 0.007108465549229184
37.0842108 0.5919566361471733 0.007108430728446045
37.13421080000001 0.5919475451800595 0.007108396394710938
37.1842108 0.5919385811967465 0.007108362541129098
37.2342108 0.5919297424042105 0.007108329160904842
37.2842108 0.5919210270350725 0.007108296247340123
37.3342108 0.5919124333472259 0.007108263793833101
37.38421080000001 0.5919039596234693 0.007108231793876731
37.4342108 0.5918956041711456 0.007108200241057376
37.4842108 0.5918873653217855 0.007108169129053443
37.5342108 0.5918792414307571 0.007108138451634036
37.5842108 0.5918712308769195 0.007108108202657627
37.63421080000001 0.5918633320622831 0.007108078376070757
37.6842108 0.5918555434116739 0.007108048965906746
37.7342108 0.5918478633724026 0.007108019966284422
37.7842108 0.5918402904139389 0.007107991371406883
37.8342108 0.5918328230275911 0.007107963175560254
37.88421080000001 0.5918254597261893 0.007107935373112489
37.9342108 0.5918181990437745 0.007107907958512172
37.9842108 0.5918110395352912 0.007107880926287336
38.0342108 0.5918039797762854 0.007107854271044321
38.0842108 0.5917970183626061 0.007107827987466618
38.13421080000001 0.5917901539101124 0.007107802070313752
38.1842108 0.5917833850543834 0.007107776514420178
38.2342108 0.5917767104504342 0.007107751314694183
38.2842108 0.5917701287724344 0.007107726466116823
38.3342108 0.5917636387134314 0.007107701963740855
38.38421080000001 0.5917572389850783 0.0071076778026897
38.4342108 0.5917509283173648 0.007107653978156416
38.4842108 0.5917447054583523 0.007107630485402683
38.5342108 0.5917385691739143 0.007107607319757812
38.5842108 0.591732518247478 0.007107584476617762
38.63421080000001 0.5917265514797717 0.007107561951444163
38.6842108 0.5917206676885757 0.007107539739763382
38.7342108 0.5917148657084758 0.007107517837165566
38.7842108 0.5917091443906215 0.007107496239303733
38.8342108 0.5917035026024874 0.007107474941892844
38.88421080000001 0.5916979392276375 0.007107453940708922
38.9342108 0.5916924531654939 0.007107433231588157
38.9842108 0.5916870433311086 0.007107412810426042
39.0342108 0.5916817086549379 0.007107392673176504
39.0842108 0.5916764480826213 0.007107372815851072
39.13421080000001 0.5916712605747627 0.007107353234518035
39.1842108 0.5916661451067151 0.00710733392530162
39.2342108 0.5916611006683687 0.007107314884381192
39.2842108 0.5916561262639417 0.007107296107990451
39.3342108 0.5916512209117744 0.007107277592416643
39.38421080000001 0.5916463836441263 0.007107259333999799
39.4342108 0.5916416135069757 0.00710724132913196
39.4842108 0.5916369095598234 0.00710722357425643
39.5342108 0.5916322708754975 0.007107206065867044
39.5842108 0.5916276965399631 0.00710718880050743
39.63421080000001 0.5916231856521327 0.007107171774770294
39.6842108 0.591618737323681 0.007107154985296708
39.7342108 0.5916143506788618 0.007107138428775424
39.7842108 0.5916100248543271 0.007107122101942176
39.8342108 0.5916057589989498 0.00710710600157901
39.88421080000001 0.5916015522736481 0.007107090124513611
39.9342108 0.5915974038512126 0.007107074467618652
39.9842108 0.5915933129161371 0.00710705902781114
40.0342108 0.5915892786644498 0.007107043802051789
40.0842108 0.5915853003035485 0.007107028787344377
40.13421080000001 0.5915813770520379 0.007107013980735136
40.1842108 0.5915775081395691 0.00710699937931214
40.2342108 0.5915736928066812 0.007106984980204706
40.2842108 0.5915699303046453 0.007106970780582791
40.3342108 0.5915662198953119 0.007106956777656424
40.38421080000001 0.5915625608509583 0.007106942968675117
40.4342108 0.5915589524541401 0.007106929350927306
40.4842108 0.5915553939975443 0.007106915921739787
40.5342108 0.5915518847838439 0.007106902678477169
40.5842108 0.5915484241255557 0.007106889618541333
40.63421080000001 0.5915450113448996 0.007106876739370892
40.6842108 0.5915416457736595 0.007106864038440672
40.7342108 0.5915383267530471 0.007106851513261182
40.7842108 0.591535053633567 0.007106839161378113
40.8342108 0.5915318257748841 0.007106826980371832
40.88421080000001 0.5915286425456928 0.007106814967856878
40.9342108 0.5915255033235883 0.007106803121481482
40.9842108 0.5915224074949395 0.00710679143892708
41.0342108 0.5915193544547633 0.007106779917907836
41.0842108 0.5915163436066022 0.007106768556170181
41.13421080000001 0.5915133743624019 0.00710675735149234
41.1842108 0.5915104461423919 0.007106746301683892
41.23421080000001 0.5915075583749673 0.007106735404585305
41.2842108 0.5915047104965723 0.007106724658067508
41.3342108 0.5915019019515859 0.00710671406003145
41.38421080000001 0.5914991321922085 0.007106703608407673
41.4342108 0.5914964006783505 0.007106693301155886
41.48421080000001 0.5914937068775227 0.007106683136264551
41.5342108 0.5914910502647278 0.007106673111750472
41.5842108 0.5914884303223542 0.007106663225658393
41.63421080000001 0.5914858465400705 0.007106653476060593
41.6842108 0.5914832984147221 0.007106643861056501
41.73421080000001 0.5914807854502292 0.007106634378772301
41.7842108 0.5914783071574856 0.007106625027360558
41.8342108 0.5914758630542606 0.007106615804999838
41.88421080000001 0.5914734526651 0.007106606709894333
41.9342108 0.5914710755212308 0.007106597740273505
41.98421080000001 0.5914687311604657 0.007106588894391723
42.0342108 0.5914664191271097 0.0071065801705279
42.0842108 0.5914641389718679 0.007106571566985156
42.13421080000001 0.5914618902517546 0.007106563082090467
42.1842108 0.5914596725300034 0.007106554714194325
42.23421080000001 0.5914574853759796 0.007106546461670406
42.2842108 0.5914553283650925 0.007106538322915236
42.3342108 0.5914532010787098 0.007106530296347871
42.38421080000001 0.5914511031040732 0.007106522380409574
42.4342108 0.5914490340342152 0.007106514573563501
42.48421080000001 0.5914469934678764 0.007106506874294385
42.5342108 0.5914449810094252 0.007106499281108235
42.5842108 0.5914429962687778 0.007106491792532034
42.63421080000001 0.5914410388613193 0.007106484407113436
42.6842108 0.5914391084078264 0.007106477123420473
42.73421080000001 0.5914372045343914 0.007106469940041273
42.7842108 0.591435326872346 0.007106462855583767
42.8342108 0.591433475058188 0.007106455868675411
42.88421080000001 0.5914316487335074 0.007106448977962909
42.9342108 0.5914298475449149 0.007106442182111939
42.98421080000001 0.5914280711439707 0.007106435479806885
43.0342108 0.5914263191871141 0.007106428869750571
43.0842108 0.5914245913355948 0.007106422350664001
43.13421080000001 0.5914228872554047 0.007106415921286097
43.1842108 0.591421206617211 0.007106409580373455
43.23421080000001 0.5914195490962899 0.007106403326700083
43.2842108 0.5914179143724615 0.007106397159057158
43.3342108 0.5914163021300256 0.007106391076252789
43.38421080000001 0.5914147120576984 0.007106385077111769
43.4342108 0.5914131438485497 0.007106379160475346
43.48421080000001 0.5914115971999424 0.007106373325200983
43.5342108 0.5914100718134707 0.007106367570162135
43.5842108 0.591408567394901 0.00710636189424802
43.63421080000001 0.5914070836541129 0.007106356296363393
43.6842108 0.5914056203050408 0.007106350775428332
43.73421080000001 0.5914041770656174 0.007106345330378018
43.7842108 0.5914027536577164 0.007106339960162526
43.8342108 0.5914013498070977 0.007106334663746606
43.88421080000001 0.5913999652433517 0.007106329440109482
43.9342108 0.5913985996998462 0.007106324288244645
43.98421080000001 0.5913972529136727 0.007106319207159659
44.0342108 0.5913959246255935 0.007106314195875947
44.0842108 0.5913946145799909 0.007106309253428612
44.13421080000001 0.5913933225248152 0.007106304378866233
44.1842108 0.5913920482115352 0.007106299571250679
44.23421080000001 0.5913907913950882 0.007106294829656918
44.2842108 0.5913895518338312 0.007106290153172841
44.3342108 0.5913883292894928 0.007106285540899068
44.38421080000001 0.5913871235271259 0.00710628099194878
44.4342108 0.5913859343150604 0.007106276505447527
44.48421080000001 0.5913847614248576 0.007106272080533075
44.5342108 0.5913836046312647 0.007106267716355214
44.5842108 0.5913824637121696 0.007106263412075599
44.63421080000001 0.591381338448557 0.007106259166867578
44.6842108 0.5913802286244646 0.007106254979916035
44.73421080000001 0.5913791340269406 0.007106250850417217
44.7842108 0.5913780544460012 0.007106246777578584
44.8342108 0.5913769896745884 0.007106242760618642
44.88421080000001 0.5913759395085297 0.007106238798766796
44.9342108 0.5913749037464969 0.00710623489126319
44.98421080000001 0.5913738821899667 0.007106231037358564
45.0342108 0.5913728746431804 0.007106227236314094
45.0842108 0.5913718809131064 0.007106223487401255
45.13421080000001 0.5913709008094007 0.007106219789901671
45.1842108 0.5913699341443697 0.007106216143106974
45.23421080000001 0.591368980732933 0.007106212546318663
45.2842108 0.5913680403925868 0.007106208998847966
45.3342108 0.5913671129433677 0.007106205500015707
45.38421080000001 0.5913661982078168 0.007106202049152158
45.4342108 0.5913652960109447 0.007106198645596926
45.48421080000001 0.5913644061801971 0.007106195288698804
45.5342108 0.5913635285454207 0.007106191977815654
45.5842108 0.5913626629388291 0.007106188712314273
45.63421080000001 0.5913618091949698 0.007106185491570275
45.6842108 0.591360967150692 0.007106182314967955
45.73421080000001 0.5913601366451134 0.007106179181900182
45.7842108 0.5913593175195896 0.007106176091768266
45.8342108 0.5913585096176814 0.00710617304398185
45.88421080000001 0.5913577127851255 0.007106170037958785
45.9342108 0.5913569268698025 0.007106167073125021
45.98421080000001 0.5913561517217079 0.00710616414891449
46.0342108 0.5913553871929222 0.007106161264768997
46.0842108 0.5913546331375819 0.007106158420138104
46.13421080000001 0.5913538894118501 0.007106155614479031
46.1842108 0.591353155873889 0.00710615284725654
46.23421080000001 0.5913524323838316 0.007106150117942834
46.2842108 0.591351718803754 0.007106147426017449
46.3342108 0.5913510149976486 0.00710614477096716
46.38421080000001 0.5913503208313967 0.007106142152285868
46.4342108 0.5913496361727431 0.007106139569474511
46.48421080000001 0.5913489608912688 0.007106137022040957
46.5342108 0.5913482948583666 0.007106134509499915
46.5842108 0.5913476379472149 0.007106132031372833
46.63421080000001 0.5913469900327534 0.007106129587187804
46.6842108 0.5913463509916581 0.007106127176479482
46.73421080000001 0.5913457207023172 0.00710612479878898
46.7842108 0.591345099044807 0.007106122453663785
46.8342108 0.5913444859008691 0.007106120140657665
46.88421080000001 0.5913438811538861 0.007106117859330587
46.9342108 0.5913432846888598 0.007106115609248629
46.98421080000001 0.5913426963923876 0.007106113389983888
47.0342108 0.5913421161526411 0.007106111201114409
47.0842108 0.5913415438593437 0.00710610904222409
47.13421080000001 0.591340979403749 0.007106106912902603
47.1842108 0.5913404226786197 0.007106104812745321
47.23421080000001 0.5913398735782066 0.007106102741353228
47.2842108 0.5913393319982276 0.00710610069833285
47.3342108 0.5913387978358476 0.007106098683296173
47.38421080000001 0.5913382709896581 0.007106096695860565
47.4342108 0.5913377513596574 0.007106094735648706
47.48421080000001 0.5913372388472312 0.007106092802288511
47.5342108 0.5913367333551331 0.00710609089541306
47.58421080000001 0.5913362347874658 0.007106089014660522
47.63421080000001 0.591335743049662 0.007106087159674088
47.6842108 0.5913352580484663 0.007106085330101896
47.73421080000001 0.5913347796919168 0.00710608352559697
47.7842108 0.5913343078893273 0.007106081745817148
47.83421080000001 0.591333842551269 0.007106079990425011
47.88421080000001 0.5913333835895538 0.007106078259087825
47.9342108 0.5913329309172165 0.007106076551477468
47.98421080000001 0.5913324844484983 0.007106074867270376
48.0342108 0.5913320440988297 0.007106073206147468
48.08421080000001 0.5913316097848141 0.007106071567794092
48.13421080000001 0.5913311814242118 0.007106069951899961
48.1842108 0.5913307589359234 0.007106068358159091
48.23421080000001 0.5913303422399743 0.007106066786269745
48.2842108 0.5913299312574994 0.007106065235934373
48.33421080000001 0.5913295259107275 0.007106063706859548
48.38421080000001 0.5913291261229657 0.007106062198755917
48.4342108 0.5913287318185853 0.007106060711338143
48.48421080000001 0.5913283429230062 0.007106059244324845
48.5342108 0.5913279593626831 0.007106057797438544
48.58421080000001 0.5913275810650911 0.007106056370405617
48.63421080000001 0.591327207958711 0.007106054962956233
48.6842108 0.5913268399730159 0.007106053574824307
48.73421080000001 0.5913264770384575 0.007106052205747444
48.7842108 0.5913261190864522 0.007106050855466892
48.83421080000001 0.5913257660493682 0.007106049523727491
48.88421080000001 0.5913254178605121 0.007106048210277619
48.9342108 0.591325074454116 0.00710604691486915
48.98421080000001 0.5913247357653246 0.007106045637257401
49.0342108 0.591324401730183 0.007106044377201082
49.08421080000001 0.5913240722856238 0.007106043134462258
49.13421080000001 0.5913237473694551 0.007106041908806295
49.1842108 0.5913234269203484 0.007106040700001818
49.23421080000001 0.5913231108778267 0.007106039507820662
49.2842108 0.5913227991822527 0.007106038332037834
49.33421080000001 0.5913224917748173 0.007106037172431464
49.38421080000001 0.5913221885975282 0.007106036028782766
49.4342108 0.5913218895931985 0.00710603490087599
49.48421080000001 0.5913215947054362 0.007106033788498389
49.5342108 0.5913213038786321 0.007106032691440166
49.58421080000001 0.5913210170579504 0.007106031609494447
49.63421080000001 0.5913207341893169 0.007106030542457226
49.6842108 0.5913204552194095 0.00710602949012734
49.73421080000001 0.591320180095647 0.007106028452306416
49.7842108 0.5913199087661797 0.007106027428798846
49.83421080000001 0.5913196411798788 0.007106026419411743
49.88421080000001 0.5913193772863267 0.007106025423954897
49.9342108 0.5913191170358072 0.00710602444224075
49.98421080000001 0.5913188603792963 0.007106023474084354
50.0342108 0.5913186072684516 0.007106022519303333
50.08421080000001 0.5913183576556045 0.007106021577717853
50.13421080000001 0.5913181114937496 0.007106020649150583
50.1842108 0.5913178687365366 0.007106019733426664
50.23421080000001 0.5913176293382606 0.00710601883037367
50.2842108 0.5913173932538539 0.007106017939821579
50.33421080000001 0.5913171604388767 0.007106017061602743
50.38421080000001 0.591316930849509 0.007106016195551847
50.4342108 0.5913167044425418 0.007106015341505885
50.48421080000001 0.5913164811753691 0.007106014499304123
50.5342108 0.5913162610059792 0.007106013668788072
50.58421080000001 0.5913160438929471 0.007106012849801456
50.63421080000001 0.5913158297954262 0.007106012042190179
50.6842108 0.5913156186731403 0.0071060112458023
50.73421080000001 0.5913154104863764 0.007106010460488001
50.7842108 0.5913152051959762 0.007106009686099558
50.83421080000001 0.5913150027633294 0.007106008922491315
50.88421080000001 0.5913148031503656 0.007106008169519651
50.9342108 0.5913146063195472 0.007106007427042956
50.98421080000001 0.5913144122338624 0.007106006694921605
51.0342108 0.5913142208568175 0.007106005973017927
51.08421080000001 0.5913140321524304 0.00710600526119618
51.13421080000001 0.5913138460852235 0.007106004559322527
51.1842108 0.5913136626202169 0.007106003867265009
51.23421080000001 0.5913134817229213 0.007106003184893516
51.2842108 0.5913133033593319 0.007106002512079766
51.33421080000001 0.5913131274959215 0.007106001848697281
51.38421080000001 0.5913129540996341 0.007106001194621361
51.4342108 0.5913127831378788 0.007106000549729058
51.48421080000001 0.591312614578523 0.007105999913899153
51.5342108 0.5913124483898868 0.007105999287012138
51.58421080000001 0.5913122845407364 0.007105998668950187
51.63421080000001 0.5913121230002784 0.007105998059597133
51.6842108 0.5913119637381536 0.007105997458838451
51.73421080000001 0.5913118067244317 0.00710599686656123
51.7842108 0.591311651929605 0.007105996282654158
51.83421080000001 0.5913114993245827 0.00710599570700749
51.88421080000001 0.5913113488806859 0.007105995139513041
51.9342108 0.5913112005696415 0.007105994580064152
51.98421080000001 0.5913110543635767 0.00710599402855568
52.0342108 0.5913109102350143 0.007105993484883967
52.08421080000001 0.5913107681568668 0.007105992948946829
52.13421080000001 0.5913106281024315 0.007105992420643538
52.1842108 0.5913104900453853 0.00710599189987479
52.23421080000001 0.5913103539597793 0.007105991386542699
52.2842108 0.5913102198200344 0.007105990880550769
52.33421080000001 0.5913100876009361 0.007105990381803885
52.38421080000001 0.5913099572776295 0.007105989890208284
52.4342108 0.5913098288256149 0.007105989405671546
52.48421080000001 0.5913097022207426 0.007105988928102571
52.5342108 0.5913095774392089 0.00710598845741156
52.58421080000001 0.5913094544575506 0.007105987993510006
52.63421080000001 0.5913093332526415 0.007105987536310667
52.6842108 0.5913092138016873 0.007105987085727557
52.73421080000001 0.5913090960822217 0.007105986641675927
52.7842108 0.5913089800721014 0.007105986204072243
52.83421080000001 0.5913088657495026 0.007105985772834181
52.88421080000001 0.5913087530929161 0.0071059853478806
52.9342108 0.5913086420811436 0.007105984929131536
52.98421080000001 0.591308532693294 0.007105984516508178
53.0342108 0.5913084249087783 0.007105984109932862
53.08421080000001 0.5913083187073067 0.007105983709329047
53.13421080000001 0.5913082140688842 0.007105983314621304
53.1842108 0.5913081109738068 0.007105982925735308
53.23421080000001 0.5913080094026576 0.007105982542597811
53.2842108 0.5913079093363034 0.007105982165136636
53.33421080000001 0.5913078107558909 0.007105981793280666
53.38421080000001 0.5913077136428427 0.00710598142695982
53.4342108 0.5913076179788544 0.007105981066105049
53.48421080000001 0.5913075237458907 0.007105980710648318
53.5342108 0.5913074309261818 0.007105980360522596
53.58421080000001 0.59130733950222 0.007105980015661839
53.63421080000001 0.5913072494567569 0.007105979676000981
53.6842108 0.5913071607727994 0.007105979341475922
53.73421080000001 0.5913070734336068 0.007105979012023508
53.7842108 0.5913069874226873 0.007105978687581531
53.83421080000001 0.591306902723795 0.007105978368088705
53.88421080000001 0.5913068193209272 0.007105978053484665
53.9342108 0.5913067371983204 0.007105977743709948
53.98421080000001 0.5913066563404479 0.007105977438705982
54.0342108 0.5913065767320167 0.007105977138415078
54.08421080000001 0.5913064983579647 0.00710597684278042
54.13421080000001 0.5913064212034574 0.007105976551746047
54.1842108 0.5913063452538855 0.00710597626525685
54.23421080000001 0.5913062704948616 0.007105975983258557
54.2842108 0.5913061969122179 0.007105975705697722
54.33421080000001 0.591306124492003 0.007105975432521719
54.38421080000001 0.5913060532204799 0.007105975163678727
54.4342108 0.5913059830841224 0.007105974899117725
54.48421080000001 0.5913059140696134 0.007105974638788475
54.5342108 0.591305846163842 0.00710597438264152
54.58421080000001 0.5913057793539004 0.007105974130628172
54.63421080000001 0.5913057136270824 0.007105973882700498
54.6842108 0.5913056489708803 0.007105973638811316
54.73421080000001 0.5913055853729826 0.007105973398914186
54.7842108 0.5913055228212719 0.007105973162963397
54.83421080000001 0.5913054613038221 0.007105972930913963
54.88421080000001 0.5913054008088963 0.007105972702721609
54.9342108 0.5913053413249447 0.007105972478342765
54.98421080000001 0.5913052828406021 0.007105972257734564
55.0342108 0.591305225344686 0.007105972040854818
55.08421080000001 0.591305168826194 0.007105971827662027
55.13421080000001 0.591305113274302 0.007105971618115359
55.1842108 0.5913050586783621 0.007105971412174649
55.23421080000001 0.5913050050279006 0.007105971209800388
55.2842108 0.5913049523126154 0.007105971010953714
55.33421080000001 0.5913049005223746 0.007105970815596408
55.38421080000001 0.5913048496472145 0.007105970623690884
55.4342108 0.5913047996773374 0.007105970435200185
55.48421080000001 0.5913047506031098 0.007105970250087971
55.5342108 0.5913047024150605 0.007105970068318513
55.58421080000001 0.5913046551038788 0.007105969889856692
55.63421080000001 0.5913046086604126 0.007105969714667983
55.6842108 0.5913045630756669 0.007105969542718455
55.73421080000001 0.5913045183408016 0.007105969373974763
55.7842108 0.5913044744471301 0.00710596920840414
55.83421080000001 0.5913044313861173 0.007105969045974389
55.88421080000001 0.5913043891493786 0.00710596888665388
55.9342108 0.5913043477286771 0.007105968730411544
55.98421080000001 0.5913043071159232 0.007105968577216867
56.0342108 0.5913042673031723 0.007105968427039878
56.08421080000001 0.5913042282826235 0.007105968279851152
56.13421080000001 0.5913041900466178 0.007105968135621798
56.1842108 0.5913041525876369 0.007105967994323455
56.23421080000001 0.5913041158983015 0.007105967855928288
56.2842108 0.5913040799713699 0.00710596772040898
56.33421080000001 0.5913040447997367 0.007105967587738727
56.38421080000001 0.5913040103764314 0.007105967457891236
56.4342108 0.5913039766946168 0.007105967330840715
56.48421080000001 0.5913039437475875 0.007105967206561873
56.5342108 0.5913039115287692 0.007105967085029909
56.58421080000001 0.5913038800317166 0.00710596696622051
56.63421080000001 0.5913038492501131 0.007105966850109849
56.6842108 0.5913038191777685 0.007105966736674574
56.73421080000001 0.5913037898086183 0.007105966625891811
56.7842108 0.5913037611367224 0.007105966517739155
56.83421080000001 0.5913037331562642 0.007105966412194659
56.88421080000001 0.5913037058615487 0.007105966309236845
56.9342108 0.591303679247002 0.007105966208844687
56.98421080000001 0.5913036533071701 0.00710596611099761
57.0342108 0.5913036280367173 0.007105966015675489
57.08421080000001 0.591303603430426 0.00710596592285864
57.13421080000001 0.5913035794831947 0.007105965832527822
57.1842108 0.5913035561900374 0.007105965744664226
57.23421080000001 0.5913035335460828 0.007105965659249475
57.2842108 0.5913035115465729 0.007105965576265624
57.33421080000001 0.5913034901868622 0.007105965495695149
57.38421080000001 0.5913034694624167 0.007105965417520945
57.4342108 0.5913034493688131 0.00710596534172633
57.48421080000001 0.5913034299017375 0.007105965268295027
57.5342108 0.591303411056985 0.007105965197211179
57.58421080000001 0.5913033928304586 0.007105965128459329
57.63421080000001 0.5913033752181683 0.007105965062024426
57.6842108 0.5913033582162301 0.007105964997891821
57.73421080000001 0.5913033418208656 0.00710596493604726
57.7842108 0.5913033260284009 0.007105964876476883
57.83421080000001 0.5913033108352657 0.007105964819167226
57.88421080000001 0.591303296237993 0.007105964764105209
57.9342108 0.5913032822332179 0.007105964711278138
57.98421080000001 0.5913032688176771 0.007105964660673704
58.0342108 0.5913032559882082 0.00710596461227998
58.08421080000001 0.5913032437417487 0.007105964566085412
58.13421080000001 0.5913032320753356 0.007105964522078826
58.1842108 0.591303220986105 0.007105964480249413
58.23421080000001 0.5913032104712908 0.007105964440586745
58.2842108 0.5913032005282245 0.007105964403080753
58.33421080000001 0.5913031911543347 0.00710596436772174
58.38421080000001 0.5913031823471464 0.007105964334500365
58.4342108 0.5913031741042801 0.007105964303407657
58.48421080000001 0.5913031664234516 0.007105964274434997
58.5342108 0.5913031593024715 0.007105964247574129
58.58421080000001 0.5913031527392443 0.007105964222817145
58.63421080000001 0.5913031467317683 0.007105964200156497
58.6842108 0.5913031412781351 0.007105964179584987
58.73421080000001 0.5913031363765289 0.007105964161095763
58.7842108 0.5913031320252258 0.007105964144682323
58.83421080000001 0.5913031282225941 0.007105964130338513
58.88421080000001 0.5913031249670934 0.007105964118058522
58.9342108 0.5913031222572739 0.007105964107836881
58.98421080000001 0.5913031200917767 0.007105964099668464
59.0342108 0.5913031184693329 0.007105964093548486
59.08421080000001 0.5913031173887636 0.007105964089472499
59.13421080000001 0.5913031168489792 0.007105964087436391
59.1842108 0.5913031168489792 0.007105964087436391
