10.236842 5.216629318155187 0.5549923857795231
10.286842 5.053405295168097 0.4714163786963607
10.336842 4.902147271350606 0.405247553435846
10.386842 4.761262698287323 0.3520001211759803
10.436842 4.629462418686515 0.3085405605811316
10.486842 4.505687949112362 0.2726272820545196
10.536842 4.389059319860855 0.2426230526514966
10.586842 4.27883687384045 0.2173099250414968
10.636842 4.174392770642394 0.195766978364916
10.686842 4.075189380704053 0.1772876588647906
10.736842 3.980762662885679 0.1613227251542577
10.786842 3.890709207043652 0.1474401276676413
10.836842 3.804676012836381 0.1352963181905057
10.886842 3.722352339405118 0.1246154177875559
10.936842 3.643463141945665 0.1151738787997744
10.986842 3.567763738185772 0.1067890471583851
11.036842 3.495035438079647 0.09931053272042946
11.086842 3.425081935139843 0.09261362751546753
11.136842 3.357726305384317 0.08659423547461574
11.186842 3.292808495030986 0.08116493012337109
11.236842 3.230183204347215 0.07625186272077995
11.286842 3.169718094902971 0.07179231776934307
11.336842 3.111292262603204 0.06773276573364222
11.386842 3.054794930511245 0.06402730084307663
11.436842 3.000124324501147 0.06063637948734727
11.486842 2.947186701833679 0.05752579498756239
11.536842 2.895895508308536 0.0546658395395593
11.586842 2.846170644053211 0.05203061534174964
11.636842 2.797937821527753 0.04959746536758964
11.686842 2.751128002151134 0.04734650065545327
11.736842 2.705676900238667 0.04526020589248766
11.786842 2.661524544795409 0.04332310884523526
11.836842 2.618614891225974 0.04152150211701264
11.886842 2.576895476265213 0.03984320799543432
11.936842 2.536317110460283 0.03827737894535086
11.986842 2.496833603384802 0.03681432771667216
12.036842 2.458401517473238 0.03544538215875683
12.086842 2.420979946954829 0.03416276072818888
12.136842 2.38453031886227 0.03295946539432669
12.186842 2.349016213508056 0.0318291892249625
12.236842 2.314403202174275 0.03076623640205357
12.286842 2.280658700061067 0.0297654527974936
12.336842 2.247751832793637 0.02882216554899381
12.386842 2.215653315005208 0.02793213033021351
12.436842 2.184335339699504 0.02709148521824961
12.486842 2.153771477256265 0.02629671023410624
12.536842 2.123936583081089 0.02554459177469052
12.586842 2.094806713019816 0.02483219127369938
12.636842 2.066359045760753 0.02415681752786989
12.686842 2.038571811537448 0.02351600220799536
12.736842 2.011424226522583 0.02290747814371715
12.786842 1.984896432371494 0.02232916002970204
12.836842 1.958969440433191 0.02177912725028974
12.886842 1.933625080198823 0.02125560856158221
12.936842 1.908845951603236 0.02075696840550553
12.986842 1.884615380835509 0.02028169466063974
13.036842 1.860917379349847 0.0198283876604374
13.086842 1.837736605799545 0.01939575033154084
13.136842 1.815058330644515 0.01898257932384811
13.186842 1.792868403207478 0.01858775702025378
13.236842 1.77115322097581 0.01821024432800934
13.286842 1.749899700965484 0.0178490741657483
13.336842 1.72909525298094 0.01750334557068751
13.386842 1.708727754620192 0.01717221835958779
13.436842 1.688785527888378 0.01685490828493569
13.486842 1.669257317295357 0.01655068263466337
13.536842 1.650132269324126 0.01625885622970011
13.586842 1.63139991316684 0.01597878777886864
13.636842 1.613050142634233 0.01570987655520631
13.686842 1.595073199152363 0.01545155936179357
13.736842 1.577459655767929 0.0152033077586865
13.786842 1.560200402090031 0.01496462552563998
13.836842 1.543286630102252 0.01473504633803006
13.886842 1.526709820784337 0.01451413163578484
13.936842 1.510461731487697 0.01430146866725486
13.986842 1.494534384013415 0.0140966686918306
14.036842 1.478920053345506 0.01389936532677826
14.086842 1.463611256995883 0.01370921302524079
14.136842 1.448600744920829 0.01352588567366264
14.186842 1.43388148997189 0.01334907529806358
14.236842 1.419446678846861 0.01317849086962707
14.286842 1.405289703509149 0.01301385720099574
14.336842 1.391404153046113 0.01285491392549559
14.386842 1.377783805939145 0.01270141455225147
14.436842 1.36442262272023 0.0125531255908198
14.486842 1.351314738991519 0.01240982573955976
14.536842 1.338454458786125 0.01227130513249786
14.586842 1.325836248249879 0.01213736463992077
14.636842 1.313454729625175 0.01200781521836289
14.686842 1.301304675519351 0.0118824773060438
14.736842 1.289381003441217 0.01176118026016116
14.786842 1.277678770590482 0.01164376183276092
14.836842 1.266193168885811 0.01153006768219223
14.886842 1.254919520218202 0.01141995091741286
14.936842 1.243853271917244 0.0113132716726448
14.986842 1.232989992418619 0.01120989671009154
15.036842 1.222325367121946 0.01110969904862045
15.086842 1.211855194428775 0.0110125576164885
15.136842 1.201575381951161 0.01091835692634765
15.186842 1.191481942881864 0.01082698677091043
15.236842 1.181570992517743 0.01073834193778751
15.286842 1.17183874492847 0.01065232194212839
15.336842 1.162281509763119 0.01056883077580525
15.386842 1.152895689187667 0.01048777667197959
15.436842 1.143677774946851 0.01040907188398168
15.486842 1.134624345544188 0.01033263247751632
15.536842 1.125732063534357 0.01025837813528376
15.586842 1.11699767292247 0.01018623197317445
15.636842 1.108417996665054 0.01011612036725974
15.686842 1.099989934267878 0.01004797279085908
15.736842 1.091710459476043 0.009981721661017705
15.786842 1.083576618051975 0.009917302193778
15.836842 1.075585525637243 0.00985465226767279
15.886842 1.067734365694308 0.009793712294910429
15.936842 1.060020387524564 0.009734425099759608
15.986842 1.052440904359188 0.009676735803677075
16.036842 1.044993291519527 0.00962059171675376
16.086842 1.037674984643926 0.009565942235084727
16.136842 1.030483477978036 0.009512738743695848
16.186842 1.023416322725839 0.009460934524685573
16.236842 1.016471125458728 0.009410484670263624
16.286842 1.009645546580147 0.009361346000390154
16.336842 1.002937298843411 0.009313476984738962
16.386842 0.9963441459204396 0.00926683766872697
16.436842 0.989863901019272 0.009221389603369309
16.486842 0.9834944255483155 0.009177095778735324
16.536842 0.9772336278253964 0.009133920560795572
16.586842 0.9710794618297695 0.009091829631463558
16.636842 0.9650299259953331 0.009050789931648704
16.686842 0.9590830620433849 0.009010769607148805
16.736842 0.9532369538533273 0.008971737957221204
16.786842 0.947489726369815 0.008933665385682105
16.836842 0.9418395445449004 0.008896523354392952
16.886842 0.9362846123138064 0.008860284339001554
16.936842 0.9308231716030171 0.008824921786813891
16.986842 0.9254535013694373 0.008790410076680182
17.036842 0.9201739166694312 0.008756724480785894
17.086842 0.9149827677566023 0.008723841128245062
17.136842 0.909878439207229 0.008691736970399388
17.186842 0.9048593490723206 0.008660389747732526
17.236842 0.8999239480553007 0.008629777958314202
17.286842 0.8950707187143753 0.008599880827693954
17.336842 0.8902981746886758 0.008570678280168977
17.386842 0.8856048599473156 0.008542150911354938
17.436842 0.8809893480605303 0.008514279961992799
17.486842 0.8764502414921086 0.008487047292928478
17.536842 0.871986170912357 0.008460435361205833
17.586842 0.8675957945308711 0.008434427197216869
17.636842 0.863277797448418 0.008409006382856146
17.686842 0.859030891027263 0.008384157030629443
17.736842 0.8548538122793021 0.00835986376366943
17.786842 0.8507453232713876 0.008336111696613795
17.836842 0.8467042105472596 0.008312886417303666
17.886842 0.8427292845655205 0.008290173969262503
17.936842 0.8388193791531104 0.008267960834917813
17.986842 0.8349733509737663 0.008246233919530034
18.036842 0.8311900790109662 0.008224980535794898
18.086842 0.8274684640648786 0.008204188389087333
18.136842 0.8238074282628612 0.008183845563316718
18.186842 0.8202059145830626 0.008163940507364817
18.236842 0.8166628863907067 0.008144462022079314
18.286842 0.8131773269866499 0.008125399247797186
18.336842 0.8097482391678189 0.008106741652373586
18.386842 0.8063746447991523 0.008088479019693052
18.436842 0.8030555843966831 0.00807060143864115
18.486842 0.7997901167214112 0.00805309929251569
18.536842 0.7965773183836325 0.008035963248857766
18.586842 0.7934162834573981 0.008019184249683828
18.636842 0.790306123104793 0.008002753502100945
18.686842 0.7872459652097337 0.007986662469288329
18.736842 0.7842349540209964 0.007970902861828982
18.786842 0.7812722498041951 0.007955466629376153
18.836842 0.7783570285024413 0.007940345952640045
18.886842 0.7754884814054274 0.007925533235680895
18.936842 0.7726658148266821 0.007911021098495239
18.986842 0.7698882497887576 0.007896802369882789
19.036842 0.7671550217161162 0.007882870080582003
19.086842 0.7644653801354897 0.007869217456662926
19.136842 0.7618185883834989 0.007855837913166434
19.186842 0.7592139233213193 0.007842725047979608
19.236842 0.7566506750561944 0.007829872635937311
19.286842 0.7541281466695996 0.007817274623140625
19.336842 0.7516456539518692 0.00780492512148313
19.386842 0.7492025251431036 0.007792818403376551
19.436842 0.7467981006801806 0.007780948896667547
19.486842 0.7444317329497014 0.007769311179737898
19.536842 0.7421027860467058 0.007757899976780635
19.586842 0.7398106355389974 0.007746710153245042
19.636842 0.7375546682369264 0.00773573671144373
19.686842 0.7353342819684786 0.007724974786315324
19.736842 0.7331488853595288 0.00771441964133655
19.786842 0.7309978976191175 0.007704066664577861
19.836842 0.7288807483296165 0.007693911364896891
19.886842 0.7267968772416534 0.007683949368264365
19.936842 0.7247457340736669 0.007674176414217301
19.986842 0.7227267783159713 0.00766458835243452
20.036842 0.7207394790392119 0.007655181139429797
20.086842 0.7187833147070944 0.007645950835358054
20.136842 0.7168577729932792 0.007636893600930313
20.186842 0.7149623506023305 0.007628005694433233
20.236842 0.7130965530946167 0.007619283468849272
20.286842 0.7112598947150602 0.007610723369073655
20.336842 0.7094518982256371 0.007602321929224502
20.386842 0.7076720947415337 0.007594075770042641
20.436842 0.7059200235708643 0.007585981596377737
20.486842 0.7041952320578622 0.007578036194757517
20.536842 0.7024972754294567 0.007570236431037066
20.586842 0.7008257166451501 0.007562579248125166
20.636842 0.6991801262501141 0.007555061663784928
20.686842 0.697560082231424 0.007547680768505921
20.736842 0.6959651698773562 0.00754043372344527
20.786842 0.6943949816396702 0.007533317758435161
20.836842 0.6928491169988046 0.007526330170054395
20.886842 0.691327182331915 0.00751946831976166
20.936842 0.689828790783686 0.007512729632088326
20.986842 0.688353562139848 0.00750611159288863
21.036842 0.6869011227033368 0.007499611747645209
21.086842 0.6854711051730301 0.007493227699828041
21.136842 0.6840631485250009 0.007486957109304877
21.186842 0.6826768978962277 0.007480797690801374
21.236842 0.6813120044707021 0.007474747212409206
21.286842 0.6799681253678802 0.007468803494140443
21.336842 0.6786449235334198 0.007462964406526613
21.386842 0.6773420676321507 0.00745722786926091
21.436842 0.6760592319432278 0.007451591849882036
21.486842 0.6747960962574143 0.007446054362498266
21.536842 0.6735523457764463 0.00744061346655036
21.586842 0.672327671014431 0.007435267265611972
21.636842 0.6711217677012329 0.007430013906226334
21.686842 0.6699343366877999 0.007424851576777931
21.736842 0.6687650838533882 0.007419778506398013
21.786842 0.6676137200146406 0.007414792963902839
21.836842 0.6664799608364773 0.007409893256763479
21.886842 0.6653635267447582 0.007405077730106211
21.936842 0.6642641428406767 0.007400344765742427
21.986842 0.6631815388168469 0.007395692781227116
22.036842 0.6621154488750458 0.007391120228944951
22.086842 0.661065611645573 0.007386625595223094
22.136842 0.6600317701081945 0.007382207399469835
22.186842 0.6590136715146329 0.007377864193338215
22.236842 0.6580110673125718 0.007373594559913838
22.286842 0.65702371307114 0.007369397112926074
22.336842 0.6560513684078446 0.007365270495981891
22.386842 0.6550937969169194 0.00736121338182162
22.436842 0.6541507660990598 0.0073572244715959
22.486842 0.6532220472925132 0.007353302494163183
22.536842 0.6523074156054962 0.007349446205407087
22.586842 0.6514066498499087 0.00734565438757301
22.636842 0.6505195324763191 0.007341925848623379
22.686842 0.6496458495101917 0.007338259421610939
22.736842 0.6487853904893314 0.007334653964069533
22.786842 0.6479379484025177 0.00733110835742181
22.836842 0.6471033196293057 0.007327621506403336
22.886842 0.6462813038809657 0.00732419233850261
22.936842 0.6454717041425416 0.007320819803416461
22.986842 0.6446743266160012 0.007317502872520399
23.036842 0.6438889806644574 0.007314240538353407
23.086842 0.6431154787574371 0.007311031814116766
23.136842 0.6423536364171765 0.007307875733186478
23.186842 0.6416032721659209 0.007304771348638854
23.236842 0.6408642074742096 0.007301717732788886
23.286842 0.6401362667101227 0.007298713976741019
23.336842 0.6394192770894737 0.007295759189951918
23.386842 0.638713068626925 0.007292852499804911
23.436842 0.6380174740880101 0.007289993051195722
23.486842 0.6373323289420422 0.00728718000612918
23.536842 0.6366574713158919 0.00728441254332656
23.586842 0.6359927419486165 0.007281689857843257
23.636842 0.6353379841469231 0.007279011160696468
23.686842 0.6346930437414484 0.007276375678502602
23.736842 0.6340577690438406 0.007273782653124124
23.786842 0.633432010804624 0.007271231341325561
23.836842 0.6328156221718343 0.007268721014438395
23.886842 0.6322084586504059 0.007266250958034589
23.936842 0.6316103780622984 0.0072638204716085
23.986842 0.6310212405073466 0.00726142886826692
24.036842 0.6304409083248202 0.007259075474427033
24.086842 0.6298692460556775 0.007256759629522033
24.136842 0.629306120405502 0.007254480685714221
24.186842 0.6287514002081065 0.007252238007615315
24.236842 0.6282049563897919 0.007250030972013819
24.286842 0.6276666619342484 0.007247858967609225
24.336842 0.6271363918480857 0.007245721394752842
24.386842 0.6266140231269809 0.007243617665195105
24.436842 0.6260994347224309 0.007241547201839131
24.486842 0.6255925075090986 0.007239509438500396
24.536842 0.6250931242527404 0.007237503819672321
24.586842 0.6246011695787052 0.007235529800297624
24.636842 0.6241165299409911 0.007233586845545288
24.686842 0.6236390935918528 0.007231674430592944
24.736842 0.6231687505519456 0.00722979204041458
24.786842 0.6227053925809982 0.007227939169573388
24.836842 0.6222489131490023 0.007226115322019611
24.886842 0.6217992074079106 0.007224320010893276
24.936842 0.6213561721638324 0.007222552758331655
24.986842 0.6209197058497181 0.007220813095281338
25.036842 0.6204897084985226 0.007219100561314792
25.086842 0.6200660817168393 0.007217414704451288
25.136842 0.6196487286589949 0.007215755080982057
25.186842 0.6192375540015972 0.007214121255299595
25.236842 0.6188324639185264 0.007212512799730986
25.286842 0.6184333660563625 0.007210929294375127
25.336842 0.6180401695102394 0.007209370326943775
25.386842 0.6176527848001199 0.007207835492606299
25.436842 0.6172711238474804 0.007206324393838037
25.486842 0.6168950999524008 0.007204836640272177
25.536842 0.6165246277710501 0.00720337184855505
25.586842 0.6161596232935618 0.007201929642204766
25.636842 0.6158000038222894 0.007200509651473093
25.686842 0.6154456879504383 0.007199111513210486
25.736842 0.6150965955410643 0.007197734870734216
25.786842 0.6147526477064338 0.007196379373699486
25.836842 0.6144137667877371 0.00719504467797346
25.886842 0.6140798763351508 0.007193730445512162
25.936842 0.6137509010882405 0.007192436344240132
25.986842 0.6134267669566988 0.007191162047932785
26.036842 0.6131074010014129 0.007189907236101412
26.086842 0.6127927314158537 0.007188671593880746
26.136842 0.6124826875077831 0.007187454811919021
26.186842 0.6121771996812725 0.007186256586270489
26.236842 0.6118761994190258 0.00718507661829029
26.286842 0.6115796192650038 0.00718391461453166
26.336842 0.6112873928073418 0.007182770286645388
26.386842 0.6109994546615574 0.007181643351281481
26.436842 0.610715740454042 0.007180533529992973
26.486842 0.6104361868058309 0.007179440549141837
26.536842 0.6101607313166475 0.007178364139806925
26.586842 0.6098893125492165 0.007177304037693928
26.636842 0.609621870013841 0.007176259983047245
26.686842 0.6093583441532389 0.007175231720563784
26.736842 0.6090986763276335 0.00717421899930858
26.786842 0.6088428088000958 0.007173221572632246
26.836842 0.6085906847221305 0.007172239198090168
26.886842 0.6083422481195049 0.007171271637363423
26.936842 0.6080974438783133 0.00717031865618138
26.986842 0.6078562177312758 0.007169380024245925
27.036842 0.6076185162442644 0.007168455515157297
27.086842 0.6073842868030539 0.007167544906341472
27.136842 0.607153477600294 0.007166647978979082
27.186842 0.6069260376226983 0.007165764517935803
27.236842 0.6067019166384443 0.007164894311694213
27.286842 0.6064810651847851 0.007164037152287043
27.336842 0.6062634345558646 0.007163192835231839
27.386842 0.6060489767907357 0.007162361159466948
27.436842 0.6058376446615759 0.007161541927288843
27.486842 0.6056293916620982 0.007160734944290722
27.536842 0.6054241719961536 0.007159940019302372
27.586842 0.6052219405665212 0.007159156964331264
27.636842 0.6050226529638831 0.007158385594504841
27.686842 0.6048262654559812 0.007157625728013986
27.736842 0.6046327349769519 0.007156877186057632
27.786842 0.604442019116837 0.007156139792788491
27.836842 0.6042540761112655 0.007155413375259876
27.886842 0.6040688648313054 0.007154697763373605
27.936842 0.6038863447734824 0.007153992789828921
27.986842 0.6037064760499604 0.007153298290072467
28.036842 0.6035292193788847 0.007152614102249231
28.086842 0.6033545360748812 0.007151940067154486
28.136842 0.6031823880397115 0.007151276028186669
28.186842 0.6030127377530808 0.007150621831301201
28.236842 0.6028455482635952 0.007149977324965218
28.286842 0.6026807831798658 0.007149342360113185
28.336842 0.6025184066617588 0.007148716790103393
28.386842 0.6023583834117866 0.007148100470675293
28.436842 0.6022006786666393 0.007147493259907686
28.486842 0.6020452581888535 0.007146895018177697
28.536842 0.6018920882586162 0.007146305608120569
28.586842 0.6017411356657019 0.007145724894590236
28.636842 0.601592367701539 0.007145152744620641
28.686842 0.6014457521514061 0.007144589027387818
28.736842 0.601301257286753 0.007144033614172692
28.786842 0.6011588518576469 0.007143486378324599
28.836842 0.6010185050853393 0.007142947195225504
28.886842 0.6008801866549532 0.007142415942254895
28.936842 0.6007438667082891 0.007141892498755357
28.986842 0.6006095158367443 0.007141376745998789
29.036842 0.6004771050743489 0.007140868567153276
29.086842 0.600346605890912 0.007140367847250567
29.136842 0.6002179901852779 0.007139874473154186
29.186842 0.6000912302786912 0.007139388333528132
29.236842 0.5999662989082681 0.007138909318806175
29.286842 0.5998431692205721 0.007138437321161714
29.336842 0.5997218147652921 0.007137972234478214
29.386842 0.5996022094890225 0.007137513954320187
29.436842 0.5994843277291423 0.007137062377904711
29.486842 0.5993681442077913 0.007136617404073477
29.536842 0.5992536340259438 0.007136178933265366
29.586842 0.5991407726575756 0.007135746867489514
29.636842 0.5990295359439241 0.007135321110298893
29.686842 0.5989199000878405 0.007134901566764359
29.736842 0.5988118416482313 0.007134488143449193
29.786842 0.5987053375345882 0.007134080748384098
29.836842 0.5986003650016046 0.00713367929104266
29.886842 0.5984969016438785 0.00713328368231725
29.936842 0.5983949253906986 0.00713289383449537
29.986842 0.5982944145009133 0.007132509661236426
30.036842 0.5981953475578811 0.007132131077548922
30.086842 0.5980977034645009 0.007131757999768069
30.136842 0.5980014614383206 0.007131390345533796
30.186842 0.5979066010067237 0.007131028033769153
30.236842 0.5978131020021911 0.007130670984659113
30.286842 0.5977209445576387 0.00713031911962975
30.336842 0.5976301091018276 0.007129972361327777
30.386842 0.5975405763548471 0.007129630633600469
30.436842 0.5974523273236692 0.007129293861475936
30.486842 0.5973653432977722 0.007128961971143739
30.536842 0.5972796058448345 0.007128634889935869
30.586842 0.5971950968064945 0.007128312546308042
30.636842 0.5971117982941786 0.007127994869821342
30.686842 0.5970296926849936 0.007127681791124178
30.736842 0.5969487626176847 0.007127373241934562
30.786842 0.5968689909886555 0.007127069155022701
30.836842 0.596790360948052 0.007126769464193891
30.886842 0.5967128558959063 0.007126474104271717
30.936842 0.596636459478342 0.007126183011081536
30.986842 0.5965611555838382 0.007125896121434262
31.036842 0.5964869283395523 0.007125613373110417
31.086842 0.5964137621077001 0.00712533470484448
31.136842 0.5963416414819926 0.007125060056309493
31.186842 0.5962705512841279 0.007124789368101935
31.236842 0.5962004765603384 0.007124522581726864
31.286842 0.5961314025779919 0.007124259639583311
31.336842 0.5960633148222449 0.007124000484949929
31.386842 0.5959961989927491 0.007123745061970886
31.436842 0.5959300410004078 0.007123493315642
31.486842 0.5958648269641841 0.007123245191797121
31.536842 0.5958005432079578 0.007123000637094732
31.586842 0.5957371762574318 0.007122759599004786
31.636842 0.5956747128370858 0.007122522025795776
31.686842 0.5956131398671778 0.007122287866522008
31.736842 0.5955524444607917 0.007122057071011106
31.786842 0.5954926139209316 0.007121829589851721
31.836842 0.5954336357376593 0.00712160537438145
31.886842 0.5953754975852786 0.007121384376674963
31.936842 0.5953181873195608 0.007121166549532328
31.986842 0.5952616929750144 0.007120951846467531
32.036842 0.595206002762197 0.007120740221697191
32.086842 0.595151105065068 0.007120531630129467
32.136842 0.595096988438383 0.007120326027353157
32.186842 0.5950436416051279 0.007120123369626962
32.236842 0.5949910534539927 0.007119923613868943
32.286842 0.5949392130368844 0.007119726717646159
32.336842 0.5948881095664778 0.007119532639164469
32.386842 0.5948377324138048 0.0071193413372585
32.436842 0.5947880711058798 0.007119152771381798
32.486842 0.5947391153233627 0.007118966901597126
32.536842 0.5946908548982563 0.007118783688566933
32.586842 0.5946432798116414 0.00711860309354398
32.636842 0.5945963801914442 0.007118425078362121
32.686842 0.5945501463102399 0.007118249605427231
32.736842 0.5945045685830889 0.007118076637708292
32.786842 0.5944596375654062 0.007117906138728617
32.836842 0.5944153439508648 0.007117738072557233
32.886842 0.5943716785693289 0.007117572403800386
32.936842 0.5943286323848213 0.007117409097593203
32.986842 0.5942861964935197 0.007117248119591483
33.036842 0.5942443621217852 0.007117089435963619
33.086842 0.5942031206242204 0.007116933013382661
33.136842 0.5941624634817569 0.007116778819018505
33.186842 0.5941223822997722 0.007116626820530201
33.236842 0.5940828688062357 0.007116476986058403
33.286842 0.5940439148498829 0.00711632928421793
33.336842 0.5940055123984169 0.007116183684090449
33.386842 0.593967653536738 0.007116040155217281
33.436842 0.5939303304651996 0.007115898667592315
33.486842 0.5938935354978918 0.007115759191655056
33.536842 0.5938572610609497 0.007115621698283761
33.586842 0.5938214996908886 0.007115486158788703
33.636842 0.593786244032964 0.007115352544905536
33.686842 0.5937514868395563 0.00711522082878877
33.736842 0.593717220968581 0.007115090983005353
33.786842 0.5936834393819221 0.007114962980528349
33.836842 0.5936501351438894 0.007114836794730728
33.886842 0.5936173014196999 0.007114712399379239
33.936842 0.5935849314739817 0.007114589768628408
33.986842 0.5935530186693004 0.007114468877014604
34.036842 0.5935215564647085 0.007114349699450212
34.086842 0.593490538414316 0.007114232211217909
34.136842 0.5934599581658835 0.007114116387965012
34.186842 0.5934298094594358 0.007114002205697928
34.236842 0.593400086125897 0.007113889640776695
34.286842 0.5933707820857462 0.007113778669909595
34.336842 0.5933418913476933 0.007113669270147876
34.386842 0.5933134080073749 0.007113561418880531
34.436842 0.5932853262460698 0.00711345509382918
34.486842 0.5932576403294345 0.007113350273043028
34.536842 0.5932303446062568 0.007113246934893894
34.586842 0.5932034335072289 0.007113145058071333
34.636842 0.5931769015437394 0.007113044621577821
34.686842 0.5931507433066818 0.00711294560472403
34.736842 0.5931249534652834 0.007112847987124164
34.786842 0.5930995267659492 0.007112751748691377
34.836842 0.593074458031126 0.007112656869633259
34.886842 0.5930497421581811 0.007112563330447401
34.936842 0.593025374118299 0.00711247111191701
34.986842 0.5930013489553954 0.007112380195106623
35.036842 0.5929776617850459 0.007112290561357859
35.086842 0.5929543077934322 0.007112202192285253
35.136842 0.5929312822363034 0.007112115069772156
35.186842 0.592908580437953 0.007112029175966685
35.236842 0.5928861977902115 0.007111944493277762
35.286842 0.5928641297514535 0.007111861004371184
35.336842 0.5928423718456213 0.007111778692165778
35.386842 0.5928209196612606 0.007111697539829605
35.436842 0.592799768850573 0.007111617530776226
35.486842 0.5927789151284811 0.007111538648661024
35.536842 0.592758354271709 0.007111460877377587
35.586842 0.592738082117875 0.007111384201054142
35.636842 0.5927180945645995 0.007111308604050053
35.686842 0.5926983875686244 0.007111234070952356
35.736842 0.5926789571449479 0.007111160586572373
35.786842 0.5926597993659702 0.007111088135942354
35.836842 0.592640910360653 0.007111016704312186
35.886842 0.5926222863136916 0.007110946277146147
35.936842 0.5926039234646988 0.007110876840119712
35.986842 0.5925858181074015 0.007110808379116408
36.036842 0.5925679665888491 0.007110740880224715
36.086842 0.5925503653086337 0.007110674329735019
36.136842 0.5925330107181216 0.007110608714136607
36.186842 0.5925158993196972 0.007110544020114716
36.236842 0.592499027666017 0.007110480234547616
36.286842 0.5924823923592758 0.007110417344503749
36.336842 0.5924659900504826 0.007110355337238906
36.386842 0.5924498174387487 0.007110294200193441
36.436842 0.5924338712705849 0.007110233920989547
36.486842 0.5924181483392107 0.007110174487428556
36.536842 0.5924026454838724 0.007110115887488283
36.586842 0.5923873595891724 0.007110058109320414
36.636842 0.5923722875844075 0.00711000114124794
36.686842 0.5923574264429178 0.007109944971762619
36.736842 0.5923427731814449 0.007109889589522477
36.786842 0.5923283248594998 0.007109834983349358
36.836842 0.5923140785787402 0.007109781142226506
36.886842 0.5923000314823565 0.007109728055296173
36.936842 0.5922861807544678 0.007109675711857282
36.986842 0.5922725236195262 0.007109624101363114
37.036842 0.5922590573417299 0.007109573213419032
37.086842 0.5922457792244458 0.007109523037780238
37.136842 0.5922326866096393 0.00710947356434957
37.186842 0.5922197768773141 0.007109424783175331
37.236842 0.5922070474449587 0.007109376684449133
37.286842 0.5921944957670026 0.007109329258503812
37.336842 0.5921821193342792 0.007109282495811338
37.386842 0.5921699156734979 0.007109236386980767
37.436842 0.5921578823467227 0.007109190922756242
37.486842 0.5921460169508599 0.007109146094014991
37.536842 0.5921343171171519 0.00710910189176539
37.586842 0.5921227805106798 0.00710905830714503
37.636842 0.5921114048298723 0.007109015331418825
37.686842 0.5921001878060228 0.007108972955977142
37.736842 0.5920891272028127 0.007108931172333968
37.786842 0.5920782208158423 0.007108889972125098
37.836842 0.5920674664721687 0.007108849347106349
37.886842 0.5920568620298499 0.007108809289151806
37.936842 0.5920464053774961 0.007108769790252089
37.986842 0.5920360944338279 0.007108730842512653
38.036842 0.59202592714724 0.007108692438152106
38.086842 0.5920159014953726 0.007108654569500559
38.136842 0.5920060154846878 0.007108617228997994
38.186842 0.5919962671500533 0.007108580409192659
38.236842 0.5919866545543315 0.007108544102739491
38.286842 0.5919771757879756 0.007108508302398561
38.336842 0.59196782896863 0.007108473001033537
38.386842 0.5919586122407382 0.00710843819161017
38.436842 0.5919495237751558 0.007108403867194819
38.486842 0.5919405617687689 0.007108370020952972
38.536842 0.5919317244441187 0.00710833664614781
38.586842 0.5919230100490309 0.007108303736138782
38.636842 0.5919144168562516 0.007108271284380208
38.686842 0.591905943163087 0.007108239284419891
38.736842 0.59189758729105 0.007108207729897766
38.786842 0.5918893475855111 0.007108176614544557
38.836842 0.5918812224153542 0.007108145932180458
38.886842 0.5918732101726382 0.007108115676713835
38.936842 0.5918653092722628 0.007108085842139939
38.986842 0.59185751815164 0.007108056422539658
39.036842 0.5918498352703696 0.00710802741207826
39.086842 0.5918422591099201 0.007107998805004177
39.136842 0.5918347881733135 0.0071079705956478
39.186842 0.5918274209848157 0.007107942778420283
39.236842 0.5918201560896308 0.007107915347812385
39.286842 0.5918129920535997 0.007107888298393305
39.336842 0.5918059274629038 0.007107861624809553
39.386842 0.5917989609237722 0.007107835321783827
39.436842 0.5917920910621937 0.007107809384113915
39.486842 0.5917853165236332 0.007107783806671601
39.536842 0.5917786359727518 0.007107758584401607
39.586842 0.5917720480931309 0.007107733712320526
39.636842 0.5917655515870006 0.007107709185515789
39.686842 0.5917591451749723 0.007107684999144642
39.736842 0.5917528275957745 0.007107661148433135
39.786842 0.5917465976059932 0.007107637628675133
39.836842 0.5917404539798156 0.00710761443523133
39.886842 0.5917343955087775 0.007107591563528293
39.936842 0.5917284210015151 0.007107569009057508
39.986842 0.5917225292835192 0.007107546767374438
40.036842 0.5917167191968939 0.007107524834097611
40.086842 0.5917109896001189 0.007107503204907702
40.136842 0.5917053393678142 0.007107481875546646
40.186842 0.5916997673905097 0.007107460841816747
40.236842 0.5916942725744168 0.007107440099579817
40.286842 0.5916888538412042 0.007107419644756311
40.336842 0.5916835101277768 0.007107399473324492
40.386842 0.5916782403860572 0.007107379581319589
40.436842 0.5916730435827714 0.007107359964832989
40.486842 0.5916679186992367 0.007107340620011422
40.536842 0.591662864731153 0.007107321543056166
40.586842 0.5916578806883976 0.007107302730222264
40.636842 0.5916529655948222 0.007107284177817755
40.686842 0.591648118488053 0.007107265882202909
40.736842 0.5916433384192945 0.007107247839789476
40.786842 0.5916386244531353 0.007107230047039952
40.836842 0.5916339756673565 0.007107212500466847
40.886842 0.5916293911527439 0.007107195196631965
40.936842 0.5916248700129022 0.007107178132145707
40.986842 0.591620411364072 0.007107161303666364
41.036842 0.5916160143349491 0.007107144707899433
41.086842 0.5916116780665079 0.007107128341596944
41.136842 0.5916074017118252 0.00710711220155679
41.186842 0.591603184435908 0.007107096284622073
41.236842 0.5915990254155232 0.007107080587680451
41.286842 0.5915949238390307 0.007107065107663511
41.336842 0.5915908789062171 0.007107049841546125
41.386842 0.5915868898281339 0.007107034786345846
41.436842 0.5915829558269363 0.007107019939122288
41.486842 0.5915790761357254 0.007107005296976527
41.536842 0.5915752499983923 0.007106990857050508
41.586842 0.5915714766694645 0.007106976616526465
41.636842 0.5915677554139545 0.007106962572626337
41.686842 0.5915640855072103 0.007106948722611211
41.736842 0.591560466234769 0.007106935063780749
41.786842 0.5915568968922111 0.007106921593472656
41.836842 0.5915533767850185 0.00710690830906212
41.886842 0.5915499052284326 0.007106895207961286
41.936842 0.5915464815473168 0.007106882287618725
41.986842 0.5915431050760188 0.00710686954551892
42.036842 0.5915397751582364 0.007106856979181744
42.086842 0.5915364911468842 0.00710684458616197
42.136842 0.5915332524039632 0.007106832364048754
42.186842 0.5915300583004311 0.007106820310465166
42.236842 0.5915269082160759 0.007106808423067692
42.28684200000001 0.5915238015393897 0.007106796699545763
42.336842 0.591520737667446 0.007106785137621288
42.386842 0.5915177160057771 0.007106773735048188
42.436842 0.5915147359682549 0.007106762489611944
42.486842 0.591511796976972 0.007106751399129143
42.53684200000001 0.5915088984621253 0.007106740461447041
42.586842 0.5915060398619012 0.007106729674443123
42.636842 0.5915032206223623 0.007106719036024677
42.686842 0.5915004401973355 0.007106708544128364
42.736842 0.5914976980483024 0.007106698196719809
42.78684200000001 0.5914949936442905 0.007106687991793179
42.836842 0.5914923264617663 0.007106677927370789
42.886842 0.5914896959845303 0.007106668001502696
42.936842 0.591487101703613 0.007106658212266302
42.986842 0.591484543117172 0.007106648557765972
43.03684200000001 0.5914820197303922 0.007106639036132653
43.086842 0.5914795310553853 0.007106629645523487
43.136842 0.5914770766110925 0.007106620384121447
43.186842 0.5914746559231873 0.007106611250134968
43.236842 0.5914722685239807 0.007106602241797591
43.28684200000001 0.5914699139523275 0.007106593357367598
43.336842 0.5914675917535331 0.007106584595127669
43.386842 0.591465301479263 0.007106575953384535
43.436842 0.5914630426874525 0.007106567430468631
43.486842 0.5914608149422184 0.00710655902473377
43.53684200000001 0.5914586178137712 0.007106550734556804
43.586842 0.5914564508783295 0.007106542558337303
43.636842 0.5914543137180353 0.007106534494497231
43.686842 0.5914522059208693 0.007106526541480628
43.736842 0.59145012708057 0.007106518697753299
43.78684200000001 0.5914480767965512 0.00710651096180251
43.836842 0.5914460546738225 0.007106503332136678
43.886842 0.5914440603229101 0.007106495807285073
43.936842 0.5914420933597792 0.007106488385797527
43.986842 0.5914401534057571 0.007106481066244144
44.03684200000001 0.5914382400874578 0.007106473847215005
44.086842 0.5914363530367071 0.007106466727319897
44.136842 0.5914344918904693 0.007106459705188025
44.186842 0.5914326562907751 0.007106452779467747
44.236842 0.5914308458846499 0.007106445948826294
44.28684200000001 0.5914290603240432 0.007106439211949511
44.336842 0.5914272992657598 0.00710643256754159
44.386842 0.591425562371391 0.007106426014324816
44.436842 0.5914238493072472 0.007106419551039305
44.486842 0.5914221597442919 0.007106413176442758
44.53684200000001 0.5914204933580756 0.007106406889310211
44.586842 0.5914188498286717 0.007106400688433788
44.636842 0.5914172288406125 0.007106394572622467
44.686842 0.591415630082827 0.007106388540701837
44.736842 0.5914140532485785 0.007106382591513866
44.78684200000001 0.591412498035404 0.007106376723916666
44.836842 0.5914109641450537 0.007106370936784273
44.886842 0.5914094512834323 0.007106365229006418
44.936842 0.5914079591605402 0.007106359599488306
44.986842 0.5914064874904166 0.007106354047150403
45.03684200000001 0.5914050359910815 0.007106348570928213
45.086842 0.591403604384481 0.007106343169772073
45.136842 0.5914021923964317 0.007106337842646942
45.186842 0.591400799756566 0.007106332588532196
45.236842 0.5913994261982791 0.007106327406421425
45.28684200000001 0.591398071458676 0.007106322295322234
45.336842 0.5913967352785192 0.007106317254256042
45.386842 0.5913954174021776 0.007106312282257893
45.436842 0.591394117577576 0.007106307378376267
45.486842 0.5913928355561449 0.007106302541672878
45.53684200000001 0.5913915710927713 0.007106297771222504
45.586842 0.5913903239457508 0.007106293066112792
45.636842 0.5913890938767392 0.007106288425444088
45.686842 0.5913878806507058 0.007106283848329245
45.736842 0.5913866840358866 0.007106279333893462
45.78684200000001 0.5913855038037388 0.0071062748812741
45.836842 0.5913843397288955 0.007106270489620516
45.886842 0.5913831915891214 0.007106266158093893
45.936842 0.591382059165269 0.007106261885867079
45.986842 0.5913809422412347 0.007106257672124416
46.03684200000001 0.5913798406039172 0.007106253516061584
46.086842 0.5913787540431747 0.007106249416885441
46.136842 0.5913776823517838 0.007106245373813867
46.186842 0.5913766253253984 0.007106241386075605
46.236842 0.5913755827625099 0.007106237452910117
46.28684200000001 0.5913745544644073 0.007106233573567425
46.336842 0.5913735402351378 0.007106229747307975
46.386842 0.5913725398814685 0.007106225973402473
46.436842 0.5913715532128485 0.007106222251131762
46.486842 0.591370580041371 0.007106218579786663
46.53684200000001 0.5913696201817369 0.007106214958667848
46.586842 0.5913686734512178 0.007106211387085695
46.636842 0.5913677396696203 0.007106207864360152
46.686842 0.591366818659251 0.007106204389820609
46.736842 0.5913659102448808 0.007106200962805758
46.78684200000001 0.5913650142537114 0.007106197582663472
46.836842 0.5913641305153402 0.007106194248750671
46.886842 0.5913632588617281 0.007106190960433193
46.936842 0.5913623991271658 0.007106187717085677
46.986842 0.5913615511482414 0.007106184518091435
47.03684200000001 0.5913607147638085 0.007106181362842332
47.086842 0.5913598898149544 0.007106178250738667
47.136842 0.5913590761449691 0.007106175181189054
47.186842 0.5913582735993145 0.007106172153610309
47.236842 0.5913574820255942 0.007106169167427332
47.28684200000001 0.5913567012735238 0.007106166222072997
47.336842 0.5913559311949009 0.007106163316988036
47.386842 0.5913551716435769 0.007106160451620935
47.436842 0.5913544224754277 0.007106157625427829
47.486842 0.591353683548326 0.007106154837872383
47.53684200000001 0.5913529547221129 0.007106152088425697
47.586842 0.5913522358585714 0.007106149376566203
47.636842 0.5913515268213985 0.007106146701779551
47.686842 0.591350827476179 0.007106144063558527
47.736842 0.591350137690359 0.00710614146140294
47.78684200000001 0.5913494573332206 0.007106138894819525
47.836842 0.5913487862758555 0.007106136363321854
47.886842 0.5913481243911405 0.007106133866430236
47.936842 0.591347471553712 0.007106131403671619
47.986842 0.5913468276399427 0.007106128974579509
48.03684200000001 0.5913461925279162 0.007106126578693867
48.086842 0.591345566097404 0.007106124215561027
48.136842 0.5913449482298417 0.007106121884733607
48.186842 0.5913443388083063 0.007106119585770413
48.236842 0.5913437377174927 0.007106117318236366
48.28684200000001 0.5913431448436921 0.007106115081702407
48.336842 0.5913425600747693 0.00710611287574542
48.386842 0.5913419833001408 0.007106110699948143
48.436842 0.5913414144107536 0.007106108553899091
48.486842 0.5913408532990638 0.007106106437192479
48.53684200000001 0.5913402998590157 0.007106104349428134
48.586842 0.5913397539860211 0.007106102290211424
48.636842 0.5913392155769392 0.00710610025915318
48.686842 0.5913386845300561 0.007106098255869617
48.736842 0.5913381607450653 0.007106096279982265
48.78684200000001 0.5913376441230482 0.007106094331117889
48.836842 0.5913371345664552 0.007106092408908421
48.886842 0.5913366319790859 0.00710609051299089
48.936842 0.5913361362660713 0.007106088643007344
48.986842 0.5913356473338547 0.007106086798604784
49.03684200000001 0.5913351650901741 0.007106084979435104
49.086842 0.591334689444044 0.007106083185155005
49.136842 0.5913342203057375 0.007106081415425947
49.186842 0.5913337575867694 0.007106079669914074
49.236842 0.5913333011998789 0.007106077948290148
49.28684200000001 0.5913328510590123 0.007106076250229488
49.336842 0.5913324070793069 0.007106074575411907
49.386842 0.591331969177074 0.007106072923521652
49.436842 0.5913315372697829 0.007106071294247337
49.486842 0.5913311112760452 0.007106069687281886
49.53684200000001 0.5913306911155986 0.007106068102322477
49.586842 0.5913302767092915 0.007106066539070473
49.636842 0.5913298679790677 0.007106064997231379
49.686842 0.5913294648479515 0.007106063476514769
49.736842 0.5913290672400323 0.007106061976634243
49.78684200000001 0.5913286750804504 0.007106060497307362
49.836842 0.5913282882953823 0.007106059038255602
49.886842 0.5913279068120265 0.007106057599204291
49.936842 0.5913275305585894 0.007106056179882565
49.986842 0.5913271594642713 0.007106054780023307
50.03684200000001 0.5913267934592527 0.007106053399363098
50.086842 0.5913264324746811 0.007106052037642174
50.136842 0.5913260764426574 0.007106050694604364
50.186842 0.5913257252962232 0.007106049369997044
50.236842 0.5913253789693471 0.007106048063571096
50.28684200000001 0.5913250373969128 0.007106046775080847
50.336842 0.5913247005147059 0.007106045504284033
50.386842 0.5913243682594018 0.007106044250941747
50.436842 0.5913240405685538 0.007106043014818392
50.486842 0.5913237173805801 0.007106041795681636
50.53684200000001 0.5913233986347529 0.007106040593302368
50.586842 0.5913230842711863 0.007106039407454658
50.636842 0.5913227742308246 0.007106038237915704
50.686842 0.5913224684554311 0.007106037084465796
50.736842 0.591322166887577 0.007106035946888275
50.78684200000001 0.5913218694706299 0.007106034824969481
50.836842 0.5913215761487435 0.007106033718498729
50.886842 0.5913212868668462 0.007106032627268248
50.936842 0.5913210015706308 0.007106031551073156
50.986842 0.5913207202065445 0.007106030489711418
51.03684200000001 0.5913204427217775 0.007106029442983802
51.086842 0.591320169064254 0.007106028410693844
51.136842 0.5913198991826215 0.007106027392647809
51.186842 0.5913196330262408 0.007106026388654657
51.236842 0.5913193705451769 0.007106025398525999
51.28684200000001 0.5913191116901888 0.007106024422076071
51.336842 0.5913188564127202 0.00710602345912169
51.386842 0.5913186046648904 0.00710602250948222
51.436842 0.5913183563994847 0.007106021572979541
51.486842 0.5913181115699458 0.00710602064943801
51.53684200000001 0.5913178701303645 0.007106019738684432
51.586842 0.5913176320354707 0.007106018840548025
51.636842 0.5913173972406254 0.007106017954860382
51.686842 0.5913171657018111 0.007106017081455448
51.736842 0.5913169373756246 0.007106016220169482
51.78684200000001 0.5913167122192676 0.007106015370841024
51.836842 0.5913164901905389 0.00710601453331087
51.886842 0.5913162712478264 0.007106013707422039
51.936842 0.5913160553500989 0.007106012893019738
51.986842 0.5913158424568984 0.007106012089951338
52.03684200000001 0.5913156325283323 0.007106011298066346
52.086842 0.5913154255250654 0.007106010517216369
52.136842 0.5913152214083131 0.007106009747255093
52.186842 0.5913150201398329 0.007106008988038247
52.236842 0.5913148216819184 0.007106008239423586
52.28684200000001 0.5913146259973909 0.007106007501270855
52.336842 0.5913144330495929 0.007106006773441761
52.386842 0.5913142428023807 0.007106006055799956
52.436842 0.5913140552201177 0.007106005348211004
52.486842 0.5913138702676677 0.007106004650542352
52.53684200000001 0.5913136879103879 0.007106003962663312
52.586842 0.5913135081141223 0.007106003284445035
52.636842 0.5913133308451954 0.00710600261576048
52.686842 0.5913131560704054 0.007106001956484396
52.736842 0.5913129837570178 0.007106001306493294
52.78684200000001 0.5913128138727597 0.007106000665665428
52.836842 0.5913126463858132 0.007106000033880767
52.886842 0.5913124812648092 0.007105999411020974
52.936842 0.5913123184788216 0.007105998796969383
52.986842 0.5913121579973613 0.007105998191610977
53.03684200000001 0.5913119997903704 0.007105997594832366
53.086842 0.5913118438282167 0.007105997006521763
53.136842 0.5913116900816873 0.007105996426568969
53.186842 0.5913115385219837 0.007105995854865342
53.236842 0.5913113891207161 0.007105995291303787
53.28684200000001 0.5913112418498979 0.007105994735778727
53.336842 0.5913110966819404 0.007105994188186088
53.386842 0.5913109535896472 0.007105993648423275
53.436842 0.5913108125462098 0.007105993116389153
53.486842 0.5913106735252013 0.007105992591984037
53.53684200000001 0.5913105365005726 0.007105992075109653
53.586842 0.5913104014466466 0.007105991565669144
53.636842 0.5913102683381132 0.007105991063567029
53.686842 0.5913101371500252 0.007105990568709198
53.736842 0.591310007857793 0.007105990081002891
53.78684200000001 0.5913098804371797 0.007105989600356678
53.836842 0.591309754864297 0.007105989126680446
53.886842 0.5913096311156003 0.007105988659885375
53.936842 0.5913095091678843 0.007105988199883928
53.986842 0.5913093889982785 0.007105987746589829
54.03684200000001 0.5913092705842425 0.007105987299918052
54.086842 0.5913091539035629 0.007105986859784795
54.136842 0.5913090389343473 0.007105986426107477
54.186842 0.5913089256550214 0.007105985998804713
54.236842 0.5913088140443244 0.007105985577796301
54.28684200000001 0.5913087040813052 0.007105985163003205
54.336842 0.591308595745318 0.007105984754347543
54.386842 0.5913084890160185 0.007105984351752572
54.436842 0.59130838387336 0.00710598395514267
54.486842 0.59130828029759 0.007105983564443323
54.53684200000001 0.5913081782692455 0.007105983179581112
54.586842 0.5913080777691502 0.007105982800483699
54.636842 0.5913079787784102 0.007105982427079811
54.686842 0.5913078812784109 0.007105982059299226
54.736842 0.5913077852508128 0.007105981697072766
54.78684200000001 0.5913076906775487 0.007105981340332274
54.836842 0.5913075975408195 0.007105980989010608
54.886842 0.5913075058230916 0.007105980643041626
54.936842 0.5913074155070925 0.007105980302360172
54.986842 0.5913073265758089 0.007105979966902068
55.03684200000001 0.5913072390124821 0.007105979636604094
55.086842 0.5913071528006052 0.007105979311403983
55.136842 0.5913070679239206 0.007105978991240407
55.186842 0.5913069843664159 0.007105978676052963
55.236842 0.5913069021123216 0.007105978365782166
55.28684200000001 0.5913068211461074 0.00710597806036943
55.336842 0.5913067414524799 0.007105977759757063
55.386842 0.5913066630163791 0.007105977463888259
55.436842 0.5913065858229759 0.007105977172707076
55.486842 0.5913065098576691 0.007105976886158437
55.53684200000001 0.5913064351060824 0.00710597660418811
55.586842 0.591306361554062 0.007105976326742703
55.636842 0.5913062891876738 0.007105976053769654
55.686842 0.5913062179932004 0.007105975785217219
55.736842 0.5913061479571388 0.007105975521034459
55.78684200000001 0.5913060790661977 0.007105975261171238
55.836842 0.5913060113072951 0.007105975005578208
55.886842 0.5913059446675553 0.007105974754206798
55.936842 0.5913058791343068 0.00710597450700921
55.986842 0.59130581469508 0.007105974263938402
56.03684200000001 0.5913057513376047 0.007105974024948093
56.086842 0.5913056890498072 0.007105973789992736
56.136842 0.5913056278198087 0.007105973559027521
56.186842 0.5913055676359226 0.007105973332008366
56.236842 0.5913055084866523 0.007105973108891901
56.28684200000001 0.5913054503606893 0.00710597288963547
56.336842 0.5913053932469103 0.007105972674197112
56.386842 0.5913053371343758 0.007105972462535562
56.436842 0.5913052820123277 0.007105972254610238
56.486842 0.591305227870187 0.007105972050381233
56.53684200000001 0.5913051746975521 0.007105971849809311
56.586842 0.5913051224841964 0.007105971652855898
56.636842 0.5913050712200669 0.007105971459483067
56.686842 0.5913050208952816 0.007105971269653543
56.736842 0.5913049715001278 0.00710597108333069
56.78684200000001 0.5913049230250604 0.0071059709004785
56.836842 0.5913048754607 0.007105970721061592
56.886842 0.5913048287978309 0.007105970545045204
56.936842 0.5913047830273993 0.007105970372395182
56.986842 0.5913047381405118 0.007105970203077979
57.03684200000001 0.5913046941284333 0.007105970037060646
57.086842 0.5913046509825857 0.007105969874310822
57.136842 0.5913046086945457 0.007105969714796736
57.186842 0.5913045672560437 0.007105969558487192
57.236842 0.5913045266589618 0.007105969405351566
57.28684200000001 0.5913044868953323 0.007105969255359805
57.336842 0.5913044479573362 0.007105969108482413
57.386842 0.5913044098373017 0.007105968964690453
57.436842 0.5913043725277025 0.007105968823955531
57.486842 0.5913043360211565 0.007105968686249804
57.53684200000001 0.5913043003104242 0.007105968551545961
57.586842 0.5913042653884074 0.007105968419817227
57.636842 0.5913042312481477 0.007105968291037353
57.686842 0.5913041978828248 0.007105968165180614
57.736842 0.5913041652857562 0.007105968042221801
57.78684200000001 0.5913041334503946 0.007105967922136214
57.836842 0.591304102370327 0.007105967804899667
57.886842 0.5913040720392743 0.007105967690488471
57.936842 0.5913040424510886 0.007105967578879436
57.986842 0.5913040135997528 0.007105967470049865
58.03684200000001 0.5913039854793796 0.007105967363977549
58.086842 0.5913039580842095 0.007105967260640764
58.136842 0.5913039314086105 0.007105967160018263
58.186842 0.5913039054470763 0.007105967062089277
58.236842 0.5913038801942258 0.007105966966833507
58.28684200000001 0.5913038556448009 0.00710596687423112
58.336842 0.5913038317936672 0.007105966784262747
58.386842 0.591303808635811 0.007105966696909475
58.436842 0.5913037861663398 0.007105966612152849
58.486842 0.5913037643804804 0.007105966529974865
58.53684200000001 0.5913037432735783 0.007105966450357965
58.586842 0.5913037228410966 0.007105966373285036
58.636842 0.591303703078615 0.007105966298739401
58.686842 0.5913036839818292 0.007105966226704827
58.736842 0.5913036655465496 0.007105966157165508
58.78684200000001 0.5913036477687006 0.00710596609010607
58.836842 0.5913036306443198 0.007105966025511569
58.886842 0.5913036141695568 0.007105965963367478
58.936842 0.591303598340673 0.007105965903659696
58.986842 0.5913035831540403 0.007105965846374537
59.03684200000001 0.5913035686061405 0.00710596579149873
59.086842 0.5913035546935644 0.007105965739019414
59.136842 0.5913035414130113 0.007105965688924139
59.186842 0.5913035287612881 0.00710596564120086
59.236842 0.5913035167353086 0.007105965595837936
59.28684200000001 0.5913035053320927 0.007105965552824126
59.336842 0.5913034945487664 0.007105965512148588
59.386842 0.59130348438256 0.007105965473800874
59.436842 0.5913034748308085 0.007105965437770933
59.486842 0.5913034658909504 0.0071059654040491
59.53684200000001 0.5913034575605273 0.007105965372626104
59.586842 0.5913034498371832 0.007105965343493058
59.636842 0.5913034427186644 0.007105965316641458
59.686842 0.5913034362028184 0.007105965292063188
59.736842 0.5913034302875935 0.007105965269750506
59.78684200000001 0.5913034249710383 0.007105965249696053
59.836842 0.5913034202513016 0.007105965231892845
59.886842 0.5913034161266314 0.007105965216334274
59.936842 0.5913034125953748 0.007105965203014103
59.986842 0.5913034096559772 0.00710596519192647
60.03684200000001 0.5913034073069822 0.007105965183065881
60.086842 0.5913034055470312 0.007105965176427212
60.136842 0.5913034043748628 0.007105965172005704
60.186842 0.5913034037893126 0.007105965169796963
60.236842 0.5913034037893126 0.007105965169796963
