9.7105265 5.211690542159163 0.5522583214967894
9.760526500000001 5.04798837236385 0.468869864862619
9.8105265 4.896282518677527 0.4028780949080599
9.860526500000001 4.754977448963282 0.3497949746850628
9.9105265 4.622781634867489 0.3064865306877196
9.9605265 4.498634658281413 0.270711597277537
10.0105265 4.381654933574495 0.2408337658366194
10.0605265 4.271101425965886 0.2156360659183994
10.1105265 4.166345099255309 0.1941985781156895
10.1605265 4.066847269761976 0.1758157107167098
10.2105265 3.972142954654363 0.1599391154654573
10.2605265 3.881827892899203 0.146137556020742
10.3105265 3.795548307828983 0.1340682162708484
10.3605265 3.712992744450122 0.1234558719968505
10.4105265 3.633885496457071 0.1140775588882686
10.4605265 3.557981265229273 0.1057511416967807
10.5105265 3.485060783596949 0.09832669145022194
10.5605265 3.414927202416755 0.09167991021768285
10.6105265 3.34740308565811 0.08570706681426503
10.6605265 3.282327894927961 0.08032105986429051
10.7105265 3.219555870688727 0.07544833070763372
10.7605265 3.158954237303102 0.07102642310872768
10.8105265 3.10040167419379 0.06700203965635125
10.8605265 3.043787007062858 0.06332948278453279
10.9105265 2.989008082156753 0.05996939597748654
10.9605265 2.935970793631298 0.05688774099226327
11.0105265 2.884588239637522 0.05405496194180392
11.0605265 2.834779987163716 0.05144529829171023
11.1105265 2.786471429193041 0.04903621726685679
11.1605265 2.739593220566458 0.04680794257200861
11.2105265 2.694080781227608 0.04474306123022122
11.2605265 2.649873857384165 0.04282619411529638
11.3105265 2.606916132637644 0.04104371867852646
11.3605265 2.565154882379156 0.03938353465054625
11.4105265 2.524540665775944 0.03783486528856253
11.4605265 2.485027050524649 0.03638808815134865
11.5105265 2.446570366255494 0.03503459050481188
11.5605265 2.409129483063388 0.03376664535454982
11.6105265 2.372665612138396 0.0325773048180646
11.6605265 2.337142125886077 0.03146030812613474
11.7105265 2.302524395281489 0.03041000200950584
11.7605265 2.268779642500305 0.02942127160624529
11.8105265 2.235876807125466 0.02848948033449999
11.8605265 2.203786424445417 0.02761041742885948
11.9105265 2.172480514546384 0.0267802520469744
11.9605265 2.141932481061187 0.02599549302514213
12.0105265 2.112117018574972 0.02525295350410804
12.0605265 2.083010027807295 0.02454971976481507
12.1105265 2.054588537793109 0.02388312371265063
12.1605265 2.026830634374723 0.02325071853141953
12.2105265 1.999715394394711 0.02265025709765952
12.2605265 1.973222825047715 0.02207967280432698
12.3105265 1.947333807908515 0.02153706249218907
12.3605265 1.922030047205858 0.02102067122900156
12.4105265 1.897294021957239 0.02052887871198412
12.4605265 1.873108941620122 0.02006018709925952
12.5105265 1.849458704950591 0.01961321010165105
12.5605265 1.826327861791804 0.0191866631882372
12.6105265 1.803701577542377 0.01877935477792729
12.6605265 1.781565600079504 0.01839017830553239
12.7105265 1.759906228933471 0.01801810506476591
12.7605265 1.738710286529751 0.01766217774265762
12.8105265 1.717965091332215 0.01732150457028528
12.8605265 1.697658432736507 0.01699525402375986
12.9105265 1.677778547576561 0.01668265001724289
12.9605265 1.658314098119604 0.01638296753659802
13.0105265 1.639254151436218 0.01609552866822719
13.0605265 1.620588160042014 0.01581969898283613
13.1105265 1.602305943716519 0.0155548842384183
13.1605265 1.584397672413006 0.01530052737072898
13.2105265 1.566853850180339 0.01505610574301709
13.2605265 1.549665300024516 0.01482112862985646
13.3105265 1.532823149643642 0.01459513491262565
13.3605265 1.516318817975429 0.0143776909665733
13.4105265 1.500144002501333 0.0141683887215159
13.4605265 1.484290667255827 0.01396684388008125
13.5105265 1.468751031493472 0.01377269427906469
13.5605265 1.453517558970069 0.01358559838093285
13.6105265 1.438582947797619 0.01340523388381305
13.6605265 1.423940120835845 0.01323129643946707
13.7105265 1.409582216585897 0.01306349846978086
13.7605265 1.395502580554375 0.01290156807322448
13.8105265 1.38169475705821 0.01274524801355913
13.8605265 1.368152481443067 0.01259429478380537
13.9105265 1.354869672689923 0.01244847773914529
13.9605265 1.341840426386281 0.01230757829302299
14.0105265 1.329059008040162 0.01217138917123782
14.0605265 1.316519846716528 0.01203971371930171
14.1105265 1.304217528977218 0.01191236525876039
14.1605265 1.292146793106767 0.01178916648856461
14.2105265 1.280302523607688 0.01166994892792516
14.2605265 1.268679745949875 0.01155455239739979
14.3105265 1.257273621559853 0.01144282453524345
14.3605265 1.246079443036482 0.01133462034631018
14.4105265 1.23509262958066 0.01122980178102652
14.4605265 1.224308722627318 0.01112823734216721
14.5105265 1.213723381668792 0.01102980171735416
14.5605265 1.20333238025933 0.01093437543537307
14.6105265 1.193131602191126 0.01084184454455924
14.6605265 1.183117037832904 0.01075210031164695
14.7105265 1.173284780622589 0.01066503893960714
14.7605265 1.163631023706147 0.01058056130311663
14.8105265 1.154152056715139 0.0104985727004099
14.8605265 1.144844262675996 0.01041898262036347
14.9105265 1.135704115044416 0.01034170452375258
14.9605265 1.126728174858701 0.0102666556377024
15.0105265 1.117913088006177 0.01019375676243115
15.0605265 1.109255582597221 0.01012293208945127
15.1105265 1.100752466441688 0.01005410903045818
15.1605265 1.092400624622869 0.009987218056193795
15.2105265 1.084197017164348 0.009922192544624862
15.2605265 1.076138676785415 0.009858968637825375
15.3105265 1.068222706740914 0.009797485106996571
15.3605265 1.060446278741635 0.009737683225099485
15.4105265 1.052806630951573 0.009679506646612695
15.4605265 1.045301066058579 0.009622901293962883
15.5105265 1.037926949415102 0.009567815250207798
15.5605265 1.030681707245909 0.009514198657580877
15.6105265 1.02356282491983 0.009462003621534086
15.6605265 1.016567845282716 0.009411184119940635
15.7105265 1.009694367048977 0.009361695917142615
15.7605265 1.002940043249151 0.009313496482550013
15.8105265 0.9963025797311433 0.009266544913517465
15.8605265 0.9897797337128448 0.009220801862243546
15.9105265 0.9833693123839828 0.009176229466454381
15.9605265 0.9770691715551543 0.009132791283649133
16.0105265 0.9708772143520915 0.009090452228699608
16.0605265 0.9647913899533097 0.00904917851460973
16.1105265 0.9588096923693737 0.009008937596253222
16.1605265 0.9529301592621051 0.00896969811691954
16.2105265 0.9471508708021336 0.00893142985750898
16.2605265 0.9414699485632712 0.008894103688227902
16.3105265 0.9358855544522585 0.008857691522644449
16.3605265 0.9303958896725022 0.008822166273973885
16.4105265 0.9249991937204844 0.008787501813470733
16.4605265 0.9196937434135886 0.00875367293081254
16.5105265 0.9144778519481404 0.008720655296367107
16.5605265 0.9093498679865193 0.008688425425241595
16.6105265 0.9043081747722478 0.008656960643018092
16.6605265 0.8993511892720112 0.008626239053085887
16.7105265 0.8944773613436129 0.008596239505486129
16.7605265 0.8896851729289075 0.008566941567189438
16.8105265 0.8849731372708016 0.008538325493731789
16.8605265 0.8803397981534483 0.008510372202138322
16.9105265 0.8757837291648 0.008483063245068787
16.9605265 0.8713035329807203 0.008456380786122169
17.0105265 0.8668978406698898 0.008430307576241658
17.0605265 0.8625653110187719 0.008404826931164401
17.1105265 0.8583046298759369 0.008379922709863645
17.1605265 0.8541145095150713 0.008355579293933853
17.2105265 0.8499936880160266 0.008331781567872079
17.2605265 0.8459409286632886 0.008308514900211519
17.3105265 0.8419550193612754 0.008285765125465555
17.3605265 0.8380347720658917 0.008263518526842907
17.4105265 0.834179022231797 0.008241761819696651
17.4605265 0.8303866282748579 0.008220482135671872
17.5105265 0.8266564710492867 0.008199667007518613
17.5605265 0.8229874533389769 0.008179304354538543
17.6105265 0.8193784993625739 0.008159382468635486
17.6605265 0.8158285542918335 0.008139890000941511
17.7105265 0.8123365837828384 0.008120815948991719
17.7605265 0.8089015735196591 0.008102149644422347
17.8105265 0.8055225287700641 0.008083880741168068
17.8605265 0.8021984739528943 0.008065999204135617
17.9105265 0.7989284522167365 0.008048495298332063
17.9605265 0.79571152502954 0.008031359578427115
18.0105265 0.792546771778838 0.00801458287872996
18.0605265 0.7894332893822429 0.007998156303562017
18.1105265 0.7863701919079013 0.007982071218008029
18.1605265 0.7833566102046035 0.007966319239028675
18.2105265 0.7803916915412541 0.007950892226918846
18.2605265 0.7774745992554216 0.007935782277096381
18.3105265 0.7746045124106927 0.0079209817122069
18.3605265 0.7717806254625693 0.007906483074531012
18.4105265 0.7690021479326554 0.007892279118680876
18.4605265 0.7662683040908876 0.007878362804573682
18.5105265 0.7635783326455737 0.007864727290670264
18.5605265 0.7609314864410113 0.007851365927467571
18.6105265 0.7583270321624674 0.007838272251234277
18.6605265 0.7557642500483052 0.007825439977979321
18.7105265 0.7532424336090529 0.007812862997643629
18.7605265 0.7507608893532176 0.007800535368505766
18.8105265 0.7483189365196521 0.007788451311792593
18.8605265 0.7459159068162881 0.007776605206486578
18.9105265 0.7435511441650599 0.007764991584321631
18.9605265 0.7412240044528428 0.007753605124959804
19.0105265 0.7389338552882407 0.007742440651341513
19.0605265 0.7366800757640605 0.007731493125202266
19.1105265 0.7344620562253165 0.007720757642749208
19.1605265 0.7322791980426148 0.00771022943049109
19.2105265 0.7301309133907696 0.007699903841215562
19.2605265 0.7280166250325106 0.007689776350107913
19.3105265 0.7259357661071439 0.007679842551005732
19.3605265 0.7238877799240341 0.007670098152784107
19.4105265 0.7218721197607775 0.007660538975866282
19.4605265 0.7198882486659438 0.007651160948854882
19.5105265 0.7179356392662645 0.00764196010527904
19.5605265 0.7160137735781494 0.007632932580452953
19.6105265 0.714122142823422 0.007624074608441575
19.6605265 0.7122602472491593 0.007615382519129387
19.7105265 0.7104275959515326 0.007606852735388282
19.7605265 0.7086237067035452 0.007598481770340832
19.8105265 0.7068481057865662 0.00759026622471532
19.8605265 0.7051003278255639 0.007582202784289131
19.9105265 0.703379915627945 0.007574288217417128
19.9605265 0.7016864200259073 0.007566519372641914
20.0105265 0.7000193997222178 0.007558893176382899
20.0605265 0.69837842113933 0.007551406630701288
20.1105265 0.6967630582717567 0.007544056811138172
20.1605265 0.6951728925416177 0.007536840864623071
20.2105265 0.6936075126572838 0.007529756007450331
20.2605265 0.6920665144750386 0.007522799523320937
20.3105265 0.6905495008636878 0.00751596876144735
20.3605265 0.6890560815720397 0.007509261134719113
20.4105265 0.6875858730991895 0.007502674117927041
20.4605265 0.6861384985675388 0.007496205246043881
20.5105265 0.6847135875984836 0.007489852112559484
20.5605265 0.6833107761907068 0.007483612367868476
20.6105265 0.681929706601013 0.007477483717708648
20.6605265 0.6805700272276449 0.007471463921648229
20.7105265 0.6792313924960213 0.007465550791620366
20.7605265 0.6779134627468402 0.007459742190503114
20.8105265 0.6766159041264918 0.007454036030743412
20.8605265 0.6753383884797249 0.007448430273023469
20.9105265 0.6740805932445167 0.007442922924968129
20.9605265 0.6728422013490911 0.007437512039891776
21.0105265 0.6716229011110397 0.007432195715583466
21.0605265 0.6704223861384933 0.007426972093128925
21.1105265 0.6692403552332974 0.007421839355768216
21.1605265 0.6680765122961482 0.00741679572778782
21.2105265 0.6669305662336396 0.007411839473445996
21.2605265 0.6658022308671815 0.007406968895930291
21.3105265 0.6646912248437449 0.007402182336346127
21.3605265 0.6635972715483929 0.007397478172735415
21.4105265 0.6625200990185568 0.007392854819124212
21.4605265 0.6614594398600193 0.007388310724598447
21.5105265 0.6604150311645642 0.007383844372406796
21.5605265 0.6593866144292582 0.007379454279089806
21.6105265 0.6583739354773255 0.007375138993634408
21.6605265 0.6573767443805827 0.007370897096652993
21.7105265 0.6563947953833966 0.007366727199586249
21.7605265 0.6554278468281338 0.007362627943928978
21.8105265 0.6544756610820675 0.007358598000478168
21.8605265 0.6535380044657104 0.00735463606860259
21.9105265 0.6526146471825431 0.007350740875533227
21.9605265 0.6517053632501058 0.007346911175673879
22.0105265 0.6508099304324249 0.007343145749931278
22.0605265 0.6499281301737466 0.007339443405064133
22.1105265 0.6490597475335472 0.007335802973050453
22.1605265 0.6482045711227933 0.007332223310472621
22.2105265 0.6473623930414264 0.007328703297919615
22.2605265 0.6465330088170442 0.00732524183940588
22.3105265 0.6457162173447535 0.007321837861806295
22.3605265 0.6449118208281698 0.007318490314306763
22.4105265 0.6441196247215402 0.007315198167869913
22.4605265 0.6433394376729636 0.007311960414715457
22.5105265 0.6425710714686884 0.007308776067814771
22.5605265 0.6418143409784609 0.007305644160399212
22.6105265 0.6410690641019068 0.007302563745481813
22.6605265 0.6403350617159207 0.007299533895391884
22.7105265 0.6396121576230445 0.007296553701322183
22.7605265 0.6389001785008138 0.007293622272888242
22.8105265 0.6381989538520514 0.007290738737699476
22.8605265 0.6375083159560895 0.007287902240941749
22.9105265 0.6368280998209006 0.007285111944971029
22.9605265 0.6361581431361194 0.007282367028917811
23.0105265 0.6354982862269357 0.00727966668830197
23.0605265 0.6348483720088426 0.007277010134657763
23.1105265 0.634208245943221 0.007274396595168653
23.1605265 0.633577755993744 0.007271825312311675
23.2105265 0.6329567525835845 0.007269295543511061
23.2605265 0.6323450885534098 0.007266806560800857
23.3105265 0.6317426191201466 0.007264357650496262
23.3605265 0.631149201836503 0.007261948112873433
23.4105265 0.6305646965512289 0.007259577261857523
23.4605265 0.6299889653701033 0.007257244424718698
23.5105265 0.6294218726176316 0.007254948941775908
23.5605265 0.6288632847994408 0.00725269016610819
23.6105265 0.6283130705653563 0.00725046746327329
23.6605265 0.6277711006731497 0.007248280211033388
23.7105265 0.6272372479529403 0.007246127799087719
23.7605265 0.6267113872722426 0.007244009628811918
23.8105265 0.626193395501642 0.007241925113003853
23.8605265 0.6256831514810893 0.007239873675635822
23.9105265 0.6251805359868021 0.007237854751612882
23.9605265 0.6246854316987585 0.007235867786537164
24.0105265 0.6241977231687743 0.007233912236478004
24.0605265 0.6237172967891516 0.007231987567747725
24.1105265 0.6232440407618863 0.007230093256682913
24.1605265 0.6227778450684259 0.007228228789431028
24.2105265 0.6223186014399646 0.007226393661742218
24.2605265 0.6218662033282678 0.007224587378766182
24.3105265 0.6214205458770131 0.007222809454853937
24.3605265 0.6209815258936402 0.007221059413364371
24.4105265 0.6205490418216987 0.007219336786475446
24.4605265 0.6201229937136845 0.007217641114999907
24.5105265 0.6197032832043552 0.007215971948205403
24.5605265 0.6192898134845158 0.007214328843638881
24.6105265 0.618882489275266 0.007212711366955147
24.6605265 0.6184812168026991 0.00721111909174947
24.7105265 0.6180859037730453 0.007209551599394142
24.7605265 0.6176964593482499 0.007208008478878866
24.8105265 0.6173127941219795 0.007206489326654885
24.8605265 0.6169348200960462 0.007204993746482743
24.9105265 0.6165624506572437 0.007203521349283589
24.9605265 0.6161956005545869 0.007202071752993929
25.0105265 0.6158341858769473 0.007200644582423733
25.0605265 0.6154781240310766 0.007199239469117812
25.1105265 0.6151273337200122 0.007197856051220365
25.1605265 0.6147817349218559 0.007196493973342658
25.2105265 0.614441248868921 0.007195152886433676
25.2605265 0.6141057980272383 0.007193832447653762
25.3105265 0.6137753060764169 0.007192532320251088
25.3605265 0.6134496978898516 0.007191252173440941
25.4105265 0.6131288995152707 0.007189991682287705
25.4605265 0.6128128381556192 0.007188750527589521
25.5105265 0.6125014421502687 0.007187528395765505
25.5605265 0.6121946409565514 0.0071863249787455
25.6105265 0.6118923651316082 0.007185139973862269
25.6605265 0.6115945463145489 0.007183973083746093
25.7105265 0.611301117208917 0.007182824016221688
25.7605265 0.6110120115654527 0.007181692484207402
25.8105265 0.6107271641651508 0.007180578205616619
25.8605265 0.6104465108026064 0.00717948090326134
25.9105265 0.6101699882696436 0.007178400304757851
25.9605265 0.6098975343392237 0.007177336142434465
26.0105265 0.6096290877496235 0.007176288153241241
26.0605265 0.6093645881888849 0.007175256078661697
26.1105265 0.6091039762795254 0.007174239664626386
26.1605265 0.6088471935635079 0.007173238661428363
26.2105265 0.6085941824874646 0.007172252823640453
26.2605265 0.6083448863881691 0.00717128191003429
26.3105265 0.6080992494782547 0.007170325683501084
26.3605265 0.6078572168321716 0.007169383910974074
26.4105265 0.6076187343723817 0.007168456363352626
26.4605265 0.6073837488557833 0.007167542815427934
26.5105265 0.6071522078603654 0.007166643045810291
26.5605265 0.6069240597720846 0.007165756836857878
26.6105265 0.6066992537719622 0.007164883974607066
26.6605265 0.6064777398233963 0.007164024248704159
26.7105265 0.6062594686596866 0.007163177452338557
26.7605265 0.6060443917717674 0.007162343382177328
26.8105265 0.6058324613961441 0.007161521838301111
26.8605265 0.6056236305030318 0.007160712624141362
26.9105265 0.6054178527846907 0.00715991554641889
26.9605265 0.6052150826439551 0.007159130415083643
27.0105265 0.6050152751829533 0.007158357043255751
27.0605265 0.6048183861920142 0.007157595247167751
27.1105265 0.6046243721387583 0.007156844846108006
27.1605265 0.6044331901573685 0.007156105662365264
27.2105265 0.6042447980380391 0.007155377521174349
27.2605265 0.6040591542165985 0.007154660250662944
27.3105265 0.6038762177643036 0.007153953681799441
27.3605265 0.6036959483778019 0.007153257648341861
27.4105265 0.6035183063692604 0.007152571986787773
27.4605265 0.6033432526566551 0.007151896536325229
27.5105265 0.6031707487542213 0.007151231138784677
27.5605265 0.6030007567630606 0.007150575638591825
27.6105265 0.6028332393619025 0.007149929882721442
27.6605265 0.602668159798016 0.007149293720652082
27.7105265 0.6025054818782722 0.007148667004321685
27.7605265 0.6023451699603517 0.007148049588084066
27.8105265 0.6021871889440961 0.007147441328666254
27.8605265 0.6020315042630012 0.007146842085126664
27.9105265 0.6018780818758491 0.007146251718814093
27.9605265 0.6017268882584761 0.007145670093327502
28.0105265 0.6015778903956753 0.0071450970744766
28.0605265 0.6014310557732313 0.007144532530243167
28.1105265 0.6012863523700841 0.007143976330743154
28.1605265 0.6011437486506201 0.00714342834818948
28.2105265 0.6010032135570895 0.007142888456855586
28.2605265 0.600864716502145 0.007142356533039647
28.3105265 0.6007282273615031 0.007141832455029499
28.3605265 0.6005937164667234 0.007141316103068227
28.4105265 0.6004611545981052 0.007140807359320401
28.4605265 0.6003305129776988 0.007140306107838967
28.5105265 0.6002017632624297 0.007139812234532761
28.5605265 0.600074877537334 0.007139325627134632
28.6105265 0.5999498283089033 0.007138846175170173
28.6605265 0.5998265884985359 0.007138373769927045
28.7105265 0.5997051314360946 0.007137908304424866
28.7605265 0.5995854308535677 0.007137449673385673
28.8105265 0.599467460878832 0.007136997773204937
28.8605265 0.5993511960295159 0.007136552501923112
28.9105265 0.5992366112069618 0.007136113759197723
28.9605265 0.5991236816902843 0.007135681446275964
29.0105265 0.5990123831305247 0.007135255465967814
29.0605265 0.5989026915448986 0.007134835722619632
29.1105265 0.5987945833111357 0.00713442212208827
29.1605265 0.59868803516191 0.007134014571715624
29.2105265 0.5985830241793603 0.007133612980303691
29.2605265 0.598479527789696 0.007133217258090055
29.3105265 0.5983775237578913 0.007132827316723837
29.3605265 0.5982769901824626 0.007132443069242074
29.4105265 0.5981779054903297 0.007132064430046541
29.4605265 0.5980802484317586 0.007131691314880981
29.5105265 0.5979839980753855 0.007131323640808758
29.5605265 0.5978891338033193 0.007130961326190908
29.6105265 0.5977956353063221 0.007130604290664594
29.6605265 0.5977034825790661 0.00713025245512194
29.7105265 0.5976126559154666 0.007129905741689256
29.7605265 0.5975231359040885 0.007129564073706626
29.8105265 0.5974349034236247 0.007129227375707869
29.8605265 0.5973479396384486 0.007128895573400865
29.9105265 0.5972622259942341 0.007128568593648207
29.9605265 0.5971777442136469 0.007128246364448232
30.0105265 0.5970944762921038 0.007127928814916355
30.0605265 0.5970124044935979 0.007127615875266773
30.1105265 0.5969315113465907 0.007127307476794446
30.1605265 0.5968517796399686 0.007127003551857445
30.2105265 0.5967731924190636 0.007126704033859572
30.2605265 0.5966957329817361 0.007126408857233316
30.3105265 0.5966193848745199 0.007126117957423085
30.3605265 0.5965441318888282 0.007125831270868748
30.4105265 0.5964699580572176 0.007125548734989461
30.4605265 0.5963968476497135 0.007125270288167774
30.5105265 0.5963247851701906 0.007124995869734014
30.5605265 0.5962537553528123 0.007124725419950949
30.6105265 0.5961837431585246 0.007124458879998703
30.6605265 0.5961147337716058 0.007124196191959954
30.7105265 0.5960467125962697 0.00712393729880537
30.7605265 0.5959796652533224 0.007123682144379298
30.8105265 0.5959135775768714 0.00712343067338572
30.8605265 0.5958484356110862 0.007123182831374435
30.9105265 0.5957842256070093 0.007122938564727466
30.9605265 0.5957209340194171 0.007122697820645732
31.0105265 0.5956585475037302 0.007122460547135931
31.0605265 0.5955970529129713 0.007122226692997641
31.1105265 0.5955364372947715 0.007121996207810656
31.1605265 0.595476687888422 0.007121769041922533
31.2105265 0.5954177921219731 0.007121545146436346
31.2605265 0.595359737609377 0.007121324473198657
31.3105265 0.5953025121476764 0.007121106974787682
31.3605265 0.5952461037142358 0.007120892604501672
31.4105265 0.5951905004640163 0.007120681316347471
31.4605265 0.5951356907268932 0.007120473065029287
31.5105265 0.595081663005014 0.00712026780593764
31.5605265 0.5950284059701983 0.007120065495138498
31.6105265 0.5949759084613787 0.007119866089362605
31.6605265 0.5949241594820796 0.007119669545994975
31.7105265 0.5948731481979361 0.007119475823064576
31.7605265 0.5948228639342521 0.00711928487923417
31.8105265 0.5947732961735945 0.00711909667379034
31.8605265 0.5947244345534258 0.007118911166633681
31.9105265 0.594676268863773 0.007118728318269136
31.9605265 0.5946287890449323 0.007118548089796521
32.0105265 0.5945819851852099 0.007118370442901186
32.0605265 0.5945358475186966 0.007118195339844845
32.11052650000001 0.5944903664230782 0.007118022743456548
32.1605265 0.5944455324174779 0.007117852617123808
32.2105265 0.5944013361603335 0.007117684924783874
32.2605265 0.5943577684473068 0.007117519630915149
32.3105265 0.5943148202092244 0.007117356700528748
32.36052650000001 0.5942724825100518 0.007117196099160195
32.4105265 0.5942307465448969 0.007117037792861259
32.4605265 0.5941896036380457 0.007116881748191924
32.5105265 0.5941490452410272 0.007116727932212481
32.5605265 0.5941090629307081 0.007116576312475772
32.61052650000001 0.5940696484074178 0.007116426857019535
32.6605265 0.5940307934931007 0.007116279534358894
32.7105265 0.5939924901294975 0.007116134313478962
32.7605265 0.5939547303763548 0.007115991163827565
32.8105265 0.5939175064096617 0.007115850055308086
32.86052650000001 0.5938808105199128 0.007115710958272428
32.9105265 0.5938446351103992 0.007115573843514093
32.9605265 0.5938089726955246 0.007115438682261357
33.0105265 0.593773815899147 0.007115305446170583
33.0605265 0.593739157452947 0.007115174107319616
33.11052650000001 0.5937049901948195 0.007115044638201304
33.1605265 0.5936713070672908 0.00711491701171711
33.2105265 0.59363810111596 0.007114791201170839
33.2605265 0.5936053654879638 0.007114667180262455
33.3105265 0.5935730934304646 0.007114544923082005
33.36052650000001 0.593541278289162 0.007114424404103641
33.4105265 0.5935099135068271 0.00711430559817973
33.4605265 0.5934789926218584 0.007114188480535071
33.5105265 0.5934485092668604 0.007114073026761187
33.5605265 0.5934184571672437 0.007113959212810737
33.61052650000001 0.5933888301398461 0.007113847014991979
33.6605265 0.5933596220915748 0.007113736409963358
33.7105265 0.5933308270180693 0.007113627374728156
33.7605265 0.5933024390023848 0.007113519886629237
33.8105265 0.5932744522136948 0.007113413923343879
33.86052650000001 0.5932468609060148 0.007113309462878678
33.9105265 0.5932196594169435 0.007113206483564544
33.9605265 0.5931928421664254 0.007113104964051765
34.0105265 0.5931664036555293 0.007113004883305161
34.0605265 0.5931403384652483 0.007112906220599308
34.11052650000001 0.5931146412553154 0.007112808955513838
34.1605265 0.5930893067630389 0.007112713067928813
34.2105265 0.5930643298021546 0.007112618538020176
34.2605265 0.593039705261695 0.007112525346255272
34.3105265 0.5930154281048764 0.007112433473388432
34.36052650000001 0.5929914933680025 0.007112342900456645
34.4105265 0.5929678961593844 0.007112253608775277
34.4605265 0.5929446316582768 0.00711216557993387
34.5105265 0.5929216951138311 0.007112078795792002
34.5605265 0.5928990818440628 0.00711199323847522
34.61052650000001 0.5928767872348363 0.007111908890371024
34.6605265 0.5928548067388633 0.007111825734124924
34.7105265 0.5928331358747173 0.007111743752636554
34.7605265 0.5928117702258632 0.007111662929055849
34.8105265 0.5927907054396999 0.007111583246779282
34.86052650000001 0.5927699372266195 0.007111504689446154
34.9105265 0.5927494613590789 0.007111427240934953
34.9605265 0.5927292736706862 0.00711135088535976
35.0105265 0.5927093700553009 0.007111275607066712
35.0605265 0.5926897464661469 0.007111201390630529
35.11052650000001 0.5926703989149399 0.007111128220851078
35.1605265 0.5926513234710267 0.007111056082750014
35.2105265 0.5926325162605385 0.007110984961567447
35.2605265 0.5926139734655561 0.007110914842758683
35.3105265 0.5925956913232883 0.007110845711991
35.36052650000001 0.592577666125262 0.007110777555140485
35.4105265 0.5925598942165247 0.00711071035828891
35.4605265 0.5925423719948592 0.007110644107720665
35.5105265 0.5925250959100096 0.007110578789919734
35.5605265 0.5925080624629192 0.007110514391566715
35.61052650000001 0.5924912682049797 0.007110450899535894
35.6605265 0.5924747097372913 0.007110388300892358
35.7105265 0.592458383709935 0.007110326582889152
35.7605265 0.5924422868212541 0.007110265732964482
35.8105265 0.5924264158171481 0.007110205738738964
35.86052650000001 0.5924107674903756 0.007110146588012908
35.9105265 0.592395338679869 0.007110088268763647
35.9605265 0.5923801262700585 0.007110030769142915
36.0105265 0.5923651271902066 0.007109974077474247
36.0605265 0.5923503384137523 0.007109918182250441
36.11052650000001 0.5923357569576653 0.007109863072131037
36.1605265 0.5923213798818096 0.007109808735939851
36.2105265 0.5923072042883168 0.007109755162662541
36.2605265 0.5922932273209688 0.007109702341444209
36.3105265 0.5922794461645892 0.007109650261587038
36.36052650000001 0.5922658580444442 0.007109598912547976
36.4105265 0.5922524602256525 0.007109548283936435
36.4605265 0.5922392500126035 0.007109498365512046
36.5105265 0.5922262247483845 0.007109449147182437
36.5605265 0.5922133818142166 0.007109400619001048
36.61052650000001 0.5922007186288982 0.007109352771164977
36.6605265 0.5921882326482579 0.007109305594012856
36.7105265 0.5921759213646145 0.007109259078022775
36.7605265 0.5921637823062456 0.007109213213810214
36.8105265 0.5921518130368636 0.007109167992126022
36.86052650000001 0.5921400111551005 0.007109123403854428
36.9105265 0.5921283742939988 0.007109079440011071
36.9605265 0.5921169001205114 0.007109036091741066
37.0105265 0.592105586335008 0.007108993350317108
37.0605265 0.5920944306707889 0.007108951207137578
37.11052650000001 0.5920834308936067 0.007108909653724714
37.1605265 0.5920725848011942 0.007108868681722783
37.2105265 0.5920618902227999 0.007108828282896289
37.2605265 0.5920513450187298 0.007108788449128205
37.3105265 0.5920409470798967 0.007108749172418238
37.36052650000001 0.5920306943273757 0.007108710444881121
37.4105265 0.5920205847119658 0.007108672258744917
37.4605265 0.5920106162137597 0.007108634606349361
37.5105265 0.5920007868417174 0.007108597480144229
37.5605265 0.5919910946332484 0.007108560872687719
37.61052650000001 0.591981537653799 0.007108524776644868
37.6605265 0.5919721139964456 0.007108489184785989
37.7105265 0.5919628217814943 0.007108454089985125
37.7605265 0.5919536591560863 0.00710841948521854
37.8105265 0.5919446242938096 0.00710838536356322
37.86052650000001 0.5919357153943152 0.007108351718195401
37.9105265 0.5919269306829406 0.007108318542389124
37.9605265 0.5919182684103371 0.0071082858295148
38.0105265 0.5919097268521043 0.007108253573037807
38.0605265 0.5919013043084284 0.007108221766517106
38.11052650000001 0.5918929991037271 0.007108190403603871
38.1605265 0.591884809586299 0.007108159478040151
38.2105265 0.5918767341279784 0.007108128983657542
38.2605265 0.591868771123795 0.007108098914375879
38.3105265 0.591860918991639 0.007108069264201957
38.36052650000001 0.5918531761719306 0.007108040027228262
38.4105265 0.5918455411272945 0.007108011197631725
38.4605265 0.5918380123422398 0.007107982769672489
38.5105265 0.5918305883228434 0.007107954737692707
38.5605265 0.5918232675964394 0.007107927096115341
38.61052650000001 0.5918160487113119 0.007107899839442991
38.6605265 0.5918089302363928 0.007107872962256742
38.7105265 0.5918019107609644 0.007107846459215016
38.7605265 0.591794988894366 0.007107820325052458
38.8105265 0.591788163265704 0.00710779455457882
38.86052650000001 0.5917814325235682 0.007107769142677881
38.9105265 0.5917747953357499 0.007107744084306366
38.9605265 0.5917682503889663 0.007107719374492892
39.0105265 0.5917617963885872 0.00710769500833692
39.0605265 0.5917554320583671 0.007107670981007743
39.11052650000001 0.5917491561401802 0.007107647287743454
39.1605265 0.5917429673937595 0.007107623923849967
39.2105265 0.5917368645964404 0.007107600884700026
39.2605265 0.5917308465429069 0.00710757816573224
39.3105265 0.5917249120449424 0.007107555762450133
39.36052650000001 0.5917190599311839 0.007107533670421197
39.4105265 0.5917132890468797 0.007107511885275976
39.4605265 0.5917075982536508 0.007107490402707154
39.5105265 0.5917019864292553 0.007107469218468649
39.5605265 0.591696452467357 0.007107448328374736
39.61052650000001 0.5916909952772968 0.007107427728299173
39.6605265 0.5916856137838677 0.007107407414174344
39.7105265 0.5916803069270928 0.007107387381990407
39.7605265 0.5916750736620071 0.007107367627794471
39.8105265 0.5916699129584416 0.007107348147689762
39.86052650000001 0.5916648238008118 0.007107328937834826
39.9105265 0.5916598051879075 0.007107309994442719
39.9605265 0.5916548561326879 0.007107291313780237
40.0105265 0.5916499756620774 0.007107272892167126
40.0605265 0.5916451628167663 0.007107254725975327
40.11052650000001 0.5916404166510129 0.007107236811628228
40.1605265 0.5916357362324496 0.007107219145599915
40.2105265 0.5916311206418913 0.007107201724414451
40.2605265 0.5916265689731462 0.007107184544645147
40.3105265 0.5916220803328305 0.007107167602913867
40.36052650000001 0.5916176538401843 0.007107150895890316
40.4105265 0.5916132886268917 0.007107134420291362
40.4605265 0.5916089838369022 0.007107118172880357
40.5105265 0.5916047386262557 0.007107102150466462
40.5605265 0.5916005521629092 0.007107086349903998
40.61052650000001 0.5915964236265666 0.007107070768091795
40.6605265 0.5915923522085111 0.00710705540197255
40.7105265 0.5915883371114393 0.007107040248532202
40.7605265 0.591584377549298 0.007107025304799305
40.8105265 0.5915804727471242 0.007107010567844427
40.86052650000001 0.5915766219408859 0.007106996034779535
40.9105265 0.5915728243773264 0.007106981702757416
40.9605265 0.5915690793138108 0.007106967568971076
41.0105265 0.5915653860181737 0.007106953630653182
41.0605265 0.5915617437685703 0.007106939885075473
41.11052650000001 0.5915581518533289 0.007106926329548218
41.1605265 0.5915546095708063 0.007106912961419659
41.2105265 0.5915511162292439 0.007106899778075462
41.2605265 0.5915476711466277 0.007106886776938189
41.3105265 0.5915442736505484 0.007106873955466766
41.36052650000001 0.5915409230780657 0.007106861311155965
41.4105265 0.5915376187755724 0.007106848841535889
41.4605265 0.5915343600986619 0.007106836544171467
41.5105265 0.591531146411997 0.007106824416661967
41.5605265 0.5915279770891809 0.007106812456640484
41.61052650000001 0.5915248515126297 0.007106800661773477
41.6605265 0.5915217690734471 0.007106789029760283
41.7105265 0.5915187291713009 0.007106777558332647
41.7605265 0.5915157312143006 0.007106766245254265
41.8105265 0.5915127746188781 0.007106755088320323
41.8605265 0.5915098588096687 0.00710674408535705
41.9105265 0.5915069832193948 0.007106733234221277
41.9605265 0.5915041472887507 0.007106722532799994
42.0105265 0.5915013504662894 0.007106711979009926
42.0605265 0.591498592208311 0.007106701570797114
42.1105265 0.5914958719787525 0.007106691306136483
42.1605265 0.5914931892490793 0.007106681183031441
42.2105265 0.5914905434981783 0.007106671199513474
42.2605265 0.5914879342122527 0.00710666135364174
42.3105265 0.5914853608847176 0.007106651643502679
42.3605265 0.5914828230160986 0.007106642067209625
42.4105265 0.5914803201139296 0.00710663262290242
42.4605265 0.5914778516926547 0.007106623308747045
42.5105265 0.5914754172735289 0.007106614122935235
42.5605265 0.5914730163845229 0.007106605063684125
42.6105265 0.5914706485602262 0.007106596129235884
42.6605265 0.591468313341755 0.007106587317857358
42.7105265 0.591466010276658 0.007106578627839721
42.7605265 0.5914637389188268 0.007106570057498131
42.8105265 0.5914614988284049 0.007106561605171386
42.8605265 0.5914592895716999 0.007106553269221591
42.9105265 0.5914571107210954 0.007106545048033826
42.9605265 0.5914549618549656 0.007106536940015818
43.0105265 0.5914528425575901 0.007106528943597624
43.0605265 0.5914507524190709 0.00710652105723131
43.1105265 0.591448691035249 0.007106513279390644
43.1605265 0.5914466580076242 0.007106505608570781
43.2105265 0.5914446529432744 0.007106498043287967
43.2605265 0.591442675454777 0.007106490582079234
43.3105265 0.5914407251601308 0.007106483223502109
43.3605265 0.5914388016826799 0.007106475966134326
43.4105265 0.5914369046510375 0.007106468808573531
43.4605265 0.591435033699012 0.007106461749437011
43.5105265 0.5914331884655329 0.007106454787361407
43.5605265 0.5914313685945793 0.007106447921002444
43.6105265 0.5914295737351081 0.007106441149034663
43.6605265 0.5914278035409832 0.007106434470151149
43.7105265 0.5914260576709074 0.007106427883063274
43.7605265 0.591424335788353 0.007106421386500436
43.8105265 0.5914226375614949 0.007106414979209804
43.8605265 0.5914209626631445 0.007106408659956064
43.9105265 0.5914193107706837 0.007106402427521185
43.9605265 0.5914176815660007 0.007106396280704147
44.0105265 0.5914160747354268 0.007106390218320735
44.0605265 0.5914144899696732 0.007106384239203276
44.1105265 0.5914129269637691 0.007106378342200414
44.1605265 0.5914113854170019 0.00710637252617688
44.2105265 0.5914098650328558 0.007106366790013267
44.2605265 0.5914083655189535 0.007106361132605801
44.3105265 0.5914068865869979 0.007106355552866122
44.3605265 0.5914054279527142 0.00710635004972107
44.4105265 0.5914039893357935 0.007106344622112468
44.4605265 0.5914025704598371 0.00710633926899691
44.5105265 0.5914011710523011 0.00710633398934555
44.5605265 0.5913997908444423 0.007106328782143906
44.6105265 0.5913984295712646 0.00710632364639165
44.6605265 0.591397086971467 0.007106318581102407
44.7105265 0.5913957627873903 0.007106313585303566
44.7605265 0.5913944567649668 0.007106308658036083
44.8105265 0.5913931686536699 0.007106303798354279
44.8605265 0.5913918982064634 0.007106299005325672
44.9105265 0.5913906451797536 0.007106294278030781
44.9605265 0.5913894093333398 0.007106289615562934
45.0105265 0.5913881904303676 0.007106285017028105
45.0605265 0.5913869882372812 0.007106280481544724
45.1105265 0.5913858025237771 0.007106276008243506
45.1605265 0.5913846330627591 0.007106271596267279
45.2105265 0.5913834796302923 0.007106267244770809
45.2605265 0.5913823420055593 0.00710626295292064
45.3105265 0.5913812199708165 0.007106258719894924
45.3605265 0.5913801133113505 0.007106254544883252
45.4105265 0.5913790218154362 0.007106250427086507
45.4605265 0.5913779452742942 0.007106246365716692
45.5105265 0.5913768834820499 0.007106242359996783
45.5605265 0.5913758362356926 0.007106238409160569
45.6105265 0.5913748033350357 0.007106234512452504
45.6605265 0.5913737845826764 0.007106230669127556
45.7105265 0.5913727797839574 0.007106226878451059
45.7605265 0.591371788746928 0.007106223139698569
45.8105265 0.5913708112823063 0.007106219452155717
45.8605265 0.5913698472034417 0.007106215815118073
45.9105265 0.5913688963262782 0.007106212227891002
45.9605265 0.5913679584693182 0.007106208689789532
46.0105265 0.5913670334535862 0.007106205200138211
46.0605265 0.5913661211025939 0.00710620175827098
46.1105265 0.5913652212423052 0.00710619836353104
46.1605265 0.591364333701102 0.007106195015270718
46.2105265 0.5913634583097503 0.007106191712851347
46.2605265 0.5913625949013671 0.007106188455643134
46.3105265 0.5913617433113869 0.007106185243025037
46.3605265 0.5913609033775299 0.007106182074384643
46.4105265 0.5913600749397696 0.007106178949118047
46.4605265 0.5913592578403017 0.007106175866629733
46.5105265 0.591358451923513 0.007106172826332457
46.5605265 0.5913576570359503 0.007106169827647133
46.6105265 0.5913568730262909 0.007106166870002713
46.6605265 0.5913560997453123 0.007106163952836081
46.7105265 0.5913553370458633 0.007106161075591944
46.7605265 0.5913545847828345 0.007106158237722707
46.8105265 0.5913538428131305 0.007106155438688391
46.8605265 0.5913531109956414 0.007106152677956501
46.9105265 0.5913523891912148 0.007106149955001939
46.9605265 0.5913516772626294 0.007106147269306896
47.0105265 0.591350975074567 0.007106144620360744
47.0605265 0.5913502824935868 0.007106142007659943
47.1105265 0.5913495993880985 0.00710613943070794
47.1605265 0.5913489256283374 0.007106136889015074
47.2105265 0.591348261086338 0.007106134382098473
47.2605265 0.5913476056359095 0.007106131909481965
47.3105265 0.5913469591526109 0.007106129470695986
47.3605265 0.5913463215137268 0.00710612706527748
47.4105265 0.591345692598243 0.007106124692769816
47.4605265 0.5913450722868233 0.007106122352722699
47.5105265 0.5913444604617857 0.007106120044692073
47.5605265 0.5913438570070795 0.007106117768240044
47.6105265 0.5913432618082629 0.007106115522934786
47.6605265 0.5913426747524801 0.007106113308350463
47.7105265 0.5913420957284398 0.007106111124067145
47.7605265 0.5913415246263928 0.007106108969670719
47.8105265 0.5913409613381112 0.007106106844752814
47.8605265 0.5913404057568669 0.007106104748910725
47.9105265 0.5913398577774106 0.007106102681747325
47.9605265 0.5913393172959519 0.00710610064287099
48.0105265 0.5913387842101382 0.007106098631895529
48.0605265 0.5913382584190353 0.0071060966484401
48.11052650000001 0.5913377398231076 0.007106094692129142
48.1605265 0.5913372283241983 0.007106092762592297
48.2105265 0.5913367238255112 0.007106090859464342
48.2605265 0.5913362262315907 0.007106088982385112
48.3105265 0.5913357354483036 0.007106087130999437
48.36052650000001 0.5913352513828214 0.007106085304957065
48.4105265 0.5913347739436011 0.007106083503912603
48.4605265 0.5913343030403684 0.007106081727525439
48.5105265 0.5913338385840993 0.007106079975459686
48.5605265 0.5913333804870033 0.007106078247384106
48.61052650000001 0.5913329286625064 0.007106076542972057
48.6605265 0.5913324830252336 0.007106074861901419
48.7105265 0.5913320434909926 0.007106073203854536
48.7605265 0.5913316099767579 0.007106071568518156
48.8105265 0.5913311824006543 0.007106069955583369
48.86052650000001 0.5913307606819405 0.00710606836474554
48.9105265 0.5913303447409941 0.007106066795704262
48.9605265 0.5913299344992961 0.007106065248163288
49.0105265 0.5913295298794151 0.007106063721830477
49.0605265 0.5913291308049929 0.007106062216417738
49.11052650000001 0.5913287372007292 0.007106060731640969
49.1605265 0.591328348992367 0.007106059267220012
49.2105265 0.5913279661066786 0.007106057822878587
49.2605265 0.5913275884714509 0.007106056398344245
49.3105265 0.5913272160154721 0.007106054993348316
49.36052650000001 0.5913268486685168 0.007106053607625848
49.4105265 0.5913264863613332 0.007106052240915572
49.4605265 0.5913261290256296 0.007106050892959834
49.5105265 0.591325776594061 0.007106049563504553
49.5605265 0.5913254290002161 0.007106048252299177
49.61052650000001 0.5913250861786041 0.007106046959096622
49.6605265 0.5913247480646429 0.007106045683653233
49.7105265 0.5913244145946454 0.007106044425728737
49.7605265 0.5913240857058081 0.007106043185086191
49.8105265 0.5913237613361987 0.007106041961491939
49.86052650000001 0.5913234414247439 0.007106040754715571
49.9105265 0.5913231259112178 0.007106039564529868
49.9605265 0.5913228147362303 0.00710603839071077
50.0105265 0.5913225078412151 0.007106037233037325
50.0605265 0.591322205168419 0.007106036091291646
50.11052650000001 0.5913219066608908 0.007106034965258873
50.1605265 0.5913216122624695 0.007106033854727131
50.2105265 0.5913213219177741 0.007106032759487485
50.2605265 0.5913210355721928 0.007106031679333902
50.3105265 0.5913207531718724 0.007106030614063214
50.36052650000001 0.5913204746637079 0.007106029563475075
50.4105265 0.5913201999953319 0.007106028527371922
50.4605265 0.5913199291151054 0.007106027505558938
50.5105265 0.5913196619721069 0.007106026497844017
50.5605265 0.5913193985161229 0.007106025504037721
50.61052650000001 0.5913191386976384 0.007106024523953253
50.6605265 0.591318882467827 0.007106023557406408
50.7105265 0.5913186297785418 0.007106022604215547
50.7605265 0.5913183805823058 0.007106021664201561
50.8105265 0.5913181348323031 0.007106020737187832
50.86052650000001 0.5913178924823698 0.007106019823000204
50.9105265 0.5913176534869846 0.007106018921466945
50.9605265 0.591317417801261 0.007106018032418717
51.0105265 0.5913171853809375 0.007106017155688543
51.0605265 0.5913169561823701 0.007106016291111772
51.11052650000001 0.5913167301625232 0.007106015438526053
51.1605265 0.5913165072789617 0.007106014597771298
51.2105265 0.5913162874898424 0.007106013768689651
51.2605265 0.5913160707539067 0.007106012951125463
51.3105265 0.5913158570304717 0.007106012144925259
51.36052650000001 0.5913156462794233 0.007106011349937708
51.4105265 0.5913154384612078 0.007106010566013592
51.4605265 0.5913152335368245 0.007106009793005784
51.5105265 0.5913150314678183 0.007106009030769208
51.5605265 0.5913148322162722 0.007106008279160829
51.61052650000001 0.5913146357448001 0.007106007538039604
51.6605265 0.5913144420165396 0.007106006807266472
51.7105265 0.5913142509951447 0.00710600608670432
51.7605265 0.5913140626447789 0.007106005376217956
51.8105265 0.5913138769301088 0.007106004675674084
51.86052650000001 0.5913136938162966 0.007106003984941284
51.9105265 0.5913135132689936 0.007106003303889974
51.9605265 0.5913133352543339 0.007106002632392397
52.0105265 0.5913131597389277 0.007106001970322596
52.0605265 0.5913129866898548 0.007106001317556379
52.11052650000001 0.5913128160746582 0.007106000673971305
52.1605265 0.5913126478613384 0.007106000039446659
52.2105265 0.5913124820183467 0.007105999413863424
52.2605265 0.5913123185145792 0.007105998797104267
52.3105265 0.5913121573193711 0.007105998189053505
52.36052650000001 0.5913119984024908 0.007105997589597093
52.4105265 0.5913118417341336 0.007105996998622596
52.4605265 0.5913116872849168 0.007105996416019172
52.5105265 0.5913115350258731 0.007105995841677544
52.5605265 0.5913113849284458 0.007105995275489985
52.61052650000001 0.5913112369644832 0.007105994717350299
52.6605265 0.5913110911062328 0.007105994167153789
52.7105265 0.5913109473263365 0.007105993624797251
52.7605265 0.5913108055978249 0.00710599309017895
52.8105265 0.5913106658941125 0.007105992563198592
52.86052650000001 0.5913105281889922 0.007105992043757317
52.9105265 0.5913103924566305 0.00710599153175767
52.9605265 0.5913102586715628 0.007105991027103591
53.0105265 0.5913101268086881 0.00710599052970039
53.0605265 0.5913099968432644 0.007105990039454731
53.11052650000001 0.5913098687509035 0.007105989556274614
53.1605265 0.5913097425075675 0.007105989080069361
53.2105265 0.5913096180895627 0.007105988610749591
53.2605265 0.5913094954735362 0.007105988148227206
53.3105265 0.5913093746364706 0.007105987692415382
53.36052650000001 0.5913092555556805 0.007105987243228541
53.4105265 0.5913091382088073 0.007105986800582337
53.4605265 0.591309022573815 0.007105986364393645
53.5105265 0.5913089086289868 0.007105985934580543
53.5605265 0.5913087963529199 0.007105985511062292
53.61052650000001 0.5913086857245221 0.007105985093759326
53.6605265 0.5913085767230074 0.007105984682593234
53.7105265 0.5913084693278921 0.007105984277486745
53.7605265 0.5913083635189909 0.007105983878363715
53.8105265 0.591308259276413 0.00710598348514911
53.86052650000001 0.5913081565805585 0.007105983097768994
53.9105265 0.5913080554121141 0.007105982716150509
53.9605265 0.59130795575205 0.007105982340221874
54.0105265 0.591307857581616 0.007105981969912353
54.0605265 0.5913077608823377 0.007105981605152259
54.11052650000001 0.5913076656360134 0.007105981245872929
54.1605265 0.5913075718247102 0.007105980892006715
54.2105265 0.5913074794307606 0.00710598054348697
54.2605265 0.5913073884367595 0.007105980200248038
54.3105265 0.5913072988255604 0.007105979862225239
54.36052650000001 0.5913072105802726 0.007105979529354855
54.4105265 0.5913071236842571 0.007105979201574121
54.4605265 0.5913070381211244 0.00710597887882121
54.5105265 0.5913069538747308 0.007105978561035225
54.5605265 0.5913068709291753 0.007105978248156183
54.61052650000001 0.591306789268797 0.007105977940125008
54.6605265 0.5913067088781713 0.007105977636883513
54.7105265 0.5913066297421076 0.007105977338374397
54.7605265 0.5913065518456462 0.007105977044541229
54.8105265 0.5913064751740553 0.007105976755328434
54.86052650000001 0.5913063997128283 0.007105976470681293
54.9105265 0.5913063254476809 0.007105976190545921
54.9605265 0.5913062523645485 0.007105975914869262
55.0105265 0.5913061804495834 0.00710597564359908
55.0605265 0.5913061096891521 0.007105975376683948
55.11052650000001 0.5913060400698327 0.007105975114073234
55.1605265 0.5913059715784124 0.007105974855717095
55.2105265 0.5913059042018849 0.007105974601566473
55.2605265 0.5913058379274477 0.007105974351573069
55.3105265 0.5913057727425001 0.007105974105689352
55.36052650000001 0.5913057086346402 0.007105973863868541
55.4105265 0.5913056455916629 0.007105973626064596
55.4605265 0.5913055836015575 0.007105973392232207
55.5105265 0.5913055226525054 0.007105973162326794
55.5605265 0.5913054627328772 0.007105972936304488
55.61052650000001 0.5913054038312316 0.007105972714122131
55.6605265 0.5913053459363125 0.007105972495737261
55.7105265 0.5913052890370463 0.007105972281108106
55.7605265 0.5913052331225408 0.007105972070193581
55.8105265 0.5913051781820827 0.007105971862953272
55.86052650000001 0.5913051242051355 0.007105971659347432
55.9105265 0.591305071181337 0.007105971459336974
55.9605265 0.591305019100498 0.007105971262883462
56.0105265 0.5913049679526001 0.007105971069949106
56.0605265 0.5913049177277935 0.007105970880496746
56.11052650000001 0.5913048684163952 0.007105970694489863
56.1605265 0.5913048200088874 0.007105970511892549
56.2105265 0.5913047724959153 0.007105970332669517
56.2605265 0.5913047258682853 0.007105970156786087
56.3105265 0.5913046801169636 0.007105969984208183
56.36052650000001 0.5913046352330739 0.007105969814902321
56.4105265 0.5913045912078959 0.007105969648835607
56.4605265 0.5913045480328638 0.00710596948597573
56.5105265 0.5913045056995642 0.007105969326290951
56.5605265 0.5913044641997348 0.007105969169750105
56.61052650000001 0.5913044235252627 0.007105969016322587
56.6605265 0.5913043836681826 0.007105968865978351
56.7105265 0.5913043446206755 0.007105968718687905
56.7605265 0.5913043063750671 0.007105968574422297
56.8105265 0.5913042689238263 0.007105968433153119
56.86052650000001 0.5913042322595634 0.007105968294852497
56.9105265 0.5913041963750292 0.007105968159493085
56.9605265 0.5913041612631129 0.00710596802704806
57.0105265 0.5913041269168416 0.00710596789749112
57.0605265 0.5913040933293779 0.007105967770796471
57.11052650000001 0.5913040604940193 0.007105967646938832
57.1605265 0.5913040284041963 0.007105967525893421
57.2105265 0.5913039970534715 0.007105967407635957
57.2605265 0.5913039664355384 0.007105967292142647
57.3105265 0.5913039365442196 0.007105967179390192
57.36052650000001 0.5913039073734663 0.007105967069355774
57.4105265 0.591303878917356 0.007105966962017053
57.4605265 0.5913038511700928 0.007105966857352165
57.5105265 0.5913038241260047 0.007105966755339714
57.5605265 0.5913037977795437 0.007105966655958773
57.61052650000001 0.5913037721252837 0.007105966559188876
57.6605265 0.5913037471579203 0.00710596646501001
57.7105265 0.591303722872269 0.00710596637340262
57.7605265 0.5913036992632642 0.007105966284347598
57.8105265 0.5913036763259588 0.007105966197826282
57.86052650000001 0.5913036540555225 0.007105966113820455
57.9105265 0.5913036324472412 0.007105966032312329
57.9605265 0.5913036114965157 0.007105965953284559
58.0105265 0.591303591198861 0.007105965876720226
58.0605265 0.5913035715499054 0.007105965802602839
58.11052650000001 0.5913035525453895 0.007105965730916331
58.1605265 0.591303534181165 0.007105965661645055
58.2105265 0.5913035164531945 0.00710596559477378
58.2605265 0.59130349935755 0.007105965530287689
58.3105265 0.5913034828904127 0.00710596546817238
58.36052650000001 0.5913034670480715 0.00710596540841385
58.4105265 0.5913034518269226 0.007105965350998507
58.4605265 0.5913034372234687 0.007105965295913159
58.5105265 0.5913034232343182 0.007105965243145012
58.5605265 0.5913034098561845 0.007105965192681668
58.61052650000001 0.5913033970858851 0.007105965144511122
58.6605265 0.5913033849203413 0.007105965098621762
58.7105265 0.5913033733565771 0.007105965055002363
58.7605265 0.5913033623917188 0.007105965013642083
58.8105265 0.591303352022994 0.007105964974530463
58.86052650000001 0.5913033422477315 0.00710596493765743
58.9105265 0.5913033330633605 0.007105964903013285
58.9605265 0.5913033244674095 0.007105964870588705
59.0105265 0.5913033164575067 0.007105964840374745
59.0605265 0.5913033090313783 0.007105964812362826
59.11052650000001 0.591303302186849 0.007105964786544743
59.1605265 0.5913032959218409 0.007105964762912659
59.2105265 0.5913032902343732 0.0071059647414591
59.2605265 0.5913032851225614 0.00710596472217696
59.3105265 0.591303280584617 0.007105964705059491
59.36052650000001 0.5913032766188475 0.007105964690100308
59.4105265 0.5913032732236553 0.007105964677293387
59.4605265 0.5913032703975375 0.007105964666633057
59.5105265 0.5913032681390857 0.007105964658114007
59.5605265 0.5913032664469853 0.007105964651731277
59.61052650000001 0.5913032653200152 0.00710596464748026
59.6605265 0.5913032647570476 0.007105964645356705
59.7105265 0.5913032647570476 0.007105964645356705
