8.3947372 5.196051959733524 0.5436894786753084
8.4447372 5.030923028087912 0.4609369860657424
8.494737199999999 4.877881437773201 0.3955333215662415
8.5447372 4.735323225214474 0.3429881654240158
8.594737199999999 4.601950097492286 0.300169218755679
8.6447372 4.476696060809533 0.264838707542622
8.6947372 4.358674824209335 0.2353642163042856
8.744737199999999 4.247141300272224 0.2105328196879375
8.7947372 4.141462900695506 0.1894284356405247
8.844737199999999 4.041097781690985 0.1713489919764437
8.8947372 3.945578113427571 0.1557493088308466
8.9447372 3.854497042648514 0.1422009722127977
8.994737199999999 3.767498411405505 0.130363665444068
9.0447372 3.684268560923003 0.1199643711916345
9.094737199999999 3.604529732722739 0.1107820714807341
9.1447372 3.52803470729835 0.1026363476626028
9.1947372 3.454562411713541 0.09537878596947301
9.244737199999999 3.383914293147496 0.08888642767505349
9.2947372 3.315911303346733 0.08305672720385611
9.344737199999999 3.250391374364424 0.07780363477473719
9.3947372 3.187207292434663 0.07305452632312788
9.4447372 3.126224896808943 0.06874777795051644
9.494737199999999 3.067321545610268 0.06483083507413223
9.5447372 3.010384802471371 0.0612586644716468
9.594737200000001 2.955311306805436 0.05799250502123027
9.6447372 2.902005797656443 0.05499885317945639
9.6947372 2.850380266665882 0.05224863422103923
9.744737199999999 2.800353220124744 0.04971652144983091
9.7947372 2.751849033617142 0.04738037401094788
9.844737200000001 2.704797385602862 0.04522077032241142
9.8947372 2.659132758581167 0.04322061902746766
9.9447372 2.614793998342457 0.0413648331268445
9.994737199999999 2.571723923336918 0.03964005586189543
10.0447372 2.529868977438808 0.03803442918975024
10.0947372 2.489178920415568 0.0365373974722176
10.1447372 2.449606551264628 0.03513954040482236
10.1947372 2.411107460291103 0.03383243032644857
10.2447372 2.373639806393072 0.032608509938299
10.2947372 2.337164116518943 0.0314609871725828
10.3447372 2.301643104680595 0.03038374452430589
10.3947372 2.267041508260231 0.02937126062291303
10.4447372 2.23332593964929 0.02841854219691265
10.4947372 2.200464751513365 0.02752106489161955
10.5447372 2.168427914195287 0.02667472165157164
10.5947372 2.137186903955365 0.02587577758587454
10.6447372 2.106714600908213 0.02512083040528993
10.6947372 2.076985195653804 0.02440677566112944
10.7447372 2.047974103719738 0.02373077613338983
10.7947372 2.019657887035066 0.0230902348134237
10.8447372 1.992014181745738 0.02248277100828963
10.8947372 1.965021631759833 0.02190619916259839
10.9447372 1.93865982747888 0.02135851005145828
10.9947372 1.912909249231121 0.02083785404689177
11.0447372 1.887751214974814 0.02034252620136673
11.0947372 1.863167831885507 0.01987095292710738
11.1447372 1.839141951481593 0.01942168007964572
11.1947372 1.815657127978034 0.0189933622794873
11.2447372 1.792697579589628 0.01858475332749484
11.2947372 1.770248152532992 0.01819469758821536
11.3447372 1.748294287501212 0.01782212223137447
11.3947372 1.726821988406975 0.01746603023553379
11.4447372 1.705817793209617 0.01712549406979113
11.4947372 1.685268746658893 0.01679964997967767
11.5447372 1.665162374803863 0.01648769281230809
11.5947372 1.645486661129192 0.01618887132356778
11.6447372 1.62623002419366 0.01590248391684279
11.6947372 1.607381296656845 0.01562787476865602
11.7447372 1.588929705590017 0.0153644303016868
11.7947372 1.57086485397633 0.01511157597012353
11.8447372 1.553176703313565 0.01486877332621769
11.8947372 1.535855557240017 0.01463551734034606
11.9447372 1.518892046110808 0.01441133394991088
11.9947372 1.502277112457904 0.01419577781506909
12.0447372 1.486001997272568 0.01398843026162863
12.0947372 1.470058227053959 0.01378889739352275
12.1447372 1.454437601572034 0.01359680835910625
12.1947372 1.439132182297046 0.01341181375714172
12.2447372 1.424134281451615 0.01323358416978443
12.2947372 1.409436451644766 0.01306180881115367
12.3447372 1.395031476050389 0.01289619428121696
12.3947372 1.380912359095452 0.01273646341572688
12.4447372 1.367072317625819 0.0125823542238544
12.4947372 1.353504772519954 0.01243361890596971
12.5447372 1.340203340722903 0.01229002294474358
12.5947372 1.327161827674965 0.01215134426338779
12.6447372 1.314374220111291 0.0120173724454325
12.6947372 1.301834679210288 0.01188790801095783
12.7447372 1.289537534070302 0.01176276174466329
12.7947372 1.277477275495414 0.01164175407157858
12.8447372 1.265648550072545 0.01152471447659691
12.8947372 1.254046154523225 0.01141148096435219
12.9447372 1.242665030314527 0.01130189955626894
12.9947372 1.231500258514673 0.01119582382189067
13.0447372 1.220547054879779 0.01109311444184349
13.0947372 1.209800765159093 0.01099363880001834
13.1447372 1.199256860606861 0.01089727060276086
13.1947372 1.188910933689761 0.01080388952304394
13.2447372 1.178758693979484 0.01071338086776735
13.2947372 1.168795964220755 0.01062563526648208
13.3447372 1.159018676565627 0.01054054837997664
13.3947372 1.149422868965481 0.01045802062728972
13.4447372 1.140004681712681 0.01037795692982909
13.4947372 1.130760354124299 0.01030026647138193
13.5447372 1.121686221360791 0.01022486247289821
13.5947372 1.112778711372931 0.01015166198101631
13.6447372 1.104034341970675 0.0100805856693802
13.6947372 1.095449718008033 0.01001155765187106
13.7447372 1.087021528678331 0.009944505306943217
13.7947372 1.078746544914582 0.009879359112315524
13.8447372 1.070621616889987 0.009816052489326111
13.8947372 1.062643671613854 0.009754521656309609
13.9447372 1.054809710618494 0.009694705490403627
13.9947372 1.047116807732883 0.009636545397234797
14.0447372 1.039562106939137 0.009579985187974652
14.0947372 1.032142820308018 0.009524970963292462
14.1447372 1.024856226009945 0.009471451003766075
14.1947372 1.017699666398111 0.009419375666342961
14.2447372 1.010670546160543 0.009368697286472475
14.2947372 1.003766330538068 0.00931937008555684
14.3447372 0.9969845436053217 0.009271350083392877
14.3947372 0.9903227666120867 0.009224595015299111
14.4447372 0.9837786363823726 0.009179064253643716
14.4947372 0.9773498437687935 0.009134718733508157
14.5447372 0.971034132159915 0.009091520882239192
14.5947372 0.9648292960383599 0.00904943455265848
14.6447372 0.9587331795875718 0.009008424959714297
14.6947372 0.9527436753452375 0.00896845862037415
14.7447372 0.9468587229014682 0.00892950329657015
14.7947372 0.9410763076399273 0.008891527941021281
14.8447372 0.935394459520186 0.00885450264576801
14.8947372 0.9298112518996617 0.008818398593265223
14.9447372 0.9243248003935791 0.00878318800988926
14.9947372 0.91893326177146 0.008748844121723911
15.0447372 0.9136348328887239 0.008715341112498705
15.0947372 0.908427749652043 0.008682654083560734
15.1447372 0.9033102860171555 0.008650759015768516
15.1947372 0.8982807530179058 0.008619632733203314
15.2447372 0.8933374978253309 0.008589252868599675
15.2947372 0.8884789028356661 0.008559597830402875
15.3447372 0.8837033847861948 0.008530646771366541
15.3947372 0.8790093938979132 0.008502379558608851
15.4447372 0.8743954130440257 0.008474776745050601
15.4947372 0.8698599569433312 0.008447819542162921
15.5447372 0.8654015713775988 0.008421489793956618
15.5947372 0.8610188324320724 0.008395769952149156
15.6447372 0.856710345758278 0.00837064305244886
15.6947372 0.8524747458583448 0.008346092691899542
15.7447372 0.8483106953900825 0.00832210300723182
15.7947372 0.84421688449209 0.008298658654170614
15.8447372 0.8401920301281997 0.008275744787650965
15.8947372 0.8362348754505912 0.008253347042897183
15.9447372 0.8323441891809352 0.008231451517322663
15.9947372 0.8285187650089534 0.008210044753210168
16.0447372 0.8247574210078066 0.008189113721134563
16.0947372 0.8210589990657452 0.008168645804092012
16.1447372 0.8174223643334806 0.008148628782301649
16.1947372 0.8138464046867547 0.008129050818647548
16.2447372 0.8103300302036086 0.008109900444730528
16.2947372 0.8068721726558674 0.00809116654750096
16.3447372 0.8034717850143813 0.008072838356445266
16.3947372 0.8001278409675757 0.008054905431300243
16.4447372 0.7968393344528844 0.008037357650270653
16.4947372 0.7936052792006532 0.008020185198726881
16.5447372 0.79042470829012 0.008003378558360559
16.5947372 0.7872966737170888 0.007986928496777271
16.6447372 0.7842202459729307 0.007970826057506462
16.6947372 0.7811945136345608 0.007955062550409725
16.7447372 0.7782185829650486 0.007939629542469583
16.7947372 0.7752915775245363 0.007924518848941702
16.8447372 0.7724126377911468 0.007909722524854475
16.8947372 0.7695809207915806 0.007895232856840583
16.9447372 0.7667955997411048 0.007881042355285908
16.9947372 0.7640558636926533 0.00786714374678201
17.0447372 0.7613609171947658 0.007853529966868862
17.0947372 0.7587099799581009 0.007840194153055386
17.1447372 0.75610228653027 0.007827129638105742
17.1947372 0.7535370859787485 0.007814329943580063
17.2447372 0.7510136415816251 0.007801788773618762
17.2947372 0.7485312305259637 0.007789500008960091
17.3447372 0.7460891436135546 0.007777457701181123
17.3947372 0.7436866849738445 0.007765656067152787
17.4447372 0.7413231717838378 0.007754089483700002
17.4947372 0.7389979339947715 0.007742752482458413
17.5447372 0.7367103140653711 0.007731639744919585
17.5947372 0.7344596667015012 0.007720746097656907
17.6447372 0.7322453586020329 0.007710066507724814
17.6947372 0.7300667682107523 0.007699596078224261
17.7447372 0.727923285474144 0.007689330044027698
17.7947372 0.7258143116048853 0.007679263767657129
17.8447372 0.7237392588508964 0.007669392735309104
17.8947372 0.7216975502697913 0.007659712553020732
17.9447372 0.7196886195085856 0.007650218942971168
17.9947372 0.7177119105885156 0.00764090773991315
18.0447372 0.7157668776948322 0.007631774887729481
18.0947372 0.7138529849714373 0.007622816436109574
18.1447372 0.71196970632023 0.007614028537341309
18.1947372 0.7101165252050398 0.007605407443213782
18.2447372 0.7082929344600241 0.00759694950202661
18.2947372 0.7064984361024139 0.007588651155701699
18.3447372 0.7047325411494909 0.007580508936993536
18.3947372 0.7029947694396875 0.007572519466794235
18.4447372 0.701284649457702 0.007564679451529753
18.4947372 0.6996017181635246 0.007556985680643795
18.5447372 0.6979455208252738 0.007549435024166105
18.5947372 0.6963156108557453 0.00754202443036199
18.6447372 0.6947115496525776 0.007534750923460013
18.6947372 0.6931329064419445 0.007527611601454974
18.7447372 0.691579258125682 0.007520603633983338
18.7947372 0.6900501891317661 0.007513724260268485
18.8447372 0.6885452912680547 0.007506970787133185
18.8947372 0.6870641635792134 0.007500340587076836
18.9447372 0.6856064122067453 0.007493831096415104
18.9947372 0.6841716502520482 0.007487439813479697
19.0447372 0.6827594976424233 0.007481164296876108
19.0947372 0.6813695809999641 0.007475002163797206
19.1447372 0.6800015335132543 0.007468951088390709
19.1947372 0.6786549948118048 0.007463008800178571
19.2447372 0.6773296108431658 0.007457173082526469
19.2947372 0.6760250337526462 0.007451441771161587
19.3447372 0.6747409217655805 0.007445812752737003
19.3947372 0.6734769390720784 0.007440283963441031
19.4447372 0.6722327557142002 0.007434853387649939
19.4947372 0.6710080474754999 0.007429519056622541
19.5447372 0.6698024957728778 0.007424279047235182
19.5947372 0.66861578755069 0.007419131480755744
19.6447372 0.66744761517706 0.00741407452165529
19.6947372 0.6662976763423417 0.007409106376456082
19.7447372 0.6651656739596828 0.007404225292614712
19.7947372 0.6640513160676391 0.007399429557439142
19.8447372 0.6629543157347926 0.007394717497038503
19.8947372 0.6618743909663272 0.007390087475304549
19.9447372 0.6608112646125156 0.007385537892923687
19.9947372 0.6597646642790744 0.00738106718641855
20.0447372 0.6587343222393441 0.007376673827218137
20.0947372 0.6577199753482521 0.007372356320755554
20.1447372 0.6567213649580184 0.007368113205592438
20.1947372 0.6557382368355639 0.007363943052569183
20.2447372 0.6547703410815833 0.007359844463980101
20.2947372 0.6538174320512445 0.007355816072772726
20.3447372 0.6528792682764782 0.007351856541770435
20.3947372 0.6519556123898219 0.007347964562917642
20.4447372 0.6510462310497828 0.007344138856546823
20.4947372 0.6501508948676877 0.007340378170666668
20.5447372 0.6492693783359851 0.00733668128027068
20.5947372 0.6484014597579667 0.007333046986665532
20.6447372 0.64754692117888 0.007329474116818592
20.6947372 0.6467055483183977 0.007325961522723972
20.7447372 0.6458771305044165 0.007322508080786509
20.7947372 0.6450614606081559 0.007319112691223129
20.8447372 0.6442583349805273 0.007315774277481021
20.8947372 0.643467553389747 0.007312491785672097
20.9447372 0.6426889189601663 0.007309264184023228
20.9947372 0.641922238112291 0.007306090462341767
21.0447372 0.6411673205039657 0.007302969631495863
21.0947372 0.6404239789726983 0.007299900722909118
21.1447372 0.639692029479098 0.007296882788069143
21.1947372 0.6389712910514059 0.007293914898049577
21.2447372 0.6382615857310928 0.007290996143045149
21.2947372 0.6375627385195023 0.007288125631919396
21.3447372 0.6368745773255168 0.007285302491764642
21.3947372 0.6361969329142247 0.007282525867473855
21.4447372 0.6355296388565685 0.00727979492132403
21.4947372 0.6348725314799513 0.007277108832570761
21.5447372 0.6342254498197833 0.007274466797053625
21.5947372 0.6335882355719484 0.007271868026812094
21.6447372 0.6329607330461705 0.007269311749711637
21.6947372 0.632342789120262 0.007266797209079709
21.7447372 0.6317342531952356 0.007264323663351328
21.7947372 0.6311349771512618 0.007261890385723986
21.8447372 0.6305448153044542 0.007259496663821551
21.8947372 0.6299636243644655 0.007257141799366972
21.9447372 0.6293912633928784 0.007254825107863476
21.9947372 0.6288275937623741 0.007252545918284021
22.0447372 0.6282724791166626 0.00725030357276877
22.0947372 0.6277257853311599 0.007248097426330342
22.1447372 0.6271873804743958 0.007245926846566631
22.1947372 0.6266571347701391 0.007243791213380944
22.2447372 0.6261349205602231 0.007241689918709283
22.2947372 0.6256206122680608 0.007239622366254534
22.3447372 0.6251140863628315 0.007237587971227383
22.3947372 0.6246152213243297 0.00723558616009376
22.4447372 0.6241238976084589 0.007233616370328628
22.4947372 0.6236399976133614 0.007231678050175934
22.5447372 0.6231634056461678 0.007229770658414549
22.5947372 0.6226940078903557 0.00722789366413002
22.6447372 0.6222316923737053 0.007226046546491996
22.6947372 0.6217763489368402 0.007224228794537125
22.7447372 0.6213278692023404 0.00722243990695732
22.7947372 0.6208861465444182 0.007220679391893201
22.8447372 0.6204510760591442 0.007218946766732591
22.8947372 0.6200225545352138 0.007217241557913935
22.9447372 0.6196004804252425 0.007215563300734468
22.9947372 0.6191847538175806 0.007213911539163054
23.0447372 0.6187752764086361 0.00721228582565752
23.0947372 0.6183719514756968 0.007210685720986389
23.1447372 0.6179746838502418 0.007209110794054894
23.1947372 0.6175833798917314 0.007207560621735131
23.2447372 0.6171979474618685 0.007206034788700275
23.2947372 0.6168182958993207 0.007204532887262713
23.3447372 0.616444335994894 0.007203054517216021
23.3947372 0.6160759799671507 0.007201599285680654
23.4447372 0.615713141438462 0.007200166806953276
23.4947372 0.6153557354114869 0.007198756702359601
23.5447372 0.6150036782460696 0.007197368600110695
23.5947372 0.6146568876365474 0.007196002135162598
23.6447372 0.6143152825894607 0.007194656949079222
23.6947372 0.6139787834016579 0.007193332689898402
23.7447372 0.6136473116387879 0.007192029012001055
23.7947372 0.613320790114172 0.00719074557598333
23.8447372 0.6129991428680482 0.007189482048531686
23.8947372 0.6126822951471825 0.007188238102300841
23.9447372 0.6123701733848373 0.007187013415794475
23.9947372 0.6120627051810922 0.007185807673248656
24.0447372 0.6117598192835105 0.0071846205645179
24.0947372 0.6114614455681442 0.00718345178496379
24.1447372 0.6111675150208707 0.007182301035346116
24.1947372 0.6108779597190572 0.007181168021716443
24.2447372 0.6105927128135435 0.007180052455314056
24.2947372 0.6103117085109397 0.007178954052464226
24.3447372 0.6100348820562325 0.007177872534478741
24.3947372 0.6097621697156925 0.007176807627558621
24.4447372 0.6094935087600803 0.007175759062699001
24.4947372 0.6092288374481419 0.007174726575596087
24.5447372 0.6089680950103915 0.007173709906556171
24.5947372 0.6087112216331743 0.007172708800406618
24.6447372 0.6084581584430045 0.007171723006408811
24.6947372 0.6082088474911745 0.007170752278172973
24.7447372 0.6079632317386284 0.007169796373574844
24.7947372 0.6077212550410965 0.007168855054674156
24.8447372 0.6074828621344858 0.007167928087634862
24.8947372 0.6072479986205205 0.007167015242647084
24.9447372 0.6070166109526302 0.007166116293850724
24.9947372 0.6067886464220791 0.00716523101926072
25.0447372 0.6065640531443326 0.007164359200693872
25.0947372 0.6063427800456581 0.007163500623697248
25.1447372 0.6061247768499531 0.00716265507747808
25.1947372 0.6059099940657996 0.007161822354835156
25.2447372 0.6056983829737381 0.00716100225209166
25.2947372 0.6054898956137588 0.007160194569029394
25.3447372 0.6052844847730051 0.007159399108824412
25.3947372 0.605082103973687 0.007158615677983974
25.4447372 0.6048827074611979 0.007157844086284817
25.4947372 0.6046862501924345 0.007157084146712716
25.5447372 0.6044926878243136 0.007156335675403277
25.5947372 0.604301976702484 0.007155598491583974
25.6447372 0.6041140738502271 0.007154872417517359
25.6947372 0.6039289369575479 0.007154157278445454
25.7447372 0.6037465243704476 0.007153452902535266
25.7947372 0.6035667950803777 0.007152759120825428
25.8447372 0.6033897087138717 0.007152075767173914
25.8947372 0.603215225522351 0.007151402678206824
25.9447372 0.603043306372102 0.007150739693268205
25.9947372 0.6028739127344216 0.007150086654370873
26.0447372 0.6027070066759271 0.007149443406148254
26.0947372 0.6025425508490294 0.00714880979580715
26.1447372 0.6023805084825651 0.007148185673081496
26.1947372 0.6022208433725845 0.007147570890187005
26.2447372 0.6020635198732952 0.007146965301776741
26.2947372 0.6019085028881547 0.007146368764897558
26.3447372 0.6017557578611125 0.007145781138947416
26.3947372 0.6016052507679982 0.007145202285633536
26.4447372 0.6014569481080525 0.007144632068931371
26.4947372 0.6013108168955987 0.007144070355044402
26.5447372 0.6011668246518529 0.007143517012364707
26.5947372 0.6010249393968696 0.007142971911434315
26.6447372 0.6008851296416217 0.007142434924907304
26.6947372 0.6007473643802099 0.007141905927512642
26.7447372 0.6006116130822035 0.007141384796017748
26.7947372 0.6004778456851046 0.007140871409192766
26.8447372 0.6003460325869401 0.007140365647775516
26.8947372 0.6002161446389731 0.007139867394437144
26.9447372 0.6000881531385361 0.007139376533748399
26.9947372 0.5999620298219818 0.007138892952146593
27.0447372 0.5998377468577493 0.007138416537903173
27.0947372 0.5997152768395456 0.007137947181091912
27.1447372 0.5995945927796377 0.00713748477355772
27.1947372 0.5994756681022554 0.007137029208886035
27.2447372 0.5993584766371025 0.007136580382372798
27.2947372 0.599242992612974 0.007136138190995004
27.3447372 0.5991291906514777 0.007135702533381793
27.3947372 0.5990170457608591 0.007135273309786109
27.4447372 0.598906533329926 0.007134850422056865
27.4947372 0.598797629122074 0.007134433773611653
27.5447372 0.5986903092694078 0.007134023269409951
27.5947372 0.5985845502669594 0.007133618815926837
27.6447372 0.5984803289670004 0.007133220321127191
27.6947372 0.5983776225734462 0.007132827694440368
27.7447372 0.5982764086363517 0.007132440846735364
27.7947372 0.5981766650464969 0.007132059690296416
27.8447372 0.5980783700300595 0.007131684138799064
27.8947372 0.5979815021433742 0.007131314107286657
27.9447372 0.5978860402677778 0.00713094951214729
27.9947372 0.5977919636045363 0.007130590271091157
28.0447372 0.5976992516698557 0.007130236303128328
28.0947372 0.597607884289972 0.007129887528546926
28.1447372 0.597517841596322 0.007129543868891707
28.1947372 0.5974291040207909 0.007129205246943026
28.2447372 0.5973416522910371 0.007128871586696187
28.2947372 0.5972554674258929 0.007128542813341164
28.3447372 0.597170530730838 0.007128218853242701
28.3947372 0.5970868237935476 0.007127899633920753
28.4447372 0.5970043284795105 0.007127585084031291
28.4947372 0.5969230269277183 0.007127275133347456
28.5447372 0.5968429015464244 0.007126969712741036
28.5947372 0.5967639350089705 0.007126668754164294
28.6447372 0.5966861102496801 0.007126372190632106
28.6947372 0.5966094104598177 0.007126079956204425
28.7447372 0.5965338190836132 0.007125791985969055
28.7947372 0.5964593198143497 0.00712550821602473
28.8447372 0.5963858965905138 0.007125228583464506
28.8947372 0.5963135335920071 0.00712495302635942
28.9447372 0.5962422152364197 0.007124681483742467
28.9947372 0.5961719261753612 0.007124413895592848
29.0447372 0.5961026512908514 0.007124150202820485
29.0947372 0.5960343756917684 0.007123890347250832
29.1447372 0.5959670847103535 0.007123634271609927
29.1947372 0.5959007638987709 0.007123381919509727
29.2447372 0.5958353990257229 0.007123133235433688
29.2947372 0.595770976073119 0.007122888164722594
29.3447372 0.5957074812327974 0.007122646653560652
29.3947372 0.5956449009032985 0.007122408648961804
29.4447372 0.5955832216866903 0.007122174098756292
29.4947372 0.5955224303854439 0.007121942951577458
29.5447372 0.595462513999358 0.00712171515684876
29.5947372 0.5954034597225324 0.007121490664771024
29.6447372 0.5953452549403897 0.007121269426309911
29.6947372 0.595287887226744 0.007121051393183603
29.7447372 0.5952313443409154 0.007120836517850696
29.7947372 0.5951756142248908 0.007120624753498303
29.8447372 0.5951206850005292 0.007120416054030368
29.8947372 0.595066544966811 0.007120210374056168
29.9447372 0.5950131825971309 0.007120007668879017
29.9947372 0.5949605865366332 0.007119807894485171
30.0447372 0.5949087455995895 0.007119611007532906
30.0947372 0.5948576487668171 0.007119416965341794
30.1447372 0.5948072851831384 0.00711922572588216
30.1947372 0.5947576441548801 0.00711903724776471
30.2447372 0.5947087151474117 0.007118851490230343
30.2947372 0.5946604877827227 0.007118668413140136
30.3447372 0.5946129518370379 0.007118487976965488
30.3947372 0.5945660972384695 0.007118310142778443
30.4447372 0.5945199140647073 0.007118134872242164
30.4947372 0.5944743925407432 0.007117962127601579
30.5447372 0.5944295230366335 0.007117791871674176
30.5947372 0.5943852960652942 0.00711762406784095
30.6447372 0.5943417022803321 0.007117458680037516
30.6947372 0.5942987324739092 0.007117295672745352
30.7447372 0.5942563775746406 0.007117135010983198
30.7947372 0.5942146286455253 0.007116976660298605
30.8447372 0.5941734768819094 0.007116820586759606
30.8947372 0.5941329136094802 0.007116666756946548
30.9447372 0.5940929302822929 0.007116515137944041
30.9947372 0.5940535184808272 0.007116365697333048
31.0447372 0.594014669910074 0.00711621840318311
31.0947372 0.5939763763976524 0.007116073224044697
31.1447372 0.5939386298919559 0.007115930128941674
31.1947372 0.5939014224603266 0.007115789087363912
31.2447372 0.5938647462872594 0.007115650069260009
31.2947372 0.5938285936726322 0.007115513045030126
31.3447372 0.5937929570299649 0.007115377985518949
31.3947372 0.593757828884705 0.00711524486200877
31.4447372 0.5937232018725394 0.007115113646212666
31.4947372 0.5936890687377328 0.00711498431026781
31.5447372 0.5936554223314918 0.007114856826728873
31.5947372 0.5936222556103542 0.007114731168561544
31.6447372 0.593589561634603 0.007114607309136154
31.6947372 0.5935573335667053 0.007114485222221408
31.7447372 0.5935255646697751 0.007114364881978205
31.7947372 0.59349424830606 0.007114246262953572
31.8447372 0.5934633779354511 0.007114129340074702
31.8947372 0.5934329471140156 0.007114014088643061
31.9447372 0.5934029494925529 0.007113900484328625
31.9947372 0.5933733788151719 0.007113788503164186
32.0447372 0.5933442289178914 0.007113678121539761
32.0947372 0.5933154937272603 0.007113569316197086
32.1447372 0.5932871672590013 0.007113462064224207
32.1947372 0.5932592436166734 0.007113356343050143
32.2447372 0.593231716990356 0.007113252130439656
32.2947372 0.5932045816553536 0.007113149404488085
32.3447372 0.5931778319709188 0.007113048143616273
32.3947372 0.5931514623789969 0.00711294832656558
32.4447372 0.5931254674029881 0.007112849932392961
32.4947372 0.59309984164653 0.007112752940466139
32.5447372 0.5930745797922975 0.007112657330458847
32.5947372 0.5930496766008221 0.007112563082346141
32.6447372 0.593025126909329 0.007112470176399804
32.6947372 0.5930009256305914 0.007112378593183805
32.7447372 0.5929770677518034 0.007112288313549842
32.7947372 0.5929535483334692 0.007112199318632954
32.8447372 0.5929303625083099 0.007112111589847198
32.8947372 0.5929075054801863 0.007112025108881402
32.9447372 0.5928849725230394 0.00711193985769498
32.9947372 0.5928627589798452 0.007111855818513812
33.0447372 0.5928408602615873 0.007111772973826196
33.0947372 0.5928192718462443 0.007111691306378861
33.1447372 0.592797989277792 0.007111610799173038
33.1947372 0.5927770081652228 0.007111531435460602
33.2447372 0.5927563241815774 0.007111453198740268
33.2947372 0.5927359330629934 0.007111376072753847
33.3447372 0.5927158306077676 0.007111300041482573
33.3947372 0.5926960126754317 0.007111225089143464
33.4447372 0.592676475185844 0.007111151200185765
33.4947372 0.592657214118293 0.007111078359287436
33.5447372 0.5926382255106156 0.007111006551351688
33.5947372 0.5926195054583285 0.007110935761503586
33.6447372 0.5926010501137727 0.007110865975086707
33.6947372 0.5925828556852711 0.007110797177659825
33.7447372 0.592564918436299 0.007110729354993687
33.7947372 0.5925472346846663 0.007110662493067802
33.8447372 0.5925298008017137 0.007110596578067312
33.8947372 0.5925126132115196 0.007110531596379884
33.9447372 0.5924956683901195 0.007110467534592668
33.9947372 0.5924789628647372 0.007110404379489301
34.0447372 0.5924624932130285 0.007110342118046948
34.0947372 0.5924462560623341 0.007110280737433405
34.1447372 0.5924302480889466 0.007110220225004223
34.1947372 0.5924144660173863 0.007110160568299906
34.2447372 0.5923989066196893 0.007110101755043127
34.2947372 0.5923835667147053 0.007110043773136003
34.3447372 0.5923684431674071 0.007109986610657408
34.3947372 0.5923535328882098 0.007109930255860323
34.4447372 0.5923388328323006 0.007109874697169232
34.4947372 0.5923243399989779 0.007109819923177557
34.5447372 0.5923100514310017 0.007109765922645134
34.5947372 0.5922959642139527 0.007109712684495726
34.6447372 0.5922820754756015 0.007109660197814576
34.6947372 0.5922683823852871 0.007109608451845988
34.7447372 0.5922548821533051 0.007109557435990971
34.7947372 0.5922415720303046 0.007109507139804887
34.8447372 0.5922284493066944 0.007109457552995157
34.8947372 0.5922155113120584 0.007109408665418997
34.9447372 0.5922027554145791 0.007109360467081183
34.9947372 0.5921901790204706 0.007109312948131857
35.0447372 0.592177779573419 0.007109266098864369
35.0947372 0.592165554554033 0.007109219909713141
35.1447372 0.5921535014793005 0.007109174371251571
35.1947372 0.5921416179020547 0.007109129474189974
35.2447372 0.5921299014104482 0.007109085209373546
35.2947372 0.5921183496274346 0.007109041567780357
35.3447372 0.5921069602102581 0.00710899854051939
35.3947372 0.5920957308499504 0.007108956118828593
35.4447372 0.5920846592708351 0.007108914294072967
35.4947372 0.5920737432300405 0.007108873057742687
35.5447372 0.5920629805170181 0.007108832401451249
35.5947372 0.5920523689530699 0.007108792316933639
35.6447372 0.5920419063908814 0.007108752796044542
35.6947372 0.5920315907140623 0.007108713830756569
35.7447372 0.592021419836694 0.007108675413158513
35.7947372 0.5920113917028839 0.007108637535453631
35.8447372 0.5920015042863258 0.007108600189957959
35.8947372 0.5919917555898678 0.00710856336909864
35.9447372 0.5919821436450858 0.007108527065412289
35.9947372 0.5919726665118636 0.007108491271543378
36.0447372 0.5919633222779795 0.007108455980242642
36.0947372 0.5919541090586987 0.007108421184365513
36.1447372 0.5919450249963722 0.007108386876870585
36.1947372 0.5919360682600412 0.007108353050818085
36.2447372 0.5919272370450475 0.007108319699368378
36.2947372 0.5919185295726501 0.007108286815780502
36.3447372 0.5919099440896471 0.007108254393410708
36.3947372 0.5919014788680033 0.007108222425711032
36.4447372 0.5918931322044827 0.007108190906227887
36.4947372 0.5918849024202882 0.007108159828600681
36.5447372 0.5918767878607051 0.007108129186560447
36.5947372 0.5918687868947496 0.007108098973928494
36.6447372 0.5918608979148245 0.007108069184615092
36.6947372 0.5918531193363779 0.007108039812618157
36.7447372 0.5918454495975678 0.00710801085202197
36.7947372 0.5918378871589323 0.007107982296995916
36.8447372 0.5918304305030634 0.007107954141793226
36.8947372 0.5918230781342868 0.007107926380749755
36.9447372 0.5918158285783455 0.007107899008282774
36.9947372 0.5918086803820889 0.007107872018889776
37.0447372 0.5918016321131658 0.007107845407147297
37.0947372 0.5917946823597224 0.007107819167709768
37.1447372 0.5917878297301049 0.007107793295308374
37.1947372 0.5917810728525655 0.007107767784749928
37.2447372 0.5917744103749744 0.007107742630915768
37.2947372 0.5917678409645343 0.007107717828760671
37.3447372 0.5917613633075003 0.007107693373311776
37.3947372 0.5917549761089037 0.007107669259667534
37.4447372 0.5917486780922796 0.007107645482996658
37.4947372 0.5917424679993983 0.007107622038537108
37.5447372 0.5917363445900018 0.007107598921595078
37.5947372 0.5917303066415426 0.007107576127543994
37.6447372 0.5917243529489279 0.007107553651823549
37.6947372 0.5917184823242662 0.00710753148993872
37.7447372 0.5917126935966186 0.007107509637458835
37.7947372 0.5917069856117534 0.00710748809001662
37.8447372 0.5917013572319042 0.007107466843307293
37.8947372 0.591695807335532 0.007107445893087637
37.9447372 0.5916903348170898 0.007107425235175118
37.9947372 0.5916849385867923 0.007107404865446997
38.0447372 0.5916796175703873 0.007107384779839463
38.0947372 0.5916743707089317 0.007107364974346775
38.1447372 0.5916691969585699 0.00710734544502042
38.1947372 0.591664095290316 0.007107326187968284
38.2447372 0.5916590646898392 0.007107307199353824
38.2947372 0.5916541041572518 0.007107288475395274
38.3447372 0.5916492127069015 0.007107270012364845
38.3947372 0.5916443893671649 0.007107251806587938
38.4447372 0.5916396331802459 0.007107233854442382
38.4947372 0.591634943201976 0.007107216152357662
38.5447372 0.5916303185016174 0.007107198696814185
38.5947372 0.5916257581616702 0.007107181484342528
38.6447372 0.5916212612776806 0.007107164511522724
38.6947372 0.5916168269580536 0.007107147774983538
38.7447372 0.5916124543238677 0.007107131271401762
38.7947372 0.5916081425086916 0.007107114997501526
38.8447372 0.5916038906584056 0.00710709895005361
38.8947372 0.5915996979310228 0.007107083125874764
38.9447372 0.5915955634965161 0.007107067521827053
38.9947372 0.5915914865366446 0.007107052134817198
39.0447372 0.591587466244785 0.007107036961795928
39.0947372 0.5915835018257639 0.007107021999757348
39.1447372 0.5915795924956937 0.007107007245738314
39.1947372 0.59157573748181 0.007106992696817811
39.2447372 0.5915719360223118 0.007106978350116349
39.2947372 0.5915681873662038 0.007106964202795362
39.3447372 0.5915644907731411 0.007106950252056619
39.3947372 0.5915608455132767 0.007106936495141641
39.4447372 0.5915572508671101 0.007106922929331132
39.4947372 0.591553706125339 0.007106909551944407
39.5447372 0.5915502105887132 0.007106896360338843
39.5947372 0.5915467635678897 0.007106883351909326
39.6447372 0.5915433643832915 0.007106870524087715
39.6947372 0.5915400123649662 0.007106857874342305
39.7447372 0.5915367068524493 0.007106845400177307
39.7947372 0.5915334471946271 0.007106833099132329
39.8447372 0.5915302327496031 0.007106820968781867
39.8947372 0.5915270628845661 0.007106809006734802
39.9447372 0.5915239369756597 0.007106797210633913
39.9947372 0.5915208544078541 0.007106785578155378
40.0447372 0.5915178145748194 0.007106774107008302
40.0947372 0.5915148168788016 0.007106762794934243
40.1447372 0.5915118607304993 0.007106751639706747
40.1947372 0.5915089455489431 0.007106740639130886
40.2447372 0.5915060707613757 0.007106729791042802
40.2947372 0.5915032358031355 0.00710671909330927
40.3447372 0.5915004401175395 0.007106708543827256
40.3947372 0.5914976831557704 0.007106698140523478
40.44473720000001 0.5914949643767631 0.007106687881353984
40.4947372 0.5914922832470945 0.007106677764303734
40.5447372 0.5914896392408743 0.00710666778738618
40.5947372 0.5914870318396369 0.007106657948642861
40.6447372 0.5914844605322358 0.007106648246143001
40.69473720000001 0.5914819248147387 0.007106638677983111
40.7447372 0.5914794241903248 0.007106629242286599
40.7947372 0.5914769581691829 0.007106619937203384
40.8447372 0.5914745262684115 0.00710661076090952
40.8947372 0.5914721280119204 0.007106601711606817
40.94473720000001 0.5914697629303333 0.007106592787522476
40.9947372 0.5914674305608918 0.007106583986908727
41.0447372 0.5914651304473615 0.007106575308042466
41.0947372 0.5914628621399385 0.007106566749224908
41.1447372 0.5914606251951581 0.007106558308781234
41.19473720000001 0.5914584191758042 0.007106549985060258
41.2447372 0.5914562436508203 0.007106541776434076
41.2947372 0.5914540981952219 0.007106533681297746
41.3447372 0.5914519823900095 0.007106525698068954
41.3947372 0.591449895822084 0.007106517825187686
41.44473720000001 0.5914478380841623 0.007106510061115925
41.4947372 0.5914458087746948 0.007106502404337321
41.5447372 0.591443807497783 0.007106494853356892
41.5947372 0.5914418338631002 0.007106487406700715
41.6447372 0.5914398874858114 0.007106480062915625
41.69473720000001 0.5914379679864955 0.007106472820568924
41.7447372 0.5914360749910682 0.007106465678248087
41.7947372 0.5914342081307062 0.007106458634560468
41.8447372 0.5914323670417724 0.007106451688133029
41.8947372 0.5914305513657419 0.00710644483761205
41.94473720000001 0.5914287607491299 0.007106438081662862
41.9947372 0.5914269948434194 0.007106431418969567
42.0447372 0.5914252533049915 0.007106424848234785
42.0947372 0.5914235357950549 0.00710641836817937
42.1447372 0.5914218419795778 0.00710641197754217
42.19473720000001 0.5914201715292206 0.007106405675079763
42.2447372 0.5914185241192687 0.007106399459566201
42.2947372 0.591416899429567 0.007106393329792769
42.3447372 0.5914152971444558 0.007106387284567734
42.3947372 0.5914137169527065 0.007106381322716112
42.44473720000001 0.5914121585474584 0.007106375443079417
42.4947372 0.5914106216261577 0.007106369644515439
42.5447372 0.5914091058904954 0.007106363925898005
42.5947372 0.5914076110463483 0.007106358286116759
42.6447372 0.5914061368037183 0.007106352724076928
42.69473720000001 0.5914046828766752 0.007106347238699107
42.7447372 0.5914032489832983 0.007106341828919041
42.7947372 0.5914018348456199 0.007106336493687408
42.8447372 0.5914004401895692 0.007106331231969607
42.8947372 0.5913990647449172 0.007106326042745551
42.94473720000001 0.5913977082452223 0.007106320925009458
42.9947372 0.5913963704277768 0.007106315877769655
43.0447372 0.5913950510335538 0.007106310900048371
43.0947372 0.5913937498071554 0.007106305990881543
43.1447372 0.5913924664967609 0.007106301149318621
43.19473720000001 0.5913912008540768 0.007106296374422377
43.2447372 0.5913899526342867 0.007106291665268719
43.2947372 0.591388721596002 0.0071062870209465
43.3447372 0.5913875075012134 0.007106282440557338
43.3947372 0.5913863101152436 0.007106277923215434
43.44473720000001 0.5913851292066997 0.007106273468047397
43.4947372 0.5913839645474269 0.007106269074192064
43.5447372 0.5913828159124632 0.00710626474080033
43.5947372 0.5913816830799937 0.007106260467034977
43.6447372 0.5913805658313066 0.007106256252070506
43.69473720000001 0.5913794639507489 0.007106252095092968
43.7447372 0.5913783772256841 0.007106247995299811
43.7947372 0.5913773054464486 0.007106243951899703
43.8447372 0.5913762484063106 0.007106239964112389
43.8947372 0.5913752059014283 0.007106236031168527
43.94473720000001 0.5913741777308091 0.007106232152309532
43.9947372 0.5913731636962697 0.007106228326787428
44.0447372 0.5913721636023962 0.0071062245538647
44.0947372 0.5913711772565055 0.007106220832814141
44.1447372 0.5913702044686062 0.007106217162918711
44.19473720000001 0.5913692450513613 0.007106213543471392
44.2447372 0.5913682988200505 0.007106209973775044
44.2947372 0.5913673655925329 0.00710620645314227
44.3447372 0.5913664451892117 0.007106202980895279
44.3947372 0.5913655374329975 0.007106199556365744
44.44473720000001 0.5913646421492733 0.007106196178894679
44.4947372 0.59136375916586 0.007106192847832296
44.5447372 0.5913628883129816 0.007106189562537885
44.5947372 0.5913620294232314 0.007106186322379681
44.6447372 0.5913611823315393 0.00710618312673474
44.69473720000001 0.5913603468751383 0.007106179974988811
44.7447372 0.5913595228935322 0.007106176866536222
44.7947372 0.5913587102284641 0.00710617380077975
44.8447372 0.5913579087238843 0.00710617077713051
44.8947372 0.5913571182259199 0.007106167795007829
44.94473720000001 0.5913563385828436 0.007106164853839138
44.9947372 0.5913555696450444 0.00710616195305986
45.0447372 0.5913548112649969 0.007106159092113283
45.0947372 0.5913540632972326 0.007106156270450472
45.1447372 0.5913533255983109 0.007106153487530136
45.19473720000001 0.5913525980267907 0.00710615074281854
45.2447372 0.5913518804432024 0.007106148035789388
45.2947372 0.5913511727100197 0.007106145365923721
45.3447372 0.5913504746916329 0.007106142732709817
45.3947372 0.5913497862543222 0.007106140135643082
45.44473720000001 0.5913491072662305 0.00710613757422596
45.4947372 0.5913484375973376 0.007106135047967827
45.5447372 0.5913477771194348 0.007106132556384894
45.5947372 0.5913471257060988 0.007106130099000118
45.6447372 0.5913464832326676 0.007106127675343095
45.69473720000001 0.5913458495762148 0.007106125284949982
45.7447372 0.5913452246155263 0.007106122927363394
45.7947372 0.5913446082310753 0.007106120602132316
45.8447372 0.5913440003049996 0.007106118308812014
45.8947372 0.5913434007210776 0.007106116046963951
45.94473720000001 0.591342809364706 0.007106113816155696
45.9947372 0.5913422261228763 0.007106111615960835
46.0447372 0.5913416508841536 0.007106109445958899
46.0947372 0.5913410835386534 0.007106107305735265
46.1447372 0.5913405239780208 0.007106105194881087
46.19473720000001 0.5913399720954087 0.007106103112993209
46.2447372 0.5913394277854568 0.007106101059674086
46.2947372 0.5913388909442709 0.007106099034531709
46.3447372 0.5913383614694024 0.007106097037179522
46.3947372 0.5913378392598282 0.007106095067236349
46.44473720000001 0.5913373242159302 0.007106093124326319
46.4947372 0.5913368162394765 0.007106091208078792
46.5447372 0.5913363152336018 0.007106089318128286
46.5947372 0.5913358211027876 0.0071060874541144
46.6447372 0.5913353337528449 0.007106085615681754
46.69473720000001 0.5913348530908941 0.007106083802479905
46.7447372 0.5913343790253476 0.007106082014163292
46.79473720000001 0.5913339114658918 0.007106080250391158
46.8447372 0.5913334503234687 0.007106078510827484
46.8947372 0.5913329955102594 0.00710607679514093
46.94473720000001 0.5913325469396656 0.007106075103004762
46.9947372 0.5913321045262939 0.007106073434096792
47.04473720000001 0.5913316681859379 0.00710607178809931
47.0947372 0.5913312378355621 0.00710607016469903
47.1447372 0.591330813393286 0.007106068563587021
47.19473720000001 0.5913303947783675 0.007106066984458646
47.2447372 0.5913299819111872 0.007106065427013511
47.29473720000001 0.5913295747132328 0.007106063890955394
47.3447372 0.5913291731070837 0.007106062375992196
47.3947372 0.5913287770163957 0.007106060881835879
47.44473720000001 0.5913283863658865 0.007106059408202414
47.4947372 0.5913280010813201 0.007106057954811716
47.54473720000001 0.5913276210894932 0.007106056521387603
47.5947372 0.5913272463182201 0.007106055107657726
47.6447372 0.591326876696319 0.007106053713353534
47.69473720000001 0.591326512153598 0.007106052338210199
47.7447372 0.5913261526208411 0.007106050981966587
47.79473720000001 0.591325798029795 0.00710604964436519
47.8447372 0.5913254483131557 0.007106048325152085
47.8947372 0.5913251034045549 0.00710604702407688
47.94473720000001 0.5913247632385477 0.007106045740892663
47.9947372 0.5913244277505991 0.007106044475355964
48.04473720000001 0.5913240968770721 0.007106043227226694
48.0947372 0.5913237705552148 0.007106041996268107
48.1447372 0.591323448723148 0.007106040782246748
48.19473720000001 0.5913231313198536 0.007106039584932414
48.2447372 0.5913228182851623 0.007106038404098102
48.29473720000001 0.5913225095597423 0.007106037239519974
48.3447372 0.591322205085087 0.0071060360909773
48.3947372 0.5913219048035042 0.007106034958252424
48.44473720000001 0.5913216086581047 0.007106033841130725
48.4947372 0.591321316592791 0.007106032739400563
48.54473720000001 0.5913210285522464 0.007106031652853249
48.5947372 0.5913207444819247 0.007106030581282997
48.6447372 0.5913204643280389 0.007106029524486889
48.69473720000001 0.5913201880375508 0.007106028482264831
48.7447372 0.5913199155581614 0.007106027454419517
48.79473720000001 0.5913196468382999 0.007106026440756392
48.8447372 0.5913193818271136 0.007106025441083607
48.8947372 0.5913191204744589 0.00710602445521199
48.94473720000001 0.5913188627308905 0.007106023482955005
48.9947372 0.5913186085476526 0.007106022524128715
49.04473720000001 0.5913183578766688 0.007106021578551749
49.0947372 0.591318110670533 0.007106020646045262
49.1447372 0.5913178668825003 0.007106019726432907
49.19473720000001 0.591317626466478 0.007106018819540795
49.2447372 0.5913173893770159 0.007106017925197465
49.29473720000001 0.5913171555692983 0.007106017043233845
49.3447372 0.591316924999135 0.007106016173483228
49.3947372 0.5913166976229526 0.007106015315781229
49.44473720000001 0.5913164733977861 0.007106014469965763
49.4947372 0.5913162522812707 0.007106013635877009
49.54473720000001 0.5913160342316333 0.007106012813357375
49.5947372 0.5913158192076845 0.007106012002251473
49.6447372 0.5913156071688108 0.007106011202406091
49.69473720000001 0.5913153980749666 0.007106010413670157
49.7447372 0.5913151918866661 0.007106009635894708
49.79473720000001 0.5913149885649763 0.007106008868932872
49.8447372 0.5913147880715088 0.00710600811263983
49.8947372 0.5913145903684125 0.007106007366872788
49.94473720000001 0.5913143954183667 0.007106006631490957
49.9947372 0.5913142031845734 0.007106005906355514
50.04473720000001 0.5913140136307503 0.00710600519132959
50.0947372 0.5913138267211238 0.007106004486278229
50.1447372 0.5913136424204218 0.007106003791068368
50.19473720000001 0.5913134606938677 0.007106003105568814
50.2447372 0.5913132815071726 0.007106002429650215
50.29473720000001 0.5913131048265291 0.007106001763185037
50.3447372 0.591312930618605 0.007106001106047533
50.3947372 0.5913127588505365 0.007106000458113729
50.44473720000001 0.591312589489922 0.007105999819261393
50.4947372 0.5913124225048159 0.007105999189370011
50.54473720000001 0.591312257863722 0.007105998568320769
50.5947372 0.5913120955355879 0.007105997955996523
50.6447372 0.591311935489799 0.007105997352281784
50.69473720000001 0.5913117776961719 0.007105996757062686
50.7447372 0.5913116221249495 0.007105996170226976
50.79473720000001 0.5913114687467944 0.00710599559166398
50.8447372 0.591311317532784 0.007105995021264594
50.8947372 0.591311168454404 0.007105994458921247
50.94473720000001 0.591311021483544 0.0071059939045279
50.9947372 0.5913108765924909 0.007105993357980006
51.04473720000001 0.5913107337539245 0.007105992819174506
51.0947372 0.5913105929409116 0.007105992288009798
51.1447372 0.5913104541269011 0.007105991764385719
51.19473720000001 0.5913103172857187 0.007105991248203533
51.2447372 0.5913101823915622 0.007105990739365905
51.29473720000001 0.5913100494189958 0.007105990237776879
51.3447372 0.5913099183429461 0.007105989743341876
51.3947372 0.5913097891386965 0.007105989255967651
51.44473720000001 0.5913096617818826 0.007105988775562296
51.4947372 0.5913095362484878 0.007105988302035211
51.54473720000001 0.5913094125148385 0.007105987835297093
51.5947372 0.5913092905575994 0.007105987375259914
51.6447372 0.5913091703537692 0.007105986921836904
51.69473720000001 0.5913090518806757 0.007105986474942537
51.7447372 0.5913089351159723 0.007105986034492515
51.79473720000001 0.5913088200376325 0.007105985600403747
51.8447372 0.591308706623947 0.007105985172594339
51.8947372 0.5913085948535182 0.007105984750983573
51.94473720000001 0.5913084847052569 0.007105984335491895
51.9947372 0.5913083761583782 0.007105983926040896
52.04473720000001 0.591308269192397 0.007105983522553302
52.0947372 0.5913081637871245 0.007105983124952955
52.1447372 0.5913080599226641 0.007105982733164799
52.19473720000001 0.5913079575794076 0.007105982347114865
52.2447372 0.5913078567380312 0.007105981966730261
52.29473720000001 0.5913077573794924 0.00710598159193915
52.3447372 0.5913076594850255 0.007105981222670747
52.3947372 0.5913075630361387 0.007105980858855291
52.44473720000001 0.59130746801461 0.007105980500424047
52.4947372 0.5913073744024838 0.007105980147309282
52.54473720000001 0.5913072821820679 0.007105979799444254
52.5947372 0.5913071913359292 0.007105979456763202
52.6447372 0.5913071018468915 0.007105979119201334
52.69473720000001 0.5913070136980311 0.007105978786694807
52.7447372 0.5913069268726737 0.007105978459180724
52.79473720000001 0.591306841354392 0.007105978136597114
52.8447372 0.5913067571270018 0.00710597781888293
52.8947372 0.5913066741745588 0.007105977505978025
52.94473720000001 0.5913065924813561 0.007105977197823147
52.9947372 0.5913065120319203 0.007105976894359926
53.04473720000001 0.5913064328110096 0.00710597659553087
53.0947372 0.5913063548036099 0.00710597630127934
53.1447372 0.5913062779949327 0.00710597601154955
53.19473720000001 0.5913062023704115 0.007105975726286554
53.2447372 0.5913061279156994 0.007105975445436229
53.29473720000001 0.591306054616666 0.007105975168945274
53.3447372 0.5913059824593953 0.007105974896761194
53.3947372 0.5913059114301823 0.007105974628832291
53.44473720000001 0.591305841515531 0.007105974365107655
53.4947372 0.5913057727021512 0.007105974105537154
53.54473720000001 0.5913057049769562 0.007105973850071418
53.5947372 0.5913056383270602 0.007105973598661844
53.6447372 0.591305572739776 0.00710597335126057
53.69473720000001 0.5913055082026122 0.007105973107820476
53.7447372 0.5913054447032711 0.007105972868295174
53.79473720000001 0.5913053822296461 0.007105972632638994
53.8447372 0.5913053207698196 0.007105972400806981
53.8947372 0.5913052603120603 0.007105972172754883
53.94473720000001 0.5913052008448215 0.007105971948439142
53.9947372 0.591305142356738 0.007105971727816887
54.04473720000001 0.5913050848366248 0.007105971510845925
54.0947372 0.5913050282734744 0.007105971297484736
54.1447372 0.5913049726564548 0.007105971087692457
54.19473720000001 0.5913049179749071 0.007105970881428881
54.2447372 0.5913048642183443 0.00710597067865445
54.29473720000001 0.5913048113764483 0.007105970479330242
54.3447372 0.5913047594390682 0.007105970283417965
54.3947372 0.5913047083962186 0.007105970090879953
54.44473720000001 0.5913046582380773 0.007105969901679155
54.4947372 0.5913046089549836 0.007105969715779129
54.54473720000001 0.5913045605374363 0.007105969533144034
54.5947372 0.5913045129760919 0.007105969353738625
54.6447372 0.5913044662617628 0.007105969177528247
54.69473720000001 0.5913044203854154 0.007105969004478819
54.7447372 0.5913043753381684 0.007105968834556844
54.79473720000001 0.591304331111291 0.007105968667729384
54.8447372 0.5913042876962014 0.007105968503964069
54.8947372 0.5913042450844648 0.007105968343229081
54.94473720000001 0.5913042032677922 0.007105968185493153
54.9947372 0.5913041622380382 0.007105968030725558
55.04473720000001 0.5913041219871997 0.007105967878896109
55.0947372 0.5913040825074145 0.007105967729975147
55.1447372 0.5913040437909594 0.007105967583933536
55.19473720000001 0.5913040058302488 0.007105967440742668
55.2447372 0.5913039686178335 0.00710596730037444
55.29473720000001 0.5913039321463988 0.00710596716280126
55.3447372 0.591303896408763 0.007105967027996036
55.3947372 0.5913038613978768 0.00710596689593218
55.44473720000001 0.5913038271068208 0.007105966766583589
55.4947372 0.5913037935288048 0.00710596663992465
55.54473720000001 0.5913037606571664 0.007105966515930231
55.5947372 0.5913037284853693 0.007105966394575676
55.6447372 0.5913036970070026 0.007105966275836801
55.69473720000001 0.5913036662157789 0.007105966159689893
55.7447372 0.5913036361055336 0.007105966046111693
55.79473720000001 0.5913036066702232 0.007105965935079409
55.8447372 0.5913035779039243 0.007105965826570691
55.8947372 0.5913035498008324 0.007105965720563649
55.94473720000001 0.591303522355261 0.007105965617036831
55.9947372 0.5913034955616396 0.007105965515969224
56.04473720000001 0.5913034694145138 0.007105965417340252
56.0947372 0.5913034439085433 0.007105965321129773
56.1447372 0.591303419038501 0.007105965227318068
56.19473720000001 0.5913033947992723 0.007105965135885845
56.2447372 0.5913033711858533 0.007105965046814227
56.29473720000001 0.5913033481933508 0.007105964960084758
56.3447372 0.5913033258169804 0.007105964875679389
56.3947372 0.591303304052066 0.007105964793580483
56.44473720000001 0.5913032828940387 0.007105964713770804
56.4947372 0.5913032623384359 0.007105964636233518
56.54473720000001 0.5913032423809005 0.00710596456095219
56.5947372 0.5913032230171795 0.007105964487910779
56.6447372 0.5913032042431239 0.007105964417093632
56.69473720000001 0.591303186054687 0.007105964348485485
56.7447372 0.5913031684479242 0.007105964282071459
56.79473720000001 0.5913031514189919 0.007105964217837055
56.8447372 0.5913031349641469 0.007105964155768152
56.8947372 0.591303119079745 0.007105964095851005
56.94473720000001 0.591303103762241 0.007105964038072243
56.9947372 0.5913030890081876 0.007105963982418857
57.04473720000001 0.5913030748142344 0.007105963928878214
57.0947372 0.5913030611771277 0.007105963877438039
57.1447372 0.5913030480937095 0.007105963828086417
57.19473720000001 0.5913030355609167 0.007105963780811797
57.2447372 0.5913030235757808 0.007105963735602979
57.29473720000001 0.5913030121354268 0.007105963692449122
57.3447372 0.591303001237073 0.007105963651339729
57.3947372 0.59130299087803 0.007105963612264658
57.44473720000001 0.5913029810557002 0.007105963575214109
57.4947372 0.5913029717675776 0.007105963540178628
57.54473720000001 0.5913029630112466 0.007105963507149106
57.5947372 0.591302954784382 0.00710596347611677
57.6447372 0.591302947084748 0.007105963447073187
57.69473720000001 0.5913029399101979 0.007105963420010259
57.7447372 0.5913029332586738 0.007105963394920224
57.79473720000001 0.5913029271282055 0.007105963371795651
57.8447372 0.5913029215169108 0.007105963350629437
57.8947372 0.5913029164229943 0.00710596333141481
57.94473720000001 0.5913029118447475 0.007105963314145331
57.9947372 0.5913029077805483 0.007105963298814875
58.04473720000001 0.5913029042288602 0.007105963285417649
58.0947372 0.5913029011882323 0.007105963273948179
58.1447372 0.5913028986572985 0.007105963264401312
58.19473720000001 0.5913028966347775 0.007105963256772216
58.2447372 0.5913028951194726 0.007105963251056375
58.29473720000001 0.5913028941102709 0.007105963247249592
58.3447372 0.591302893606143 0.007105963245347985
58.3947372 0.591302893606143 0.007105963245347985
