9.447368600000001 5.208913938214655 0.5507271368909505
9.497368600000001 5.044957088036464 0.4674508562003996
9.5473686 4.893012257538843 0.4015628774950815
9.597368600000001 4.751482458075094 0.3485747595064721
9.6473686 4.619074996931031 0.3053528182442478
9.697368600000001 4.494728499853371 0.269656479152019
9.747368600000001 4.377560577314863 0.2398500308119695
9.7973686 4.266829504612187 0.2147172097119275
9.847368600000001 4.161905642828362 0.1933387674997441
9.8973686 4.062249773666219 0.1750097282469764
9.947368600000001 3.967396433887285 0.1591822982856339
9.997368600000001 3.876940925987291 0.1454257354881506
10.0473686 3.790529073043714 0.1333976615763704
10.0973686 3.707849050135464 0.1228232390604645
10.1473686 3.62862480680132 0.1134798448250177
10.1973686 3.55261072246443 0.1051856446534046
10.2473686 3.479587227360106 0.09779097538512369
10.2973686 3.409357186828689 0.09117177411283076
10.3473686 3.341742894543513 0.08522451779871314
10.3973686 3.276583555505225 0.07986228975740708
10.4473686 3.213733165985296 0.07501169553503928
10.4973686 3.153058717498171 0.0706104251941042
10.5473686 3.094438667048998 0.06660531194181729
10.5973686 3.037761627569986 0.06295077507832345
10.6473686 2.982925241507049 0.05960756286904226
10.6973686 2.929835207591942 0.05654173121123136
10.7473686 2.878404436405794 0.05372380896907367
10.7973686 2.828552314757538 0.05112811205783577
10.8473686 2.780204062427069 0.04873217679656044
10.8973686 2.733290167655289 0.04651628945339299
10.9473686 2.687745890051465 0.04446309380431935
10.9973686 2.643510821447384 0.04255726229607874
11.0473686 2.600528496746119 0.04078521932583328
11.0973686 2.558746048059464 0.03913490742894518
11.1473686 2.518113896456012 0.03759558895412413
11.1973686 2.478585476493387 0.03615767721601834
11.2473686 2.440116989416807 0.03481259223463823
11.2973686 2.402667181498237 0.03355263706367283
11.3473686 2.366197144487096 0.03237089142521679
11.3973686 2.330670135561733 0.03126111994458137
11.4473686 2.296051414524384 0.03021769274495013
11.4973686 2.262308096282093 0.02923551654033487
11.5473686 2.229409016911165 0.02830997467426312
11.5973686 2.197324611820488 0.02743687480473595
11.6473686 2.166026804715516 0.02661240314413583
11.6973686 2.135488906224856 0.02583308433456448
11.7473686 2.105685521189323 0.02509574618140185
11.7973686 2.076592463732452 0.0243974885861671
11.8473686 2.048186679334628 0.02373565611841175
11.8973686 2.020446173222548 0.0231078137489094
11.9473686 1.993349944463663 0.02251172533566957
11.9973686 1.966877925223288 0.02194533451260471
12.0473686 1.94101092470149 0.02140674767989381
12.0973686 1.915730577319011 0.02089421883674659
12.1473686 1.891019294767243 0.02040613603263272
12.1973686 1.866860221577546 0.01994100924313253
12.2473686 1.843237193900753 0.0194974595022383
12.2973686 1.82013470121907 0.01907420914489188
12.3473686 1.797537850740397 0.01867007303236654
12.3973686 1.775432334249741 0.01828395064927422
12.4473686 1.753804397214288 0.01791481897490687
12.4973686 1.732640809958217 0.01756172604364038
12.5473686 1.711928840740705 0.0172237851195249
12.5973686 1.691656230586126 0.01690016941919429
12.6473686 1.671811169729294 0.01659010732504947
12.6973686 1.652382275551098 0.01629287803747684
12.7473686 1.633358571890985 0.01600780762079483
12.7973686 1.614729469632829 0.01573426540280189
12.8473686 1.596484748469724 0.01547166069233126
12.8973686 1.578614539761377 0.01521943978318894
12.9473686 1.561109310405145 0.01497708321633712
12.9973686 1.543959847648345 0.01474410327525085
13.0473686 1.52715724477553 0.01452004169207434
13.0973686 1.510692887609806 0.01430446754458463
13.1473686 1.494558441772227 0.01409697532607338
13.1973686 1.478745840647786 0.01389718317211809
13.2473686 1.463247274010569 0.01370473122986303
13.2973686 1.448055177264366 0.0135192801568923
13.3473686 1.433162221258411 0.01334050973807743
13.3973686 1.418561302640982 0.0131681176099381
13.4473686 1.404245534716428 0.0130018180830841
13.4973686 1.390208238773765 0.01284134105422617
13.5473686 1.376442935857304 0.01268643100006331
13.5973686 1.362943338951972 0.01253684604608827
13.6473686 1.349703345557938 0.01239235710401006
13.6973686 1.336717030630976 0.01225274707208088
13.7473686 1.323978639866668 0.01211781009314373
13.7973686 1.311482583308078 0.01198735086569176
13.8473686 1.299223429257941 0.01186118400365735
13.8973686 1.287195898477715 0.0117391334410337
13.9473686 1.275394858657032 0.01162103187777832
13.9973686 1.26381531913819 0.01150672026376034
14.0473686 1.252452425881375 0.01139604731779669
14.0973686 1.241301456657192 0.01128886907907695
14.1473686 1.23035781645402 0.01118504848850832
14.1973686 1.219617033088463 0.01108445499772154
14.2473686 1.209074753007942 0.01098696420366835
14.2973686 1.198726737275172 0.0108924575069137
14.3473686 1.188568857724884 0.01080082179188216
14.3973686 1.17859709328378 0.01071194912746088
14.4473686 1.168807526445258 0.0106257364864904
14.4973686 1.159196339890931 0.01054208548279327
14.5473686 1.149759813251493 0.01046090212449751
14.5973686 1.140494319999895 0.01038209658251045
14.6473686 1.131396324470215 0.01030558297308792
14.6973686 1.122462378996027 0.01023127915352584
14.7473686 1.113689121162376 0.010159106530076
14.7973686 1.105073271165876 0.01008898987725653
14.8473686 1.096611629277698 0.01002085716779034
14.8973686 1.088301073404557 0.009954639412462291
14.9473686 1.080138556743061 0.009890270509238784
14.9973686 1.072121105523043 0.009827687101041888
15.0473686 1.064245816835754 0.009766828441614687
15.0973686 1.056509856543 0.00970763626895541
15.1473686 1.048910457263539 0.009650054685835671
15.1973686 1.041444916433236 0.009594030046952765
15.2473686 1.034110594435674 0.009539510852297874
15.2973686 1.026904912800086 0.009486447646351584
15.3473686 1.01982535246364 0.009434792922745133
15.3973686 1.012869452095264 0.009384501034051043
15.4473686 1.006034806478348 0.009335528106389754
15.4973686 0.9993190649497847 0.009287831958560443
15.5473686 0.9927199298929509 0.009241372025423846
15.5973686 0.9862351552823537 0.009196109285283345
15.6473686 0.9798625452777661 0.00915200619102737
15.6973686 0.9735999528657996 0.009109026604812035
15.7473686 0.9674452785469553 0.009067135736077321
15.7973686 0.9613964690662905 0.009026300082703713
15.8473686 0.9554515161859325 0.008986487375128657
15.8973686 0.9496084554977504 0.008947666523253886
15.9473686 0.9438653652745835 0.00890980756598541
15.9973686 0.9382203653584941 0.008872881623258002
16.0473686 0.9326716160845894 0.00883686085040538
16.0973686 0.9272173172390235 0.008801718394745972
16.1473686 0.9218557070498545 0.00876742835426215
16.1973686 0.9165850612094932 0.008733965738258454
16.2473686 0.9114036919275381 0.008701306429891306
16.2973686 0.9063099470128452 0.008669427150469176
16.3473686 0.9013022089837331 0.008638305425428419
16.3973686 0.8963788942052746 0.008607919551895533
16.4473686 0.891538452052669 0.008578248567751997
16.4973686 0.8867793640997385 0.008549272222122819
16.5473686 0.882100143331629 0.008520970947214492
16.5973686 0.8774993333808394 0.00849332583143245
16.6473686 0.8729755077857391 0.008466318593712188
16.6973686 0.8685272692707697 0.008439931559001917
16.7473686 0.8641532490475626 0.008414147634838321
16.7973686 0.8598521061362339 0.00838895028896015
16.8473686 0.8556225267061517 0.008364323527907655
16.8973686 0.8514632234354984 0.008340251876558673
16.9473686 0.8473729348889802 0.008316720358555003
16.9973686 0.84335042491306 0.008293714477575223
17.0473686 0.839394482048119 0.008271220199412552
17.0973686 0.8355039189569734 0.008249223934818617
17.1473686 0.8316775718691964 0.008227712523076098
17.1973686 0.8279143000407193 0.008206673216265269
17.2473686 0.8242129852282034 0.008186093664191282
17.2973686 0.8205725311776981 0.008165961899940857
17.3473686 0.8169918631271161 0.008146266326038661
17.3973686 0.8134699273220769 0.008126995701175282
17.4473686 0.8100056905446869 0.008108139127480121
17.4973686 0.8065981396548407 0.008089686038313965
17.5473686 0.8032462811436446 0.008071626186557265
17.5973686 0.7999491406985761 0.008053949633371435
17.6473686 0.7967057627800125 0.008036646737411588
17.6973686 0.7935152102087697 0.008019708144470278
17.7473686 0.7903765637643112 0.008003124777532816
17.7973686 0.7872889217932948 0.007986887827225736
17.8473686 0.7842513998281408 0.007970988742640866
17.8973686 0.7812631302153148 0.007955419222518384
17.9473686 0.7783232617530291 0.007940171206773029
17.9973686 0.7754309593380807 0.00792523686834842
18.0473686 0.7725854036215476 0.007910608605385186
18.0973686 0.7697857906730831 0.007896279033689285
18.1473686 0.7670313316535494 0.007882240979487559
18.1973686 0.7643212524957473 0.007868487472458238
18.2473686 0.7616547935930014 0.007855011739024571
18.2973686 0.7590312094953735 0.007841807195900509
18.3473686 0.7564497686132832 0.007828867443877709
18.3973686 0.7539097529283195 0.007816186261843749
18.4473686 0.7514104577110401 0.00780375760102188
18.4973686 0.7489511912455555 0.007791575579423081
18.5473686 0.7465312745607088 0.007779634476501648
18.5973686 0.7441500411676616 0.007767928728005905
18.6473686 0.7418068368037087 0.007756452921016041
18.6973686 0.7395010191821458 0.007745201789161453
18.7473686 0.7372319577480223 0.007734170208010276
18.7973686 0.7349990334396169 0.007723353190624169
18.8473686 0.7328016384554787 0.007712745883271695
18.8973686 0.7306391760268796 0.007702343561293929
18.9473686 0.7285110601955335 0.007692141625116279
18.9973686 0.7264167155964372 0.007682135596400643
19.0473686 0.7243555772456959 0.007672321114332453
19.0973686 0.7223270903331992 0.007662693932037213
19.1473686 0.7203307100200187 0.007653249913121539
19.1973686 0.718365901240401 0.007643985028333808
19.2473686 0.7164321385082345 0.0076348953523398
19.2973686 0.7145289057278734 0.00762597706060888
19.3473686 0.7126556960092032 0.007617226426406489
19.3973686 0.710812011486838 0.007608639817888861
19.4473686 0.7089973631433428 0.007600213695296088
19.4973686 0.7072112706363756 0.007591944608239776
19.5473686 0.705453262129649 0.007583829193081768
19.5973686 0.7037228741276149 0.007575864170400451
19.6473686 0.7020196513137746 0.007568046342541416
19.6973686 0.7003431463925252 0.007560372591249303
19.7473686 0.6986929199344506 0.007552839875377821
19.7973686 0.6970685402249729 0.007545445228675052
19.8473686 0.6954695831162773 0.007538185757641277
19.8973686 0.6938956318824316 0.007531058639456641
19.9473686 0.692346277077619 0.007524061119976146
19.9973686 0.6908211163974075 0.007517190511789478
20.0473686 0.6893197545429831 0.007510444192343361
20.0973686 0.6878418030882713 0.007503819602124146
20.1473686 0.6863868803498778 0.007497314242898506
20.1973686 0.684954611259781 0.007490925676010126
20.2473686 0.6835446272407066 0.007484651520730419
20.2973686 0.6821565660841236 0.007478489452661322
20.3473686 0.6807900718307942 0.007472437202188364
20.3973686 0.6794447946538209 0.007466492552982196
20.4473686 0.6781203907441282 0.00746065334054692
20.4973686 0.6768165221983223 0.007454917450813552
20.5473686 0.6755328569088727 0.007449282818777065
20.5973686 0.6742690684565599 0.007443747427175492
20.6473686 0.673024836005138 0.007438309305209637
20.6973686 0.6717998441981581 0.007432966527301991
20.7473686 0.670593783057904 0.007427717211893531
20.7973686 0.6694063478863894 0.007422559520277061
20.8473686 0.6682372391683715 0.007417491655465912
20.8973686 0.6670861624763316 0.007412511861096739
20.9473686 0.665952828377379 0.007407618420365311
20.9973686 0.6648369523420354 0.007402809654994166
21.0473686 0.6637382546548537 0.007398083924231042
21.0973686 0.6626564603268326 0.007393439623877097
21.1473686 0.6615912990095851 0.007388875185343884
21.1973686 0.660542504911221 0.007384389074738151
21.2473686 0.6595098167139054 0.007379979791973551
21.2973686 0.658492977493055 0.007375645869908336
21.3473686 0.6574917346381373 0.007371385873508245
21.3973686 0.6565058397750339 0.007367198399033693
21.4473686 0.6555350486899369 0.007363082073250527
21.4973686 0.6545791212547416 0.007359035552663542
21.5473686 0.6536378213539031 0.007355057522772044
21.5973686 0.6527109168127266 0.00735114669734674
21.6473686 0.6517981793270569 0.007347301817727264
21.6973686 0.6508993843943386 0.007343521652139693
21.7473686 0.6500143112460173 0.007339804995033399
21.7973686 0.6491427427812509 0.007336150666436623
21.8473686 0.6482844655019048 0.007332557511330199
21.8973686 0.6474392694488009 0.007329024399038823
21.9473686 0.6466069481391963 0.007325550222639324
21.9973686 0.6457872985054628 0.007322133898385427
22.0473686 0.6449801208349432 0.00731877436514846
22.0973686 0.6441852187109578 0.00731547058387352
22.1473686 0.6434023989549382 0.007312221537050624
22.1973686 0.6426314715696635 0.007309026228200372
22.2473686 0.6418722496835757 0.007305883681373677
22.2973686 0.6411245494961523 0.007302792940665132
22.3473686 0.6403881902243123 0.00729975306973959
22.3973686 0.6396629940498358 0.007296763151371557
22.4473686 0.6389487860677752 0.007293822286997012
22.4973686 0.638245394235836 0.007290929596277258
22.5473686 0.6375526493247101 0.007288084216674474
22.5973686 0.6368703848693386 0.007285285303038572
22.6473686 0.6361984371210868 0.007282532027205062
22.6973686 0.6355366450008127 0.007279823577603561
22.7473686 0.6348848500528088 0.007277159158876648
22.7973686 0.6342428963996014 0.007274537991508747
22.8473686 0.6336106306975889 0.00727195931146475
22.8973686 0.6329879020935016 0.007269422369838081
22.9473686 0.6323745621816668 0.007266926432507925
22.9973686 0.6317704649620629 0.007264470779805372
23.0473686 0.6311754667991465 0.00726205470618817
23.0973686 0.6305894263814358 0.007259677519923889
23.1473686 0.6300122046818372 0.007257338542781219
23.1973686 0.6294436649186981 0.007255037109729162
23.2473686 0.6288836725175723 0.007252772568643919
23.2973686 0.6283320950736834 0.007250544280023217
23.3473686 0.6277888023150731 0.007248351616707882
23.3973686 0.6272536660664191 0.007246193963610447
23.4473686 0.6267265602135108 0.007244070717450597
23.4973686 0.6262073606683697 0.007241981286497241
23.5473686 0.6256959453349999 0.007239925090317038
23.5973686 0.625192194075759 0.007237901559529205
23.6473686 0.6246959886783351 0.007235910135566386
23.6973686 0.6242072128233187 0.007233950270441474
23.7473686 0.6237257520523579 0.007232021426520159
23.7973686 0.6232514937368857 0.007230123076299092
23.8473686 0.6227843270474072 0.007228254702189465
23.8973686 0.6223241429233369 0.007226415796305896
23.9473686 0.6218708340433756 0.007224605860260444
23.9973686 0.6214242947964149 0.007222824404961622
24.0473686 0.6209844212529603 0.007221070950418282
24.0973686 0.6205511111370631 0.007219345025548216
24.1473686 0.6201242637987502 0.007217646167991358
24.1973686 0.6197037801869431 0.007215973923927469
24.2473686 0.6192895628228563 0.007214327847898163
24.2973686 0.6188815157738662 0.007212707502633169
24.3473686 0.6184795446278413 0.007211112458880726
24.3973686 0.6180835564679248 0.007209542295241968
24.4473686 0.6176934598477611 0.007207996598009226
24.4973686 0.617309164767158 0.007206474961008123
24.5473686 0.6169305826481759 0.007204976985443361
24.5973686 0.6165576263116364 0.007203502279748114
24.6473686 0.6161902099540414 0.007202050459436922
24.6973686 0.6158282491248965 0.007200621146961991
24.7473686 0.61547166070443 0.00719921397157282
24.7973686 0.6151203628816997 0.00719782856917906
24.8473686 0.6147742751330814 0.007196464582216519
24.8973686 0.6144333182011312 0.007195121659516239
24.9473686 0.6140974140738154 0.007193799456176563
24.9973686 0.6137664859640988 0.0071924976334381
25.0473686 0.6134404582898886 0.007191215858561538
25.0973686 0.6131192566543237 0.007189953804708217
25.1473686 0.6128028078264045 0.007188711150823383
25.1973686 0.612491039721958 0.007187487581522079
25.2473686 0.6121838813849289 0.007186282786977583
25.2973686 0.6118812629689945 0.007185096462812332
25.3473686 0.6115831157194944 0.00718392830999129
25.3973686 0.6112893719556703 0.007182778034717664
25.4473686 0.6109999650532109 0.007181645348330935
25.4973686 0.610714829427095 0.007180529967207138
25.5473686 0.6104339005147285 0.007179431612661333
25.5973686 0.6101571147593688 0.007178350010852217
25.6473686 0.6098844095938328 0.007177284892688805
25.6973686 0.6096157234244817 0.007176235993739174
25.7473686 0.6093509956154781 0.007175203054141155
25.7973686 0.6090901664733124 0.00717418581851498
25.8473686 0.6088331772315899 0.007173184035877816
25.8973686 0.6085799700360773 0.007172197459560123
25.9473686 0.6083304879300017 0.007171225847123821
25.9973686 0.6080846748395983 0.007170268960282203
26.0473686 0.6078424755599038 0.007169326564821559
26.0973686 0.6076038357407878 0.007168398430524464
26.1473686 0.6073687018732208 0.007167484331094692
26.1973686 0.6071370212757731 0.007166584044083727
26.2473686 0.6069087420813414 0.007165697350818811
26.2973686 0.6066838132240983 0.007164824036332515
26.3473686 0.6064621844266603 0.007163963889293782
26.3973686 0.6062438061874724 0.007163116701940411
26.4473686 0.6060286297684029 0.007162282270012954
26.4973686 0.6058166071825462 0.007161460392689978
26.5473686 0.6056076911822299 0.007160650872524682
26.5973686 0.6054018352472218 0.007159853515382804
26.6473686 0.6051989935731339 0.007159068130381833
26.6973686 0.6049991210600194 0.007158294529831449
26.7473686 0.6048021733011604 0.007157532529175196
26.7973686 0.6046081065720411 0.007156781946933347
26.8473686 0.6044168778195051 0.007156042604646922
26.8973686 0.6042284446510923 0.007155314326822861
26.9473686 0.6040427653245526 0.007154596940880296
26.9973686 0.603859798737534 0.007153890277097916
27.0473686 0.6036795044174406 0.00715319416856239
27.0973686 0.6035018425114587 0.007152508451117823
27.1473686 0.6033267737767479 0.00715183296331624
27.1973686 0.6031542595707945 0.007151167546369051
27.2473686 0.6029842618419223 0.007150512044099474
27.2973686 0.602816743119962 0.007149866302895926
27.3473686 0.6026516665070724 0.007149230171666326
27.3973686 0.6024889956687139 0.0071486035017933
27.4473686 0.6023286948247695 0.007147986147090283
27.4973686 0.6021707287408116 0.007147377963758476
27.5473686 0.6020150627195128 0.007146778810344644
27.5973686 0.6018616625921964 0.007146188547699754
27.6473686 0.6017104947105263 0.007145607038938413
27.6973686 0.6015615259383316 0.007145034149399097
27.7473686 0.6014147236435663 0.007144469746605151
27.7973686 0.6012700556903993 0.007143913700226561
27.8473686 0.6011274904314337 0.007143365882042435
27.8973686 0.600986996700053 0.007142826165904243
27.9473686 0.6008485438028921 0.007142294427699741
27.9973686 0.6007121015124305 0.007141770545317593
28.0473686 0.6005776400597064 0.007141254398612679
28.0973686 0.6004451301271487 0.007140745869372057
28.1473686 0.600314542841526 0.007140244841281573
28.1973686 0.6001858497670088 0.00713975119989312
28.2473686 0.6000590228983462 0.007139264832592499
28.2973686 0.5999340346541507 0.007138785628567903
28.3473686 0.5998108578702936 0.007138313478778989
28.3973686 0.5996894657934059 0.007137848275926536
28.4473686 0.5995698320744849 0.007137389914422676
28.4973686 0.5994519307626043 0.007136938290361673
28.5473686 0.5993357362987245 0.007136493301491261
28.5973686 0.5992212235096043 0.00713605484718451
28.6473686 0.5991083676018091 0.007135622828412219
28.6973686 0.5989971441558171 0.007135197147715823
28.7473686 0.5988875291202185 0.007134777709180797
28.7973686 0.5987794988060098 0.007134364418410558
28.8473686 0.5986730298809784 0.00713395718250085
28.8973686 0.5985680993641775 0.007133555910014594
28.9473686 0.5984646846204904 0.007133160510957205
28.9973686 0.5983627633552804 0.007132770896752365
29.0473686 0.5982623136091283 0.007132386980218234
29.0973686 0.5981633137526522 0.007132008675544092
29.1473686 0.5980657424814114 0.007131635898267423
29.1973686 0.5979695788108913 0.007131268565251398
29.2473686 0.5978748020715681 0.007130906594662775
29.2973686 0.5977813919040524 0.007130549905950201
29.3473686 0.597689328254311 0.007130198419822901
29.3973686 0.597598591368963 0.00712985205822976
29.4473686 0.5975091617906527 0.007129510744338763
29.4973686 0.5974210203534954 0.007129174402516838
29.5473686 0.5973341481785949 0.00712884295831002
29.5973686 0.597248526669633 0.007128516338424
29.6473686 0.5971641375085294 0.007128194470705016
29.6973686 0.5970809626511691 0.00712787728412107
29.7473686 0.596998984323199 0.007127564708743497
29.7973686 0.59691818501589 0.007127256675728853
29.8473686 0.5968385474820653 0.007126953117301121
29.8973686 0.5967600547320929 0.007126653966734242
29.9473686 0.5966826900299411 0.007126359158334946
29.9973686 0.5966064368892974 0.007126068627425887
30.0473686 0.596531279069747 0.007125782310329078
30.0973686 0.5964572005730137 0.007125500144349615
30.1473686 0.596384185639258 0.007125222067759686
30.1973686 0.5963122187434352 0.007124948019782859
30.2473686 0.5962412845917101 0.007124677940578648
30.2973686 0.5961713681179278 0.007124411771227347
30.3473686 0.596102454480141 0.007124149453715117
30.3973686 0.5960345290571912 0.007123890930919361
30.4473686 0.5959675774453437 0.007123636146594316
30.4973686 0.5959015854549754 0.007123385045356917
30.5473686 0.5958365391073152 0.007123137572672909
30.5973686 0.5957724246312345 0.00712289367484318
30.6473686 0.595709228460089 0.007122653298990343
30.6973686 0.5956469372286093 0.007122416393045549
30.7473686 0.5955855377698402 0.007122182905735521
30.7973686 0.5955250171121288 0.00712195278656981
30.8473686 0.5954653624761579 0.007121725985828272
30.8973686 0.5954065612720278 0.007121502454548766
30.9473686 0.5953486010963827 0.007121282144515042
30.9973686 0.5952914697295811 0.007121065008244857
31.0473686 0.5952351551329125 0.007120850998978283
31.0973686 0.5951796454458552 0.007120640070666208
31.1473686 0.5951249289833788 0.007120432177959046
31.1973686 0.5950709942332867 0.007120227276195625
31.2473686 0.595017829853602 0.007120025321392272
31.2973686 0.5949654246699927 0.007119826270232077
31.3473686 0.5949137676732377 0.007119630080054339
31.3973686 0.5948628480167314 0.007119436708844188
31.4473686 0.5948126550140278 0.00711924611522239
31.4973686 0.5947631781364223 0.007119058258435305
31.5473686 0.5947144070105713 0.007118873098345043
31.5973686 0.5946663314161483 0.007118690595419741
31.6473686 0.5946189412835371 0.007118510710724052
31.6973686 0.5945722266915594 0.007118333405909755
31.7473686 0.5945261778652392 0.007118158643206533
31.7973686 0.5944807851736005 0.007117986385412919
31.8473686 0.5944360391274998 0.007117816595887365
31.8973686 0.5943919303774915 0.007117649238539481
31.9473686 0.5943484497117274 0.007117484277821412
31.9973686 0.594305588053887 0.007117321678719359
32.0473686 0.5942633364611409 0.007117161406745228
32.0973686 0.5942216861221455 0.007117003427928443
32.14736860000001 0.5941806283550686 0.007116847708807866
32.1973686 0.5941401546056443 0.007116694216423867
32.2473686 0.5941002564452601 0.007116542918310522
32.2973686 0.5940609255690713 0.007116393782487931
32.3473686 0.5940221537941458 0.00711624677745467
32.39736860000001 0.5939839330576364 0.007116101872180364
32.4473686 0.593946255414982 0.007115959036098385
32.4973686 0.5939091130381362 0.007115818239098657
32.5473686 0.5938724982138228 0.007115679451520599
32.5973686 0.5938364033418188 0.00711554264414616
32.64736860000001 0.5938008209332625 0.007115407788192986
32.6973686 0.5937657436089889 0.007115274855307685
32.7473686 0.59373116409789 0.00711514381755921
32.7973686 0.5936970752352997 0.00711501464743235
32.8473686 0.5936634699614047 0.007114887317821312
32.89736860000001 0.5936303413196784 0.007114761802023426
32.9473686 0.5935976824553395 0.007114638073732941
32.9973686 0.5935654866138341 0.00711451610703492
33.0473686 0.593533747139341 0.007114395876399246
33.0973686 0.5935024574732995 0.007114277356674697
33.14736860000001 0.59347161115296 0.007114160523083158
33.1973686 0.5934412018099565 0.00711404535121388
33.2473686 0.5934112231689014 0.00711393181701787
33.2973686 0.593381669046001 0.007113819896802345
33.3473686 0.5933525333476924 0.007113709567225286
33.39736860000001 0.5933238100693016 0.007113600805290083
33.4473686 0.593295493293721 0.007113493588340253
33.4973686 0.5932675771901085 0.007113387894054252
33.5473686 0.5932400560126049 0.00711328370044037
33.5973686 0.5932129240990716 0.007113180985831698
33.64736860000001 0.5931861758698473 0.007113079728881183
33.6973686 0.5931598058265243 0.007112979908556771
33.7473686 0.5931338085507416 0.007112881504136597
33.7973686 0.5931081787029984 0.007112784495204289
33.8473686 0.5930829110214839 0.007112688861644316
33.89736860000001 0.5930580003209266 0.007112594583637425
33.9473686 0.5930334414914589 0.00711250164165615
33.9973686 0.5930092294975009 0.007112410016460386
34.0473686 0.5929853593766597 0.007112319689093035
34.0973686 0.5929618262386465 0.007112230640875723
34.14736860000001 0.5929386252642088 0.007112142853404584
34.1973686 0.5929157517040803 0.007112056308546104
34.2473686 0.5928932008779451 0.007111970988433047
34.2973686 0.5928709681734186 0.007111886875460417
34.3473686 0.5928490490450439 0.007111803952281518
34.39736860000001 0.5928274390133021 0.007111722201804043
34.4473686 0.5928061336636395 0.007111641607186252
34.4973686 0.5927851286455074 0.007111562151833185
34.5473686 0.5927644196714178 0.007111483819392958
34.5973686 0.5927440025160131 0.007111406593753094
34.64736860000001 0.5927238730151492 0.007111330459036933
34.6973686 0.5927040270649933 0.00711125539960008
34.7473686 0.5926844606211344 0.007111181400026921
34.7973686 0.5926651696977083 0.007111108445127188
34.8473686 0.5926461503665341 0.007111036519932571
34.89736860000001 0.5926273987562658 0.007110965609693399
34.9473686 0.5926089110515546 0.007110895699875357
34.9973686 0.5925906834922253 0.007110826776156264
35.0473686 0.5925727123724644 0.007110758824422892
35.0973686 0.5925549940400208 0.007110691830767846
35.14736860000001 0.5925375248954173 0.007110625781486479
35.1973686 0.5925203013911758 0.007110560663073868
35.2473686 0.592503320031053 0.007110496462221822
35.2973686 0.592486577369287 0.007110433165815956
35.3473686 0.5924700700098571 0.007110370760932788
35.39736860000001 0.5924537946057525 0.007110309234836897
35.4473686 0.5924377478582539 0.007110248574978119
35.4973686 0.5924219265162238 0.007110188768988784
35.5473686 0.5924063273754097 0.007110129804681001
35.5973686 0.5923909472777558 0.007110071670043982
35.64736860000001 0.592375783110726 0.007110014353241404
35.6973686 0.5923608318066373 0.007109957842608819
35.7473686 0.592346090342002 0.007109902126651093
35.7973686 0.5923315557368805 0.007109847194039898
35.8473686 0.5923172250542439 0.007109793033611228
35.89736860000001 0.5923030953993459 0.007109739634362971
35.9473686 0.5922891639191039 0.007109686985452491
35.9973686 0.5922754278014896 0.00710963507619428
36.0473686 0.5922618842749283 0.007109583896057614
36.0973686 0.592248530607708 0.007109533434664278
36.14736860000001 0.5922353641073962 0.00710948368178629
36.1973686 0.5922223821202661 0.007109434627343685
36.2473686 0.5922095820307315 0.007109386261402329
36.2973686 0.5921969612607891 0.007109338574171759
36.3473686 0.5921845172694707 0.007109291556003056
36.39736860000001 0.5921722475523019 0.007109245197386762
36.4473686 0.5921601496407698 0.007109199488950813
36.4973686 0.5921482211017985 0.007109154421458518
36.5473686 0.5921364595372325 0.007109109985806551
36.5973686 0.5921248625833271 0.007109066173022998
36.64736860000001 0.5921134279102473 0.007109022974265409
36.6973686 0.5921021532215736 0.007108980380818898
36.7473686 0.5920910362538147 0.007108938384094258
36.7973686 0.5920800747759287 0.00710889697562611
36.8473686 0.5920692665888505 0.007108856147071091
36.89736860000001 0.592058609525026 0.007108815890206046
36.9473686 0.5920481014479538 0.007108776196926272
36.9973686 0.5920377402517337 0.007108737059243765
37.0473686 0.5920275238606212 0.007108698469285517
37.0973686 0.5920174502285892 0.007108660419291823
37.14736860000001 0.5920075173388963 0.00710862290161461
37.1973686 0.5919977232036611 0.007108585908715813
37.2473686 0.5919880658634425 0.007108549433165755
37.2973686 0.5919785433868274 0.007108513467641547
37.3473686 0.5919691538700234 0.007108478004925546
37.39736860000001 0.5919598954364571 0.007108443037903788
37.4473686 0.5919507662363805 0.007108408559564489
37.4973686 0.5919417644464808 0.007108374562996539
37.5473686 0.5919328882694973 0.007108341041388031
37.5973686 0.5919241359338432 0.007108307988024811
37.64736860000001 0.5919155056932341 0.007108275396289045
37.6973686 0.5919069958263209 0.007108243259657817
37.7473686 0.5918986046363283 0.007108211571701736
37.7973686 0.5918903304506991 0.007108180326083575
37.8473686 0.5918821716207435 0.007108149516556922
37.89736860000001 0.5918741265212933 0.00710811913696485
37.9473686 0.5918661935503616 0.007108089181238625
37.9973686 0.5918583711288073 0.007108059643396408
38.0473686 0.5918506577000044 0.007108030517541988
38.0973686 0.5918430517295167 0.007108001797863542
38.14736860000001 0.5918355517047764 0.007107973478632396
38.1973686 0.5918281561347686 0.007107945554201824
38.2473686 0.5918208635497193 0.007107918019005846
38.2973686 0.5918136725007886 0.007107890867558057
38.3473686 0.5918065815597685 0.007107864094450468
38.39736860000001 0.5917995893187844 0.007107837694352365
38.4473686 0.5917926943900023 0.007107811662009191
38.4973686 0.5917858954053385 0.00710778599224143
38.5473686 0.5917791910161758 0.007107760679943521
38.5973686 0.5917725798930814 0.007107735720082787
38.64736860000001 0.591766060725531 0.007107711107698373
38.6973686 0.5917596322216355 0.007107686837900199
38.7473686 0.5917532931078733 0.007107662905867946
38.7973686 0.5917470421288242 0.007107639306850031
38.8473686 0.5917408780469097 0.007107616036162616
38.89736860000001 0.5917347996421353 0.007107593089188628
38.9473686 0.5917288057118373 0.007107570461376785
38.9973686 0.5917228950704335 0.007107548148240648
39.0473686 0.5917170665491772 0.007107526145357682
39.0973686 0.5917113189959147 0.007107504448368329
39.14736860000001 0.5917056512748463 0.007107483052975098
39.1973686 0.5917000622662918 0.007107461954941659
39.2473686 0.5916945508664579 0.007107441150091974
39.2973686 0.5916891159872101 0.007107420634309412
39.3473686 0.5916837565558473 0.007107400403535896
39.39736860000001 0.5916784715148804 0.007107380453771053
39.4473686 0.5916732598218132 0.007107360781071385
39.4973686 0.5916681204489274 0.007107341381549446
39.5473686 0.5916630523830702 0.00710732225137303
39.5973686 0.5916580546254447 0.007107303386764375
39.64736860000001 0.591653126191405 0.007107284783999385
39.6973686 0.5916482661102515 0.007107266439406837
39.7473686 0.5916434734250319 0.007107248349367642
39.7973686 0.5916387471923437 0.007107230510314077
39.8473686 0.5916340864821394 0.007107212918729048
39.89736860000001 0.5916294903775358 0.007107195571145367
39.9473686 0.5916249579746242 0.007107178464145022
39.9973686 0.5916204883822855 0.007107161594358482
40.0473686 0.5916160807220063 0.007107144958463985
40.0973686 0.5916117341276984 0.007107128553186866
40.14736860000001 0.5916074477455205 0.007107112375298864
40.1973686 0.5916032207337036 0.007107096421617465
40.2473686 0.5915990522623774 0.007107080689005241
40.2973686 0.5915949415134001 0.0071070651743692
40.3473686 0.5915908876801909 0.00710704987466015
40.39736860000001 0.5915868899675641 0.007107034786872069
40.4473686 0.5915829475915666 0.007107019908041483
40.4973686 0.5915790597793168 0.007107005235246861
40.5473686 0.5915752257688465 0.007106990765608005
40.5973686 0.5915714448089447 0.007106976496285458
40.64736860000001 0.5915677161590043 0.007106962424479927
40.6973686 0.5915640390888697 0.007106948547431699
40.7473686 0.5915604128786883 0.007106934862420074
40.7973686 0.5915568368187631 0.007106921366762813
40.8473686 0.5915533102094076 0.007106908057815578
40.89736860000001 0.5915498323608026 0.00710689493297139
40.9473686 0.5915464025928558 0.007106881989660099
40.9973686 0.5915430202350629 0.007106869225347856
41.0473686 0.5915396846263704 0.007106856637536587
41.0973686 0.5915363951150413 0.007106844223763484
41.14736860000001 0.5915331510585219 0.007106831981600505
41.1973686 0.5915299518233107 0.00710681990865387
41.2473686 0.5915267967848298 0.007106808002563574
41.2973686 0.5915236853272973 0.007106796261002903
41.3473686 0.5915206168436021 0.007106784681677961
41.39736860000001 0.5915175907351807 0.007106773262327197
41.4473686 0.5915146064118946 0.007106762000720943
41.4973686 0.5915116632919111 0.007106750894660964
41.5473686 0.5915087608015845 0.00710673994198
41.5973686 0.5915058983753402 0.007106729140541333
41.64736860000001 0.5915030754555588 0.007106718488238344
41.6973686 0.591500291492464 0.007106707982994087
41.7473686 0.5914975459440102 0.007106697622760863
41.7973686 0.591494838275773 0.007106687405519811
41.8473686 0.5914921679608405 0.00710667732928048
41.89736860000001 0.5914895344797068 0.007106667392080443
41.9473686 0.5914869373201662 0.007106657591984886
41.9973686 0.5914843759772103 0.007106647927086217
42.0473686 0.5914818499529247 0.007106638395503676
42.0973686 0.5914793587563892 0.00710662899538296
42.14736860000001 0.5914769019035774 0.007106619724895838
42.1973686 0.5914744789172597 0.007106610582239783
42.2473686 0.5914720893269063 0.007106601565637609
42.2973686 0.5914697326685925 0.007106592673337107
42.3473686 0.5914674084849043 0.007106583903610685
42.39736860000001 0.5914651163248467 0.007106575254755031
42.4473686 0.591462855743752 0.007106566725090756
42.4973686 0.5914606263031906 0.007106558312962056
42.5473686 0.5914584275708825 0.007106550016736383
42.5973686 0.5914562591206094 0.007106541834804106
42.64736860000001 0.5914541205321295 0.007106533765578191
42.6973686 0.5914520113910927 0.007106525807493878
42.7473686 0.5914499312889567 0.007106517959008365
42.7973686 0.5914478798229051 0.007106510218600497
42.8473686 0.5914458565957663 0.007106502584770458
42.89736860000001 0.5914438612159332 0.007106495056039466
42.9473686 0.5914418932972846 0.007106487630949478
42.9973686 0.5914399524591076 0.007106480308062895
43.0473686 0.591438038326021 0.007106473085962269
43.0973686 0.5914361505279001 0.007106465963250024
43.14736860000001 0.5914342886998016 0.007106458938548166
43.1973686 0.5914324524818911 0.007106452010498012
43.2473686 0.5914306415193705 0.007106445177759912
43.2973686 0.5914288554624065 0.007106438439012983
43.3473686 0.5914270939660611 0.007106431792954837
43.39736860000001 0.5914253566902217 0.00710642523830133
43.4473686 0.5914236432995332 0.007106418773786293
43.4973686 0.591421953463331 0.007106412398161281
43.5473686 0.5914202868555744 0.007106406110195323
43.5973686 0.5914186431547812 0.007106399908674681
43.64736860000001 0.5914170220439638 0.007106393792402588
43.6973686 0.5914154232105655 0.007106387760199031
43.7473686 0.5914138463463975 0.007106381810900494
43.7973686 0.5914122911475779 0.00710637594335974
43.8473686 0.5914107573144708 0.007106370156445573
43.89736860000001 0.5914092445516261 0.007106364449042608
43.9473686 0.5914077525677207 0.007106358820051061
43.9973686 0.5914062810755002 0.007106353268386512
44.0473686 0.5914048297917214 0.007106347792979701
44.0973686 0.5914033984370961 0.007106342392776308
44.14736860000001 0.591401986736235 0.007106337066736739
44.1973686 0.591400594417593 0.007106331813835931
44.2473686 0.5913992212134146 0.00710632663306313
44.2973686 0.5913978668596814 0.007106321523421702
44.3473686 0.5913965310960585 0.007106316483928925
44.39736860000001 0.5913952136658431 0.007106311513615803
44.4473686 0.5913939143159135 0.007106306611526863
44.4973686 0.591392632796678 0.007106301776719964
44.5473686 0.591391368862026 0.007106297008266121
44.5973686 0.5913901222692789 0.007106292305249305
44.64736860000001 0.5913888927791411 0.007106287666766271
44.6973686 0.5913876801556532 0.007106283091926372
44.7473686 0.5913864841661449 0.007106278579851382
44.7973686 0.5913853045811885 0.007106274129675329
44.8473686 0.5913841411745535 0.007106269740544308
44.89736860000001 0.5913829937231616 0.007106265411616325
44.9473686 0.5913818620070423 0.007106261142061122
44.9973686 0.5913807458092898 0.007106256931060013
45.0473686 0.5913796449160189 0.007106252777805722
45.0973686 0.5913785591163235 0.007106248681502225
45.14736860000001 0.5913774882022343 0.007106244641364586
45.1973686 0.591376431968678 0.007106240656618805
45.2473686 0.5913753902134357 0.007106236726501665
45.2973686 0.591374362737104 0.007106232850260579
45.3473686 0.5913733493430549 0.00710622902715344
45.39736860000001 0.5913723498373967 0.007106225256448473
45.4473686 0.5913713640289361 0.007106221537424097
45.4973686 0.5913703917291399 0.00710621786936877
45.5473686 0.5913694327520979 0.007106214251580859
45.5973686 0.591368486914486 0.007106210683368494
45.64736860000001 0.5913675540355303 0.007106207164049434
45.6973686 0.5913666339369711 0.007106203692950932
45.7473686 0.5913657264430274 0.007106200269409601
45.7973686 0.5913648313803629 0.007106196892771283
45.8473686 0.5913639485780509 0.007106193562390919
45.89736860000001 0.5913630778675412 0.007106190277632421
45.9473686 0.5913622190826264 0.007106187037868551
45.9973686 0.5913613720594096 0.007106183842480791
46.0473686 0.5913605366362716 0.007106180690859221
46.0973686 0.5913597126538391 0.007106177582402403
46.14736860000001 0.5913588999549534 0.007106174516517259
46.1973686 0.5913580983846395 0.007106171492618957
46.2473686 0.5913573077900754 0.007106168510130794
46.2973686 0.591356528020562 0.007106165568484075
46.3473686 0.5913557589274935 0.007106162667118015
46.39736860000001 0.5913550003643279 0.007106159805479616
46.4473686 0.5913542521865585 0.007106156983023568
46.4973686 0.5913535142516854 0.007106154199212131
46.5473686 0.5913527864191871 0.00710615145351504
46.5973686 0.5913520685504936 0.00710614874540939
46.64736860000001 0.5913513605089583 0.007106146074379542
46.6973686 0.5913506621598317 0.007106143439917019
46.7473686 0.5913499733702345 0.007106140841520399
46.7973686 0.5913492940091324 0.00710613827869523
46.8473686 0.5913486239473089 0.007106135750953917
46.89736860000001 0.5913479630573414 0.007106133257815639
46.9473686 0.5913473112135752 0.007106130798806252
46.9973686 0.5913466682920993 0.007106128373458187
47.0473686 0.5913460341707217 0.007106125981310368
47.0973686 0.5913454087289461 0.007106123621908119
47.14736860000001 0.5913447918479477 0.007106121294803073
47.1973686 0.5913441834105501 0.007106118999553084
47.2473686 0.5913435833012022 0.007106116735722145
47.2973686 0.5913429914059557 0.007106114502880292
47.3473686 0.5913424076124429 0.007106112300603535
47.39736860000001 0.5913418318098546 0.007106110128473757
47.4473686 0.5913412638889179 0.00710610798607865
47.4973686 0.591340703741876 0.007106105873011618
47.5473686 0.5913401512624658 0.007106103788871711
47.5973686 0.5913396063458978 0.007106101733263538
47.64736860000001 0.5913390688888358 0.007106099705797191
47.6973686 0.5913385387893761 0.007106097706088172
47.7473686 0.5913380159470281 0.007106095733757315
47.7973686 0.5913375002626942 0.00710609378843071
47.84736860000001 0.5913369916386508 0.007106091869739635
47.89736860000001 0.5913364899785294 0.007106089977320483
47.9473686 0.5913359951872971 0.007106088110814682
47.9973686 0.5913355071712385 0.007106086269868641
48.0473686 0.5913350258379375 0.007106084454133666
48.09736860000001 0.591334551096259 0.007106082663265898
48.14736860000001 0.5913340828563312 0.007106080896926252
48.1973686 0.5913336210295281 0.007106079154780337
48.2473686 0.5913331655284525 0.0071060774364984
48.2973686 0.5913327162669183 0.007106075741755267
48.34736860000001 0.5913322731599343 0.007106074070230264
48.39736860000001 0.5913318361236874 0.007106072421607165
48.4473686 0.5913314050755264 0.007106070795574133
48.4973686 0.5913309799339457 0.007106069191823652
48.5473686 0.5913305606185696 0.007106067610052468
48.59736860000001 0.5913301470501365 0.007106066049961533
48.64736860000001 0.5913297391504838 0.007106064511255947
48.6973686 0.5913293368425322 0.007106062993644898
48.7473686 0.5913289400502713 0.007106061496841606
48.7973686 0.5913285486987442 0.007106060020563271
48.84736860000001 0.5913281627140333 0.007106058564531006
48.89736860000001 0.5913277820232461 0.007106057128469804
48.9473686 0.5913274065545003 0.00710605571210846
48.9973686 0.591327036236911 0.007106054315179538
49.0473686 0.5913266710005756 0.007106052937419311
49.09736860000001 0.5913263107765612 0.007106051578567704
49.14736860000001 0.5913259554968909 0.007106050238368255
49.1973686 0.5913256050945308 0.00710604891656806
49.2473686 0.5913252595033764 0.007106047612917719
49.2973686 0.5913249186582406 0.007106046327171298
49.34736860000001 0.59132458249484 0.00710604505908627
49.39736860000001 0.5913242509497838 0.007106043808423477
49.4473686 0.5913239239605602 0.007106042574947078
49.4973686 0.5913236014655253 0.007106041358424507
49.5473686 0.5913232834038903 0.007106040158626424
49.59736860000001 0.5913229697157104 0.007106038975326675
49.64736860000001 0.591322660341873 0.007106037808302245
49.6973686 0.5913223552240858 0.007106036657333215
49.7473686 0.5913220543048662 0.00710603552220272
49.7973686 0.5913217575275298 0.007106034402696909
49.84736860000001 0.5913214648361793 0.007106033298604901
49.89736860000001 0.591321176175694 0.007106032209718741
49.9473686 0.591320891491719 0.007106031135833368
49.9973686 0.5913206107306546 0.007106030076746568
50.0473686 0.5913203338396461 0.007106029032258941
50.09736860000001 0.5913200607665736 0.007106028002173857
50.14736860000001 0.5913197914600417 0.00710602698629742
50.1973686 0.5913195258693694 0.007106025984438432
50.2473686 0.5913192639445811 0.007106024996408352
50.2973686 0.5913190056363962 0.007106024022021264
50.34736860000001 0.5913187508962197 0.00710602306109384
50.39736860000001 0.591318499676133 0.007106022113445304
50.4473686 0.5913182519288849 0.007106021178897393
50.4973686 0.5913180076078816 0.007106020257274332
50.5473686 0.5913177666671785 0.007106019348402791
50.59736860000001 0.5913175290614712 0.007106018452111855
50.64736860000001 0.5913172947460865 0.007106017568232995
50.6973686 0.5913170636769741 0.007106016696600027
50.7473686 0.5913168358106977 0.007106015837049085
50.7973686 0.591316611104427 0.007106014989418593
50.84736860000001 0.5913163895159294 0.007106014153549224
50.89736860000001 0.5913161710035613 0.00710601332928388
50.9473686 0.591315955526261 0.007106012516467654
50.9973686 0.5913157430435402 0.007106011714947802
51.0473686 0.5913155335154762 0.007106010924573717
51.09736860000001 0.5913153269027042 0.007106010145196896
51.14736860000001 0.5913151231664101 0.007106009376670911
51.1973686 0.5913149222683228 0.007106008618851386
51.2473686 0.5913147241707065 0.007106007871595966
51.2973686 0.5913145288363537 0.007106007134764282
51.34736860000001 0.5913143362285784 0.007106006408217941
51.39736860000001 0.5913141463112084 0.007106005691820483
51.4473686 0.5913139590485788 0.007106004985437364
51.4973686 0.5913137744055247 0.007106004288935925
51.5473686 0.5913135923473751 0.007106003602185374
51.59736860000001 0.5913134128399455 0.00710600292505675
51.64736860000001 0.5913132358495318 0.007106002257422908
51.6973686 0.5913130613429035 0.007106001599158487
51.7473686 0.5913128892872977 0.007106000950139892
51.7973686 0.5913127196504125 0.007106000310245266
51.84736860000001 0.5913125524004009 0.007105999679354469
51.89736860000001 0.5913123875058645 0.007105999057349054
51.9473686 0.5913122249358477 0.007105998444112244
51.9973686 0.5913120646598315 0.007105997839528907
52.0473686 0.5913119066477283 0.007105997243485544
52.09736860000001 0.5913117508698751 0.00710599665587025
52.14736860000001 0.5913115972970284 0.007105996076572712
52.1973686 0.5913114459003587 0.007105995505484171
52.2473686 0.5913112966514443 0.007105994942497412
52.2973686 0.5913111495222669 0.007105994387506736
52.34736860000001 0.5913110044852053 0.007105993840407949
52.39736860000001 0.5913108615130304 0.007105993301098329
52.4473686 0.5913107205788998 0.007105992769476622
52.4973686 0.5913105816563532 0.007105992245443005
52.5473686 0.5913104447193068 0.007105991728899084
52.59736860000001 0.5913103097420483 0.007105991219747861
52.64736860000001 0.5913101766992322 0.007105990717893726
52.6973686 0.5913100455658749 0.007105990223242431
52.7473686 0.5913099163173495 0.007105989735701077
52.7973686 0.5913097889293819 0.007105989255178091
52.84736860000001 0.5913096633780454 0.007105988781583214
52.89736860000001 0.5913095396397561 0.007105988314827482
52.9473686 0.5913094176912691 0.007105987854823206
52.9973686 0.5913092975096732 0.007105987401483958
53.0473686 0.5913091790723871 0.007105986954724555
53.09736860000001 0.5913090623571546 0.007105986514461037
53.14736860000001 0.5913089473420408 0.00710598608061066
53.1973686 0.5913088340054274 0.007105985653091875
53.2473686 0.5913087223260092 0.00710598523182431
53.2973686 0.5913086122827891 0.007105984816728758
53.34736860000001 0.5913085038550748 0.007105984407727164
53.39736860000001 0.5913083970224748 0.007105984004742601
53.4473686 0.5913082917648941 0.007105983607699268
53.4973686 0.5913081880625304 0.007105983216522464
53.5473686 0.5913080858958707 0.00710598283113858
53.59736860000001 0.5913079852456872 0.007105982451475083
53.64736860000001 0.5913078860930335 0.007105982077460504
53.6973686 0.5913077884192417 0.007105981709024421
53.7473686 0.5913076922059176 0.007105981346097446
53.7973686 0.5913075974349383 0.007105980988611212
53.84736860000001 0.5913075040884481 0.007105980636498367
53.89736860000001 0.5913074121488553 0.007105980289692549
53.9473686 0.5913073215988286 0.007105979948128379
53.9973686 0.591307232421294 0.007105979611741449
54.0473686 0.5913071445994316 0.007105979280468312
54.09736860000001 0.5913070581166719 0.007105978954246461
54.14736860000001 0.5913069729566932 0.007105978633014328
54.1973686 0.5913068891034181 0.007105978316711265
54.2473686 0.5913068065410105 0.007105978005277534
54.2973686 0.5913067252538726 0.007105977698654295
54.34736860000001 0.5913066452266419 0.0071059773967836
54.39736860000001 0.591306566444188 0.00710597709960837
54.4473686 0.59130648889161 0.007105976807072398
54.4973686 0.5913064125542334 0.007105976519120328
54.5473686 0.5913063374176077 0.007105976235697648
54.59736860000001 0.5913062634675031 0.00710597595675068
54.64736860000001 0.5913061906899081 0.00710597568222657
54.6973686 0.5913061190710265 0.007105975412073275
54.7473686 0.591306048597275 0.007105975146239557
54.7973686 0.5913059792552805 0.00710597488467497
54.84736860000001 0.5913059110318776 0.007105974627329849
54.89736860000001 0.5913058439141059 0.007105974374155304
54.9473686 0.5913057778892077 0.007105974125103214
54.9973686 0.5913057129446252 0.007105973880126205
55.0473686 0.5913056490679984 0.007105973639177654
55.09736860000001 0.5913055862471629 0.007105973402211674
55.14736860000001 0.5913055244701469 0.007105973169183105
55.1973686 0.5913054637251693 0.007105972940047505
55.2473686 0.5913054040006376 0.007105972714761146
55.2973686 0.591305345285145 0.007105972493280998
55.34736860000001 0.591305287567469 0.007105972275564729
55.39736860000001 0.5913052308365689 0.007105972061570691
55.4473686 0.5913051750815834 0.007105971851257912
55.4973686 0.5913051202918287 0.007105971644586092
55.5473686 0.5913050664567965 0.00710597144151559
55.59736860000001 0.5913050135661518 0.007105971242007422
55.64736860000001 0.5913049616097313 0.007105971046023249
55.6973686 0.5913049105775408 0.00710597085352537
55.7473686 0.5913048604597535 0.007105970664476719
55.7973686 0.5913048112467084 0.007105970478840851
55.84736860000001 0.5913047629289082 0.007105970296581942
55.89736860000001 0.5913047154970172 0.007105970117664775
55.9473686 0.5913046689418601 0.007105969942054738
55.9973686 0.5913046232544192 0.007105969769717817
56.0473686 0.5913045784258338 0.007105969600620586
56.09736860000001 0.5913045344473977 0.007105969434730203
56.14736860000001 0.5913044913105578 0.007105969272014407
56.1973686 0.5913044490069123 0.007105969112441503
56.2473686 0.591304407528209 0.007105968955980362
56.2973686 0.5913043668663441 0.007105968802600417
56.34736860000001 0.59130432701336 0.007105968652271648
56.39736860000001 0.5913042879614441 0.007105968504964586
56.4473686 0.5913042497029272 0.007105968360650302
56.4973686 0.591304212230282 0.0071059682193004
56.5473686 0.5913041755361215 0.007105968080887017
56.59736860000001 0.5913041396131977 0.007105967945382811
56.64736860000001 0.5913041044544004 0.007105967812760962
56.6973686 0.591304070052755 0.007105967682995159
56.7473686 0.5913040364014218 0.007105967556059603
56.7973686 0.5913040034936946 0.007105967431928997
56.84736860000001 0.5913039713229989 0.007105967310578542
56.89736860000001 0.5913039398828913 0.00710596719198393
56.9473686 0.5913039091670574 0.007105967076121344
56.9973686 0.5913038791693115 0.007105966962967449
57.0473686 0.5913038498835943 0.00710596685249939
57.09736860000001 0.5913038213039724 0.007105966744694785
57.14736860000001 0.591303793424637 0.007105966639531721
57.1973686 0.5913037662399026 0.007105966536988753
57.2473686 0.5913037397442057 0.007105966437044893
57.2973686 0.5913037139321041 0.007105966339679615
57.34736860000001 0.5913036887982757 0.00710596624487284
57.39736860000001 0.5913036643375168 0.007105966152604941
57.4473686 0.591303640544742 0.007105966062856735
57.4973686 0.5913036174149825 0.007105965975609477
57.5473686 0.5913035949433852 0.007105965890844862
57.59736860000001 0.591303573125212 0.007105965808545018
57.64736860000001 0.5913035519558382 0.007105965728692498
57.6973686 0.5913035314307522 0.007105965651270285
57.7473686 0.5913035115455545 0.007105965576261784
57.7973686 0.5913034922959562 0.007105965503650814
57.84736860000001 0.5913034736777788 0.007105965433421615
57.89736860000001 0.5913034556869528 0.007105965365558837
57.9473686 0.5913034383195171 0.007105965300047538
57.9973686 0.5913034215716184 0.007105965236873181
58.0473686 0.5913034054395097 0.007105965176021633
58.09736860000001 0.5913033899195501 0.007105965117479161
58.14736860000001 0.5913033750082038 0.007105965061232424
58.1973686 0.5913033607020396 0.007105965007268483
58.2473686 0.5913033469977295 0.007105964955574784
58.2973686 0.5913033338920486 0.00710596490613916
58.34736860000001 0.5913033213818744 0.007105964858949832
58.39736860000001 0.5913033094641856 0.007105964813995409
58.4473686 0.591303298136062 0.007105964771264868
58.4973686 0.5913032873946833 0.007105964730747576
58.5473686 0.5913032772373289 0.007105964692433267
58.59736860000001 0.5913032676613772 0.007105964656312054
58.64736860000001 0.5913032586643048 0.007105964622374419
58.6973686 0.5913032502436861 0.00710596459061121
58.7473686 0.5913032423971929 0.007105964561013646
58.7973686 0.5913032351225932 0.00710596453357331
58.84736860000001 0.5913032284177514 0.007105964508282142
58.89736860000001 0.5913032222806274 0.00710596448513245
58.9473686 0.5913032167092763 0.007105964464116895
58.9973686 0.5913032117018477 0.007105964445228498
59.0473686 0.5913032072565855 0.007105964428460636
59.09736860000001 0.591303203371827 0.007105964413807035
59.14736860000001 0.5913032000460029 0.007105964401261777
59.1973686 0.5913031972776368 0.007105964390819293
59.2473686 0.5913031950653449 0.007105964382474361
59.2973686 0.5913031934078351 0.007105964376222111
59.34736860000001 0.591303192303907 0.00710596437205801
59.39736860000001 0.5913031917524521 0.007105964369977882
59.4473686 0.5913031917524521 0.007105964369977882
