8.921052899999999 5.202761231548809 0.547349279716405
8.9710529 5.038261702284851 0.4643318062780297
9.021052899999999 4.885808006062333 0.398680638706173
9.0710529 4.743800150186904 0.3459075603318846
9.121052899999999 4.61094302267668 0.3028802489766221
9.171052899999999 4.486173247183225 0.2673599155300925
9.2210529 4.368606737610498 0.2377127150313018
9.271052899999999 4.257500301940823 0.2127241722347093
9.3210529 4.152223009902494 0.1914766814454436
9.371052899999999 4.052234489795926 0.1732667421919123
9.421052899999999 3.957068235316481 0.1575478698365998
9.4710529 3.866318595814204 0.1438904759015275
9.521052899999999 3.77963051580238 0.1319531954676827
9.5710529 3.69669135467507 0.1214620800953925
9.621052899999999 3.617224300107056 0.1121952867507981
9.671052899999999 3.540983016367717 0.1039716663533534
9.7210529 3.467747259591667 0.09664215840921503
9.771052899999999 3.397319257511999 0.09008323113342902
9.8210529 3.329520698966764 0.08419183054397845
9.871052899999999 3.264190213818789 0.07888145512217933
9.921052899999999 3.201181250329254 0.0740790787270364
9.9710529 3.14036027695738 0.06972271892551285
10.0210529 3.081605250751795 0.06575950081529647
10.0710529 3.024804306184301 0.06214410443941927
10.1210529 2.9698546273395 0.05883751150385703
10.1710529 2.916661473457954 0.05580598735995895
10.2210529 2.865137333409249 0.05302024920426906
10.2710529 2.81520118909514 0.05045478264273532
10.3210529 2.76677787131395 0.04808727719505475
10.3710529 2.719797494453407 0.04589815771088242
10.4210529 2.674194958670244 0.04387019355897982
10.4710529 2.629909510076145 0.04198817121417878
10.5210529 2.586884350969746 0.0402386187836534
10.5710529 2.545066293402087 0.03860957328838425
10.6210529 2.50440545039187 0.03709038329993151
10.6710529 2.464854959959437 0.03567154094035069
10.7210529 2.426370737857694 0.03434453836979277
10.7710529 2.388911255470951 0.03310174477680578
10.8210529 2.352437339849822 0.03193630059995666
10.8710529 2.316911993269001 0.03084202628397837
10.9210529 2.282300230048567 0.029813343338405
10.9710529 2.248568928679518 0.02884520584422265
11.0210529 2.215686697549562 0.02793304086207891
11.0710529 2.183623752783176 0.02707269644788205
11.1210529 2.152351806896544 0.02626039618906212
11.1710529 2.121843967128302 0.02549269934596695
11.2210529 2.09207464244505 0.02476646582466366
11.2710529 2.063019458339828 0.02407882532526324
11.3210529 2.034655178645016 0.02342715010815556
11.3710529 2.006959633670738 0.02280903090274675
11.4210529 1.979911654057863 0.0222222555522705
11.4710529 1.953491009802781 0.02166479004629983
11.5210529 1.927678353970628 0.02113476164158654
11.5710529 1.902455170665779 0.02063044381333014
11.6210529 1.877803726874274 0.02015024281417635
11.6710529 1.85370702783312 0.01969268564819596
11.7210529 1.830148775616978 0.01925640929264354
11.7710529 1.80711333066419 0.01884015102214404
11.8210529 1.78458567599186 0.01844273970868178
11.8710529 1.762551383874432 0.01806308798685691
11.9210529 1.74099658478208 0.01770018518772715
11.9710529 1.719907938394775 0.01735309095650862
12.0210529 1.699272606525268 0.01702092947974686
12.0710529 1.67907822779977 0.01670288425652732
12.1210529 1.659312893959012 0.01639819335607243
12.1710529 1.639965127654823 0.0161061451108381
12.2210529 1.621023861628518 0.01582607420011928
12.2710529 1.602478419167453 0.01555735808432322
12.3210529 1.584318495745128 0.01529941375457278
12.3710529 1.566534141758346 0.01505169476624808
12.4210529 1.549115746282308 0.01481368852853885
12.4710529 1.532054021771154 0.01458491382512456
12.5210529 1.515339989637453 0.01436491854378096
12.5710529 1.498964966649611 0.01415327759507634
12.6210529 1.482920552091087 0.01394959100240985
12.6710529 1.467198615629783 0.01375348214749158
12.7210529 1.451791285850076 0.01356459615700168
12.7710529 1.436690939403646 0.01338259841761722
12.8210529 1.421890190738639 0.01320717320788643
12.8710529 1.407381882369803 0.01303802243657683
12.9210529 1.39315907565504 0.01287486447814687
12.9710529 1.379215042046391 0.01271743309690176
13.0210529 1.365543254785843 0.01256547645220913
13.0710529 1.352137381018484 0.01241875617787782
13.1210529 1.338991274297544 0.01227704652945508
13.1710529 1.326098967457642 0.01214013359378178
13.2210529 1.313454665834258 0.0120078145556694
13.2710529 1.301052740808973 0.01187989701703348
13.3210529 1.288887723661432 0.011756198364242
13.3710529 1.276954299710299 0.01163654517981816
13.4210529 1.265247302726655 0.01152077269498117
13.4710529 1.253761709604418 0.01140872427981846
13.5210529 1.242492635273381 0.01130025096816281
13.5710529 1.231435327841403 0.01119521101450138
13.6210529 1.22058516395317 0.01109346948047248
13.6710529 1.209937644353763 0.0109948978487135
13.7210529 1.199488389645992 0.01089937366201198
13.7710529 1.189233136231192 0.01080678018588203
13.8210529 1.179167732423784 0.01071700609284395
13.8710529 1.169288134730537 0.01062994516682573
13.9210529 1.159590404285986 0.01054549602623344
13.9710529 1.150070703436036 0.01046356186435448
14.0210529 1.140725292462191 0.01038405020586431
14.0710529 1.131550526439378 0.01030687267830432
14.1210529 1.122542852220668 0.01023194479748729
14.1710529 1.113698805542677 0.01015918576586818
14.2210529 1.105015008245701 0.01008851828299187
14.2710529 1.09648816560307 0.01001986836719762
14.3210529 1.088115063754439 0.009953165187821947
14.3710529 1.079892567238104 0.009888340907198827
14.4210529 1.071817616617646 0.009825330531808223
14.4710529 1.063887226198521 0.009764071771972027
14.5210529 1.056098481830411 0.009704504909540492
14.5710529 1.048448538791404 0.009646572673052842
14.6210529 1.040934619750288 0.009590220119892912
14.6710529 1.03355401280342 0.009535394524995064
14.7210529 1.026304069582842 0.009482045275687139
14.7710529 1.019182203432492 0.009430123772286412
14.8210529 1.012185887649496 0.009379583334091278
14.8710529 1.005312653787723 0.009330379110436295
14.9210529 0.9985600900208941 0.009282467996501034
14.9710529 0.9919258395627084 0.009235808553584343
15.0210529 0.9854075991415461 0.009190360933575224
15.0710529 0.9790031175274539 0.009146086807369594
15.1210529 0.9727101941092244 0.009102949296998956
15.1710529 0.966526677519489 0.009060912911252526
15.2210529 0.9604504643058474 0.009019943484588771
15.2710529 0.9544794976461554 0.008980008119145578
15.3210529 0.9486117661061788 0.008941075129670729
15.3710529 0.9428453024379113 0.008903113991205788
15.4210529 0.937178182416935 0.008866095289367231
15.4710529 0.9316085237172756 0.008829990673078474
15.5210529 0.9261344848222824 0.008794772809615801
15.5710529 0.9207542639701257 0.008760415341839665
15.6210529 0.9154660981325752 0.00872689284749089
15.6710529 0.9102682620257794 0.008694180800438685
15.7210529 0.9051590671518273 0.008662255533774371
15.7710529 0.9001368608699279 0.008631094204651142
15.8210529 0.8952000254960958 0.008600674760776191
15.8710529 0.8903469774302789 0.008570975908467218
15.9210529 0.8855761663099148 0.008541977082190535
15.9710529 0.8808860741889434 0.008513658415502875
16.0210529 0.8762752147413475 0.008486000713323675
16.0710529 0.8717421324883342 0.008458985425468756
16.1210529 0.8672854020483052 0.008432594621380487
16.1710529 0.8629036274088036 0.008406810965993113
16.2210529 0.8585954412196584 0.008381617696675576
16.2710529 0.8543595041065781 0.00835699860119731
16.3210529 0.8501945040044813 0.008332937996665721
16.3710529 0.8460991555098751 0.008309420709386802
16.4210529 0.8420721992516291 0.008286432055603154
16.4710529 0.838112401279509 0.008263957823066154
16.5210529 0.8342185524698704 0.008241984253401443
16.5710529 0.8303894679479292 0.008220498025229105
16.6210529 0.8266239865260536 0.008199486238002046
16.6710529 0.8229209701575424 0.008178936396528017
16.7210529 0.8192793034053759 0.008158836396142647
16.7710529 0.8156978929254481 0.008139174508502519
16.8210529 0.8121756669638029 0.008119939367969028
16.8710529 0.8087115748674221 0.008101119958555279
16.9210529 0.8053045866081254 0.008082705601409741
16.9710529 0.8019536923191632 0.008064685942811763
17.0210529 0.7986579018440935 0.008047050942655315
17.0710529 0.7954162442975576 0.008029790863398554
17.1210529 0.7922277676375774 0.008012896259458013
17.1710529 0.7890915382490121 0.007996357967027152
17.2210529 0.7860066405378298 0.007980167094300248
17.2710529 0.7829721765358564 0.007964315012083324
17.3210529 0.779987265515681 0.007948793344774937
17.3710529 0.7770510436154063 0.00793359396170037
17.4210529 0.7741626634729456 0.007918708968783649
17.4710529 0.7713212938695757 0.007904130700542541
17.5210529 0.7685261193824703 0.007889851712392468
17.5710529 0.7657763400459427 0.00787586477324587
17.6210529 0.7630711710211411 0.007862162858394316
17.6710529 0.7604098422739445 0.00784873914266113
17.7210529 0.757791598260821 0.007835586993813072
17.7710529 0.7552156976224133 0.007822699966219952
17.8210529 0.7526814128846271 0.007810071794751761
17.8710529 0.7501880301670077 0.00779769638890328
17.9210529 0.7477348488981922 0.007785567827136654
17.9710529 0.7453211815382366 0.007773680351432838
18.0210529 0.7429463533076226 0.007762028362043261
18.0710529 0.7406097019227542 0.007750606412433427
18.1210529 0.7383105773377612 0.007739409204410606
18.1710529 0.7360483414924338 0.007728431583428047
18.2210529 0.7338223680661176 0.007717668534058566
18.2710529 0.7316320422374023 0.007707115175630629
18.3210529 0.7294767604494465 0.007696766758020426
18.3710529 0.7273559301807819 0.007686618657593599
18.4210529 0.7252689697214487 0.007676666373290765
18.4710529 0.7232153079543165 0.007666905522851009
18.5210529 0.7211943841414513 0.007657331839167968
18.5710529 0.7192056477153922 0.007647941166773256
18.6210529 0.7172485580752062 0.007638729458442239
18.6710529 0.7153225843871946 0.007629692771917412
18.7210529 0.7134272053901274 0.007620827266744762
18.7710529 0.7115619092048848 0.007612129201218818
18.8210529 0.7097261931483922 0.007603594929432135
18.8710529 0.7079195635517351 0.007595220898425265
18.9210529 0.7061415355823452 0.007587003645433349
18.9710529 0.7043916330701518 0.007578939795225666
19.0210529 0.7026693883375983 0.007571026057534633
19.0710529 0.700974342033421 0.007563259224570888
19.1210529 0.6993060429700971 0.007555636168621198
19.1710529 0.6976640479648671 0.007548153839726143
19.2210529 0.6960479216842416 0.00754080926343458
19.2710529 0.6944572364919028 0.007533599538632053
19.3210529 0.6928915722999188 0.007526521835440413
19.3710529 0.6913505164231839 0.007519573393186051
19.4210529 0.6898336634370076 0.007512751518434222
19.4710529 0.6883406150377724 0.00750605358308705
19.5210529 0.6868709799065852 0.007499477022542904
19.5710529 0.6854243735758483 0.007493019333914947
19.6210529 0.6840004182986791 0.007486678074306692
19.6710529 0.6825987429211079 0.007480450859142559
19.7210529 0.6812189827569874 0.007474335360551441
19.7710529 0.6798607794655475 0.007468329305801414
19.8210529 0.6785237809315307 0.007462430475783758
19.8710529 0.6772076411478493 0.007456636703544572
19.9210529 0.6759120201006996 0.007450945872862297
19.9710529 0.674636583657078 0.007445355916869532
20.0210529 0.6733810034546402 0.007439864816717615
20.0710529 0.6721449567938489 0.007434470600282484
20.1210529 0.6709281265323546 0.007429171340910349
20.1710529 0.6697302009815597 0.007423965156201872
20.2210529 0.6685508738053118 0.007418850206833462
20.2710529 0.6673898439206782 0.00741382469541446
20.3210529 0.6662468154007538 0.007408886865378972
20.3710529 0.6651214973794525 0.007404034999911172
20.4210529 0.6640136039582404 0.007399267420902952
20.4710529 0.6629228541147627 0.007394582487942814
20.5210529 0.6618489716133226 0.007389978597334971
20.5710529 0.6607916849171693 0.007385454181147622
20.6210529 0.6597507271025547 0.007381007706289459
20.6710529 0.6587258357745168 0.007376637673613434
20.7210529 0.6577167529843542 0.007372342617046909
20.7710529 0.6567232251487489 0.007368121102747301
20.8210529 0.6557450029705054 0.007363971728282404
20.8710529 0.6547818413608657 0.007359893121834541
20.9210529 0.6538334993633675 0.007355883941427825
20.9710529 0.6528997400792109 0.007351942874177713
21.0210529 0.651980330594099 0.007348068635562182
21.0710529 0.6510750419065214 0.007344259968713804
21.1210529 0.6501836488574479 0.007340515643732047
21.1710529 0.6493059300614014 0.007336834457015151
21.2210529 0.6484416678388797 0.007333215230610978
21.2710529 0.6475906481500983 0.007329656811586189
21.3210529 0.6467526605300228 0.00732615807141321
21.3710529 0.6459274980246651 0.007322717905374378
21.4210529 0.645114957128615 0.007319335231982782
21.4710529 0.6443148377237812 0.007316008992419208
21.5210529 0.6435269430193145 0.00731273814998474
21.5710529 0.6427510794926897 0.0073095216895685
21.6210529 0.6419870568319199 0.007306358617130058
21.6710529 0.6412346878788794 0.00730324795919606
21.7210529 0.6404937885737115 0.007300188762370641
21.7710529 0.6397641779003 0.007297180092859186
21.8210529 0.6390456778327784 0.007294221036005038
21.8710529 0.6383381132830579 0.007291310695838752
21.9210529 0.6376413120493518 0.007288448194639516
21.9710529 0.6369551047656754 0.00728563267250837
22.0210529 0.6362793248523001 0.007282863286952855
22.0710529 0.6356138084671441 0.007280139212482765
22.1210529 0.6349583944580779 0.007277459640216647
22.1710529 0.634312924316126 0.007274823777498748
22.2210529 0.6336772421295479 0.007272230847526076
22.2710529 0.6330511945387785 0.007269680088985288
22.3210529 0.6324346306922107 0.00726717075569911
22.3710529 0.6318274022028031 0.007264702116282001
22.4210529 0.6312293631054956 0.007262273453804794
22.4710529 0.6306403698154173 0.007259884065468044
22.5210529 0.6300602810868685 0.007257533262283849
22.5710529 0.6294889579730639 0.007255220368765849
22.6210529 0.6289262637866188 0.007252944722627223
22.6710529 0.628372064060765 0.007250705674486407
22.7210529 0.6278262265112812 0.007248502587580339
22.7710529 0.6272886209991234 0.007246334837484985
22.8210529 0.6267591194937411 0.007244201811842965
22.8710529 0.6262375960370659 0.007242102910098057
22.9210529 0.6257239267081588 0.007240037543236397
22.9710529 0.6252179895885035 0.007238005133534163
23.0210529 0.6247196647279321 0.00723600511431158
23.0710529 0.6242288341111704 0.007234036929693057
23.1210529 0.6237453816249928 0.007232100034373286
23.1710529 0.6232691930259716 0.007230193893389133
23.2210529 0.6228001559088104 0.007228317981897151
23.2710529 0.6223381596752516 0.007226471784956591
23.3210529 0.6218830955035435 0.007224654797317705
23.3710529 0.6214348563184586 0.007222866523215237
23.4210529 0.6209933367618519 0.007221106476166951
23.4710529 0.6205584331637469 0.007219374178777029
23.5210529 0.6201300435139421 0.007217669162544246
23.5710529 0.6197080674341241 0.007215990967674765
23.6210529 0.6192924061504816 0.007214339142899422
23.6710529 0.6188829624668072 0.007212713245295411
23.7210529 0.6184796407380785 0.007211112840112193
23.7710529 0.6180823468445111 0.007209537500601591
23.8210529 0.6176909881660718 0.007207986807851877
23.8710529 0.6173054735574444 0.007206460350625808
23.9210529 0.6169257133234394 0.007204957725202468
23.9710529 0.6165516191948394 0.007203478535222826
24.0210529 0.616183104304671 0.007202022391538917
24.0710529 0.6158200831648959 0.007200588912066538
24.1210529 0.6154624716435123 0.007199177721641368
24.1710529 0.6151101869420602 0.007197788451878443
24.2210529 0.6147631475735215 0.007196420741034853
24.2710529 0.6144212733406081 0.007195074233875623
24.3210529 0.6140844853144313 0.007193748581542671
24.3710529 0.6137527058135432 0.007192443441426759
24.4210529 0.6134258583833468 0.007191158477042379
24.4710529 0.6131038677758628 0.007189893357905479
24.5210529 0.6127866599298516 0.007188647759413956
24.5710529 0.6124741619512802 0.007187421362730867
24.6210529 0.6121663020941294 0.007186213854670264
24.6710529 0.6118630097415334 0.007185024927585586
24.7210529 0.6115642153872483 0.007183854279260573
24.7710529 0.6112698506174397 0.007182701612802592
24.8210529 0.6109798480927869 0.007181566636538354
24.8710529 0.6106941415308961 0.007180449063911944
24.9210529 0.6104126656890161 0.007179348613385095
24.9710529 0.6101353563470536 0.007178265008339682
25.0210529 0.6098621502908796 0.007177197976982339
25.0710529 0.6095929852959237 0.007176147252251185
25.1210529 0.6093278001110496 0.00717511257172458
25.1710529 0.6090665344427081 0.00717409367753187
25.2210529 0.6088091289393606 0.007173090316266072
25.2710529 0.6085555251761696 0.007172102238898453
25.3210529 0.6083056656399516 0.007171129200694951
25.3710529 0.6080594937143858 0.007170170961134396
25.4210529 0.6078169536654759 0.00716922728382849
25.4710529 0.6075779906272596 0.007168297936443498
25.5210529 0.6073425505877602 0.007167382690623606
25.5710529 0.6071105803751788 0.007166481321915919
25.6210529 0.6068820276443195 0.007165593609697048
25.6710529 0.6066568408632452 0.007164719337101237
25.7210529 0.6064349693001597 0.007163858290950034
25.7710529 0.606216363010512 0.007163010261683412
25.8210529 0.6060009728243176 0.007162175043292353
25.8710529 0.6057887503336956 0.007161352433252843
25.9210529 0.6055796478806139 0.007160542232461225
25.9710529 0.605373618544843 0.007159744245170923
26.0210529 0.6051706161321108 0.007158958278930457
26.0710529 0.6049705951624581 0.007158184144522749
26.1210529 0.6047735108587887 0.007157421655905684
26.1710529 0.6045793191356118 0.007156670630153883
26.2210529 0.6043879765879735 0.007155930887401683
26.2710529 0.6041994404805733 0.007155202250787271
26.3210529 0.6040136687370629 0.007154484546397967
26.3710529 0.6038306199295236 0.007153777603216616
26.4210529 0.6036502532681196 0.007153081253069069
26.4710529 0.6034725285909242 0.00715239533057272
26.5210529 0.6032974063539143 0.007151719673086095
26.5710529 0.6031248476211329 0.007151054120659443
26.6210529 0.6029548140550149 0.007150398515986324
26.6710529 0.6027872679068728 0.007149752704356165
26.7210529 0.6026221720075409 0.007149116533607765
26.7710529 0.6024594897581749 0.007148489854083725
26.8210529 0.6022991851212036 0.007147872518585775
26.8710529 0.6021412226114305 0.007147264382331009
26.9210529 0.6019855672872825 0.00714666530290895
26.9710529 0.6018321847422028 0.007146075140239499
27.0210529 0.6016810410961869 0.007145493756531675
27.0710529 0.6015321029874572 0.007144921016243196
27.1210529 0.6013853375642749 0.007144356786040827
27.1710529 0.6012407124768872 0.007143800934761507
27.2210529 0.6010981958696066 0.007143253333374248
27.2710529 0.6009577563730204 0.007142713854942748
27.3210529 0.6008193630963281 0.007142182374588751
27.3710529 0.6006829856198047 0.0071416587694561
27.4210529 0.6005485939873868 0.007141142918675489
27.4710529 0.6004161586993811 0.007140634703329892
27.5210529 0.6002856507052918 0.007140134006420653
27.5710529 0.6001570413967648 0.00713964071283423
27.6210529 0.6000303026006477 0.007139154709309562
27.6710529 0.5999054065721632 0.007138675884406074
27.7210529 0.5997823259881929 0.007138204128472279
27.7710529 0.5996610339406719 0.007137739333614971
27.8210529 0.5995415039300893 0.007137281393669015
27.8710529 0.5994237098590959 0.007136830204167692
27.9210529 0.599307626026215 0.00713638566231361
27.9710529 0.5991932271196555 0.007135947666950165
28.0210529 0.5990804882112255 0.007135516118533529
28.0710529 0.5989693847503441 0.007135090919105155
28.1210529 0.5988598925581512 0.007134671972264821
28.1710529 0.5987519878217112 0.007134259183144142
28.2210529 0.5986456470883125 0.007133852458380604
28.2710529 0.5985408472598567 0.00713345170609206
28.3210529 0.5984375655873404 0.0071330568358517
28.3710529 0.5983357796654249 0.007132667758663493
28.4210529 0.5982354674270943 0.007132284386938068
28.4710529 0.5981366071383987 0.007131906634469051
28.5210529 0.5980391773932828 0.007131534416409818
28.5710529 0.5979431571084978 0.007131167649250699
28.6210529 0.5978485255185939 0.007130806250796569
28.6710529 0.5977552621709954 0.007130450140144875
28.7210529 0.5976633469211523 0.007130099237664033
28.7710529 0.5975727599277718 0.007129753464972252
28.8210529 0.5974834816481249 0.007129412744916706
28.8710529 0.5973954928334291 0.007129077001553109
28.9210529 0.597308774524304 0.007128746160125639
28.9710529 0.5972233080463005 0.007128420147047241
29.0210529 0.5971390750055015 0.007128098889880272
29.0710529 0.5970560572841914 0.007127782317317494
29.1210529 0.596974237036597 0.007127470359163409
29.1710529 0.5968935966846945 0.007127162946315933
29.2210529 0.596814118914084 0.007126860010748381
29.2710529 0.5967357866699295 0.007126561485491793
29.3210529 0.5966585831529645 0.007126267304617557
29.3710529 0.5965824918155591 0.007125977403220345
29.4210529 0.5965074963578521 0.007125691717401359
29.4710529 0.5964335807239424 0.007125410184251856
29.5210529 0.5963607290981422 0.00712513274183698
29.5710529 0.5962889259012888 0.007124859329179873
29.6210529 0.5962181557871157 0.007124589886246057
29.6710529 0.5961484036386805 0.0071243243539281
29.7210529 0.5960796545648496 0.007124062674030548
29.7710529 0.5960118938968385 0.007123804789255114
29.8210529 0.5959451071848069 0.007123550643186134
29.8710529 0.5958792801945073 0.007123300180276273
29.9210529 0.5958143989039872 0.007123053345832474
29.9710529 0.5957504495003425 0.007122810086002159
30.0210529 0.5956874183765224 0.007122570347759662
30.0710529 0.595625292128185 0.007122334078892904
30.1210529 0.5955640575506024 0.007122101227990289
30.1710529 0.5955037016356135 0.007121871744427834
30.2210529 0.5954442115686266 0.007121645578356513
30.2710529 0.595385574725667 0.007121422680689828
30.3210529 0.5953277786704727 0.007121203003091579
30.3710529 0.5952708111516352 0.007120986497963858
30.4210529 0.5952146600997842 0.007120773118435241
30.4710529 0.5951593136248181 0.007120562818349179
30.5210529 0.5951047600131768 0.007120355552252591
30.5710529 0.5950509877251574 0.007120151275384652
30.6210529 0.5949979853922724 0.007119949943665773
30.6710529 0.5949457418146483 0.007119751513686748
30.7210529 0.594894245958466 0.007119555942698122
30.7710529 0.5948434869534402 0.007119363188599705
30.8210529 0.5947934540903395 0.007119173209930279
30.8710529 0.5947441368185429 0.007118985965857476
30.9210529 0.5946955247436374 0.007118801416167824
30.9710529 0.5946476076250504 0.007118619521256963
31.0210529 0.5946003753737207 0.007118440242120023
31.0710529 0.594553818049805 0.007118263540342166
31.1210529 0.5945079258604204 0.007118089378089284
31.1710529 0.594462689157422 0.007117917718098855
31.2210529 0.5944180984352145 0.007117748523670944
31.2710529 0.594374144328599 0.007117581758659362
31.3210529 0.594330817610652 0.007117417387462978
31.3710529 0.594288109190638 0.007117255375017153
31.4210529 0.5942460101119544 0.007117095686785339
31.4710529 0.5942045115501083 0.007116938288750809
31.5210529 0.5941636048107245 0.007116783147408521
31.5710529 0.5941232813275841 0.007116630229757114
31.6210529 0.5940835326606942 0.007116479503291052
31.6710529 0.5940443504943871 0.007116330935992878
31.7210529 0.5940057266354485 0.007116184496325608
31.7710529 0.5939676530112752 0.007116040153225239
31.8210529 0.5939301216680609 0.0071158978760934
31.8710529 0.5938931247690107 0.007115757634790101
31.9210529 0.5938566545925817 0.007115619399626611
31.9710529 0.5938207035307527 0.007115483141358456
32.0210529 0.5937852640873184 0.007115348831178523
32.0710529 0.5937503288762123 0.007115216440710288
32.1210529 0.593715890619853 0.007115085942001137
32.1710529 0.5936819421475179 0.007114957307515817
32.2210529 0.5936484763937407 0.007114830510129973
32.2710529 0.5936154863967341 0.007114705523123808
32.3210529 0.5935829652968367 0.00711458232017583
32.3710529 0.5935509063349838 0.007114460875356715
32.4210529 0.593519302851201 0.007114341163123256
32.4710529 0.5934881482831224 0.007114223158312422
32.5210529 0.5934574361645296 0.007114106836135496
32.5710529 0.5934271601239151 0.007113992172172338
32.6210529 0.5933973138830658 0.007113879142365698
32.6710529 0.5933678912556702 0.007113767723015662
32.7210529 0.593338886145945 0.007113657890774159
32.7710529 0.5933102925472837 0.007113549622639569
32.8210529 0.5932821045409262 0.007113442895951412
32.8710529 0.593254316294648 0.007113337688385132
32.9210529 0.5932269220614697 0.007113233977946949
32.9710529 0.5931999161783863 0.007113131742968805
33.0210529 0.5931732930651161 0.007113030962103389
33.0710529 0.5931470472228679 0.007112931614319236
33.1210529 0.5931211732331282 0.007112833678895912
33.1710529 0.5930956657564657 0.00711273713541927
33.2210529 0.5930705195313547 0.00711264196377678
33.2710529 0.5930457293730165 0.007112548144152939
33.3210529 0.5930212901722781 0.007112455657024757
33.3710529 0.5929971968944484 0.007112364483157298
33.4210529 0.5929734445782112 0.007112274603599307
33.4710529 0.5929500283345359 0.007112185999678907
33.5210529 0.5929269433456039 0.007112098652999353
33.5710529 0.5929041848637514 0.00711201254543486
33.6210529 0.5928817482104287 0.007111927659126493
33.6710529 0.5928596287751752 0.007111843976478137
33.7210529 0.5928378220146092 0.007111761480152499
33.7710529 0.5928163234514344 0.007111680153067211
33.8210529 0.5927951286734602 0.007111599978390966
33.8710529 0.5927742333326372 0.00711152093953972
33.9210529 0.5927536331441081 0.007111443020172968
33.9710529 0.5927333238852714 0.007111366204190062
34.0210529 0.5927133013948612 0.007111290475726597
34.0710529 0.5926935615720391 0.007111215819150848
34.1210529 0.5926741003755009 0.007111142219060259
34.1710529 0.5926549138225966 0.007111069660278002
34.2210529 0.5926359979884634 0.007110998127849573
34.2710529 0.5926173490051727 0.007110927607039456
34.3210529 0.5925989630608883 0.007110858083327817
34.3710529 0.5925808363990391 0.007110789542407282
34.4210529 0.5925629653175033 0.007110721970179732
34.4710529 0.5925453461678047 0.007110655352753171
34.5210529 0.5925279753543221 0.007110589676438631
34.5710529 0.5925108493335096 0.007110524927747134
34.6210529 0.5924939646131292 0.007110461093386689
34.6710529 0.5924773177514948 0.007110398160259344
34.7210529 0.5924609053567277 0.007110336115458284
34.7710529 0.5924447240860228 0.007110274946264972
34.8210529 0.5924287706449266 0.007110214640146335
34.8710529 0.5924130417866257 0.007110155184751991
34.9210529 0.5923975343112455 0.007110096567911517
34.9710529 0.5923822450651607 0.007110038777631771
35.0210529 0.5923671709403144 0.007109981802094243
35.0710529 0.5923523088735492 0.007109925629652448
35.1210529 0.5923376558459466 0.007109870248829368
35.1710529 0.5923232088821782 0.007109815648314921
35.2210529 0.5923089650498647 0.007109761816963481
35.2710529 0.5922949214589465 0.007109708743791431
35.3210529 0.5922810752610613 0.007109656417974747
35.3710529 0.5922674236489338 0.007109604828846628
35.4210529 0.592253963855772 0.007109553965895164
35.4710529 0.5922406931546743 0.007109503818761031
35.5210529 0.5922276088580445 0.007109454377235223
35.5710529 0.5922147083170159 0.007109405631256831
35.6210529 0.5922019889208843 0.007109357570910834
35.6710529 0.5921894480965485 0.007109310186425945
35.7210529 0.5921770833079605 0.007109263468172478
35.7710529 0.5921648920555826 0.007109217406660251
35.8210529 0.5921528718758539 0.007109171992536522
35.8710529 0.592141020340663 0.007109127216583951
35.9210529 0.5921293350568307 0.007109083069718601
35.9710529 0.592117813665599 0.007109039542987963
36.0210529 0.5921064538421277 0.007108996627569017
36.0710529 0.5920952532949992 0.007108954314766316
36.1210529 0.5920842097657303 0.007108912596010102
36.1710529 0.5920733210282911 0.007108871462854452
36.2210529 0.5920625848886316 0.007108830906975454
36.2710529 0.5920519991842147 0.007108790920169401
36.3210529 0.5920415617835565 0.007108751494351025
36.3710529 0.5920312705857734 0.007108712621551751
36.4210529 0.592021123520136 0.007108674293917971
36.4710529 0.5920111185456295 0.007108636503709363
36.5210529 0.5920012536505204 0.007108599243297218
36.5710529 0.5919915268519303 0.007108562505162792
36.6210529 0.5919819361954154 0.007108526281895702
36.6710529 0.5919724797545525 0.007108490566192322
36.7210529 0.591963155630531 0.007108455350854224
36.7710529 0.5919539619517513 0.00710842062878662
36.8210529 0.5919448968734287 0.007108386392996855
36.8710529 0.591935958577203 0.007108352636592897
36.9210529 0.5919271452707552 0.007108319352781868
36.9710529 0.5919184551874281 0.007108286534868585
37.0210529 0.5919098865858538 0.007108254176254132
37.0710529 0.5919014377495856 0.007108222270434447
37.1210529 0.591893106986737 0.007108190810998932
37.1710529 0.5918848926296243 0.007108159791629087
37.2210529 0.5918767930344153 0.007108129206097161
37.2710529 0.5918688065807834 0.007108099048264822
37.3210529 0.5918609316715664 0.007108069312081854
37.3710529 0.5918531667324299 0.007108039991584863
37.4210529 0.5918455102115374 0.007108011080896013
37.4710529 0.5918379605792229 0.007107982574221773
37.5210529 0.5918305163276704 0.007107954465851688
37.5710529 0.5918231759705965 0.007107926750157164
37.6210529 0.5918159380429394 0.007107899421590276
37.6710529 0.5918088011005505 0.007107872474682584
37.7210529 0.5918017637198919 0.007107845904043987
37.7710529 0.5917948244977386 0.007107819704361569
37.8210529 0.5917879820508836 0.007107793870398478
37.8710529 0.5917812350158489 0.007107768396992819
37.9210529 0.5917745820485998 0.007107743279056563
37.9710529 0.5917680218242638 0.007107718511574468
38.0210529 0.5917615530368534 0.007107694089603023
38.0710529 0.5917551743989934 0.007107670008269405
38.1210529 0.5917488846416514 0.007107646262770445
38.1710529 0.5917426825138734 0.007107622848371623
38.2210529 0.5917365667825224 0.007107599760406066
38.2710529 0.5917305362320209 0.007107576994273565
38.3210529 0.5917245896640975 0.00710755454543961
38.3710529 0.5917187258975373 0.00710753240943443
38.4210529 0.5917129437679357 0.00710751058185206
38.4710529 0.5917072421274556 0.00710748905834941
38.5210529 0.5917016198445889 0.007107467834645358
38.5710529 0.5916960758039206 0.007107446906519847
38.6210529 0.5916906089058969 0.007107426269813
38.6710529 0.5916852180665967 0.007107405920424248
38.7210529 0.5916799022175063 0.007107385854311476
38.7710529 0.5916746603052975 0.007107366067490168
38.8210529 0.5916694912916087 0.007107346556032581
38.8710529 0.5916643941528296 0.007107327316066916
38.9210529 0.5916593678798886 0.007107308343776514
38.9710529 0.5916544114780438 0.007107289635399056
39.0210529 0.5916495239666762 0.007107271187225775
39.0710529 0.5916447043790879 0.007107252995600689
39.1210529 0.5916399517623002 0.007107235056919831
39.1710529 0.5916352651768575 0.007107217367630498
39.2210529 0.5916306436966322 0.007107199924230515
39.2710529 0.5916260864086336 0.007107182723267501
39.3210529 0.591621592412819 0.007107165761338153
39.3710529 0.5916171608219075 0.007107149035087539
39.4210529 0.591612790761197 0.007107132541208392
39.4710529 0.5916084813683832 0.007107116276440434
39.5210529 0.591604231793382 0.007107100237569688
39.5710529 0.5916000411981537 0.007107084421427822
39.6210529 0.5915959087565307 0.007107068824891477
39.6710529 0.5915918336540466 0.007107053444881632
39.7210529 0.5915878150877685 0.007107038278362958
39.7710529 0.5915838522661321 0.007107023322343191
39.8210529 0.5915799444087779 0.007107008573872512
39.8710529 0.5915760907463914 0.007106994030042935
39.9210529 0.5915722905205441 0.007106979687987711
39.9710529 0.591568542983538 0.007106965544880727
40.0210529 0.5915648473982517 0.007106951597935922
40.0710529 0.5915612030379888 0.007106937844406721
40.1210529 0.5915576091863289 0.007106924281585453
40.1710529 0.5915540651369806 0.007106910906802806
40.2210529 0.5915505701936361 0.007106897717427268
40.2710529 0.5915471236698284 0.007106884710864583
40.3210529 0.5915437248887909 0.007106871884557225
40.3710529 0.5915403731833184 0.007106859235983858
40.4210529 0.5915370678956303 0.007106846762658829
40.4710529 0.591533808377236 0.007106834462131648
40.5210529 0.591530593988802 0.007106822331986487
40.5710529 0.5915274241000211 0.007106810369841684
40.6210529 0.5915242980894836 0.00710679857334925
40.6710529 0.5915212153445498 0.007106786940194389
40.7210529 0.5915181752612251 0.00710677546809502
40.7710529 0.5915151772440362 0.007106764154801313
40.8210529 0.5915122207059101 0.007106752998095223
40.8710529 0.5915093050680535 0.007106741995790035
40.9210529 0.591506429759835 0.007106731145729918
40.9710529 0.5915035942186685 0.007106720445789483
41.0210529 0.5915007978898986 0.007106709893873344
41.0710529 0.5914980402266875 0.007106699487915692
41.1210529 0.5914953206899033 0.007106689225879875
41.1710529 0.5914926387480104 0.007106679105757971
41.2210529 0.5914899938769612 0.007106669125570389
41.2710529 0.5914873855600892 0.007106659283365458
41.3210529 0.5914848132880041 0.007106649577219029
41.3710529 0.591482276558488 0.007106640005234082
41.4210529 0.5914797748763932 0.00710663056554034
41.4710529 0.5914773077535419 0.007106621256293888
41.5210529 0.5914748747086266 0.007106612075676789
41.5710529 0.5914724752671122 0.007106603021896724
41.6210529 0.5914701089611404 0.007106594093186625
41.6710529 0.5914677753294336 0.007106585287804303
41.7210529 0.5914654739172024 0.007106576604032112
41.7710529 0.5914632042760524 0.007106568040176582
41.8210529 0.5914609659638939 0.007106559594568084
41.8710529 0.5914587585448521 0.007106551265560491
41.9210529 0.5914565815891786 0.007106543051530834
41.9710529 0.5914544346731647 0.007106534950878987
42.0210529 0.5914523173790551 0.007106526962027323
42.0710529 0.5914502292949638 0.007106519083420415
42.1210529 0.5914481700147907 0.007106511313524699
42.1710529 0.5914461391381389 0.007106503650828181
42.2210529 0.5914441362702345 0.007106496093840116
42.2710529 0.5914421610218463 0.007106488641090716
42.3210529 0.5914402130092072 0.007106481291130846
42.3710529 0.5914382918539371 0.007106474042531732
42.4210529 0.5914363971829658 0.007106466893884673
42.4710529 0.5914345286284582 0.007106459843800756
42.5210529 0.5914326858277401 0.007106452890910568
42.5710529 0.5914308684232245 0.007106446033863932
42.6210529 0.5914290760623399 0.007106439271329623
42.6710529 0.5914273083974595 0.007106432601995099
42.7210529 0.5914255650858304 0.007106426024566246
42.7710529 0.5914238457895055 0.007106419537767103
42.8210529 0.5914221501752742 0.007106413140339617
42.8710529 0.5914204779145965 0.007106406831043377
42.9210529 0.5914188286835365 0.007106400608655377
42.9710529 0.5914172021626967 0.007106394471969753
43.0210529 0.5914155980371545 0.00710638841979756
43.0710529 0.5914140159963985 0.007106382450966509
43.1210529 0.5914124557342664 0.007106376564320754
43.1710529 0.5914109169488828 0.007106370758720643
43.2210529 0.5914093993425994 0.007106365033042494
43.2710529 0.5914079026219349 0.007106359386178371
43.3210529 0.5914064264975157 0.007106353817035855
43.3710529 0.5914049706840188 0.007106348324537831
43.4210529 0.5914035349001132 0.007106342907622269
43.4710529 0.591402118868405 0.007106337565242008
43.5210529 0.5914007223153807 0.007106332296364552
43.5710529 0.5913993449713526 0.007106327099971849
43.6210529 0.5913979865704052 0.007106321975060109
43.6710529 0.5913966468503415 0.007106316920639578
43.7210529 0.5913953255526307 0.007106311935734357
43.7710529 0.5913940224223565 0.0071063070193822
43.8210529 0.591392737208166 0.007106302170634318
43.8710529 0.5913914696622193 0.007106297388555198
43.9210529 0.5913902195401404 0.007106292672222403
43.9710529 0.5913889866009677 0.007106288020726398
44.0210529 0.5913877706071068 0.007106283433170365
44.0710529 0.5913865713242817 0.007106278908670019
44.1210529 0.5913853885214893 0.007106274446353435
44.1710529 0.5913842219709524 0.007106270045360878
44.2210529 0.5913830714480749 0.007106265704844618
44.2710529 0.5913819367313966 0.007106261423968778
44.3210529 0.591380817602549 0.007106257201909149
44.3710529 0.591379713846212 0.00710625303785304
44.4210529 0.5913786252500708 0.007106248930999108
44.4710529 0.5913775516047737 0.007106244880557202
44.5210529 0.5913764927038901 0.007106240885748199
44.5710529 0.5913754483438702 0.007106236945803856
44.6210529 0.5913744183240034 0.007106233059966651
44.6710529 0.591373402446379 0.007106229227489641
44.7210529 0.5913724005158469 0.007106225447636299
44.7710529 0.5913714123399785 0.00710622171968038
44.8210529 0.5913704377290283 0.007106218042905768
44.8710529 0.5913694764958967 0.007106214416606343
44.9210529 0.5913685284560922 0.007106210840085825
44.9710529 0.5913675934276955 0.007106207312657654
45.0210529 0.5913666712313227 0.007106203833644838
45.0710529 0.5913657616900899 0.007106200402379828
45.1210529 0.5913648646295782 0.007106197018204381
45.1710529 0.5913639798777989 0.007106193680469429
45.2210529 0.5913631072651597 0.007106190388534954
45.2710529 0.5913622466244307 0.007106187141769856
45.3210529 0.5913613977907115 0.00710618393955183
45.3710529 0.5913605606013983 0.007106180781267241
45.4210529 0.5913597348961519 0.007106177666311008
45.4710529 0.5913589205168659 0.007106174594086476
45.5210529 0.5913581173076353 0.0071061715640053
45.5710529 0.5913573251147256 0.007106168575487335
45.6210529 0.5913565437865427 0.007106165627960511
45.6710529 0.5913557731736022 0.007106162720860726
45.7210529 0.5913550131285008 0.007106159853631733
45.7710529 0.5913542635058864 0.007106157025725028
45.8210529 0.5913535241624295 0.007106154236599746
45.8710529 0.5913527949567952 0.007106151485722545
45.9210529 0.5913520757496149 0.007106148772567515
45.9710529 0.5913513664034592 0.00710614609661606
46.0210529 0.5913506667828101 0.007106143457356799
46.0710529 0.5913499767540349 0.007106140854285473
46.1210529 0.5913492961853595 0.007106138286904835
46.1710529 0.5913486249468425 0.007106135754724555
46.2210529 0.5913479629103495 0.007106133257261128
46.2710529 0.591347309949528 0.007106130794037775
46.3210529 0.5913466659397821 0.007106128364584343
46.3710529 0.5913460307582485 0.007106125968437225
46.4210529 0.5913454042837718 0.007106123605139255
46.4710529 0.5913447863968809 0.007106121274239628
46.5210529 0.5913441769797656 0.007106118975293811
46.5710529 0.5913435759162529 0.007106116707863444
46.6210529 0.5913429830917846 0.007106114471516265
46.6710529 0.5913423983933945 0.007106112265826026
46.7210529 0.5913418217096866 0.007106110090372395
46.7710529 0.5913412529308126 0.007106107944740891
46.8210529 0.5913406919484507 0.007106105828522791
46.8710529 0.5913401386557841 0.007106103741315054
46.9210529 0.5913395929474801 0.007106101682720236
46.9710529 0.5913390547196695 0.007106099652346423
47.0210529 0.5913385238699261 0.007106097649807143
47.0710529 0.5913380002972466 0.007106095674721294
47.1210529 0.5913374839020307 0.007106093726713073
47.1710529 0.5913369745860617 0.007106091805411897
47.2210529 0.5913364722524871 0.007106089910452329
47.2710529 0.5913359768057997 0.007106088041474013
47.32105290000001 0.5913354881518188 0.007106086198121598
47.3710529 0.5913350061976718 0.00710608438004467
47.4210529 0.5913345308517759 0.007106082586897683
47.4710529 0.5913340620238204 0.007106080818339889
47.5210529 0.5913335996247485 0.007106079074035277
47.57105290000001 0.5913331435667404 0.007106077353652502
47.6210529 0.5913326937631959 0.00710607565686482
47.6710529 0.5913322501287173 0.007106073983350029
47.7210529 0.5913318125790928 0.0071060723327904
47.7710529 0.5913313810312804 0.007106070704872618
47.82105290000001 0.5913309554033908 0.007106069099287719
47.8710529 0.5913305356146722 0.007106067515731032
47.9210529 0.5913301215854941 0.00710606595390212
47.9710529 0.5913297132373319 0.007106064413504711
48.0210529 0.5913293104927513 0.007106062894246657
48.07105290000001 0.5913289132753936 0.007106061395839866
48.1210529 0.5913285215099604 0.007106059918000244
48.1710529 0.5913281351221991 0.007106058460447647
48.2210529 0.5913277540388882 0.007106057022905822
48.2710529 0.5913273781878232 0.00710605560510235
48.32105290000001 0.5913270074978025 0.007106054206768603
48.3710529 0.5913266418986137 0.007106052827639679
48.4210529 0.5913262813210193 0.007106051467454357
48.4710529 0.5913259256967435 0.007106050125955049
48.5210529 0.5913255749584593 0.007106048802887744
48.57105290000001 0.5913252290397749 0.007106047498001959
48.6210529 0.591324887875221 0.007106046211050693
48.6710529 0.5913245514002375 0.007106044941790376
48.7210529 0.5913242195511619 0.007106043689980827
48.7710529 0.5913238922652161 0.007106042455385199
48.82105290000001 0.5913235694804944 0.007106041237769939
48.8710529 0.5913232511359516 0.007106040036904739
48.9210529 0.5913229371713912 0.007106038852562494
48.9710529 0.5913226275274529 0.007106037684519258
49.0210529 0.5913223221456022 0.007106036532554197
49.07105290000001 0.5913220209681184 0.007106035396449546
49.1210529 0.5913217239380831 0.007106034275990573
49.1710529 0.5913214309993698 0.007106033170965531
49.2210529 0.5913211420966327 0.007106032081165617
49.2710529 0.5913208571752955 0.007106031006384935
49.32105290000001 0.5913205761815417 0.007106029946420454
49.3710529 0.5913202990623032 0.007106028901071967
49.4210529 0.5913200257652509 0.007106027870142055
49.4710529 0.5913197562387837 0.007106026853436047
49.5210529 0.5913194904320191 0.007106025850761984
49.57105290000001 0.591319228294783 0.007106024861930576
49.6210529 0.5913189697776001 0.007106023886755173
49.6710529 0.5913187148316842 0.007106022925051728
49.7210529 0.5913184634089288 0.007106021976638751
49.7710529 0.5913182154618979 0.007106021041337288
49.82105290000001 0.5913179709438163 0.007106020118970877
49.8710529 0.5913177298085613 0.007106019209365513
49.9210529 0.5913174920106533 0.007106018312349626
49.9710529 0.5913172575052468 0.007106017427754031
50.0210529 0.591317026248122 0.007106016555411908
50.07105290000001 0.5913167981956765 0.007106015695158765
50.1210529 0.5913165733049162 0.007106014846832407
50.1710529 0.5913163515334474 0.007106014010272901
50.2210529 0.5913161328394686 0.007106013185322549
50.2710529 0.5913159171817622 0.007106012371825859
50.32105290000001 0.5913157045196868 0.007106011569629511
50.3710529 0.5913154948131691 0.007106010778582326
50.4210529 0.5913152880226962 0.007106009998535246
50.4710529 0.5913150841093077 0.007106009229341289
50.5210529 0.5913148830345888 0.007106008470855538
50.57105290000001 0.5913146847606625 0.007106007722935103
50.6210529 0.5913144892501823 0.007106006985439095
50.6710529 0.5913142964663247 0.007106006258228598
50.7210529 0.5913141063727826 0.007106005541166647
50.7710529 0.5913139189337577 0.00710600483411819
50.82105290000001 0.5913137341139544 0.00710600413695008
50.8710529 0.5913135518785722 0.007106003449531033
50.9210529 0.5913133721932992 0.007106002771731609
50.9710529 0.5913131950243057 0.00710600210342419
51.0210529 0.5913130203382375 0.007106001444482946
51.07105290000001 0.5913128481022094 0.007106000794783822
51.1210529 0.591312678283799 0.007106000154204506
51.1710529 0.5913125108510402 0.007105999522624411
51.2210529 0.5913123457724173 0.007105998899924644
51.2710529 0.5913121830168588 0.007105998285987992
51.32105290000001 0.5913120225537316 0.007105997680698896
51.3710529 0.5913118643528346 0.007105997083943423
51.4210529 0.5913117083843932 0.007105996495609253
51.4710529 0.5913115546190538 0.007105995915585652
51.5210529 0.5913114030278775 0.007105995343763453
51.57105290000001 0.5913112535823352 0.007105994780035031
51.6210529 0.5913111062543014 0.007105994224294289
51.6710529 0.5913109610160495 0.007105993676436629
51.7210529 0.5913108178402462 0.007105993136358943
51.7710529 0.5913106766999459 0.007105992603959579
51.82105290000001 0.5913105375685855 0.007105992079138334
51.8710529 0.5913104004199802 0.00710599156179643
51.9210529 0.5913102652283172 0.007105991051836489
51.9710529 0.5913101319681517 0.007105990549162527
52.0210529 0.5913100006144013 0.007105990053679924
52.07105290000001 0.5913098711423416 0.007105989565295411
52.1210529 0.5913097435276011 0.007105989083917052
52.1710529 0.5913096177461572 0.007105988609454224
52.2210529 0.5913094937743307 0.0071059881418176
52.2710529 0.5913093715887817 0.007105987680919138
52.32105290000001 0.5913092511665049 0.007105987226672053
52.3710529 0.5913091324848255 0.007105986778990808
52.4210529 0.5913090155213946 0.007105986337791095
52.4710529 0.5913089002541847 0.007105985902989822
52.5210529 0.5913087866614859 0.007105985474505091
52.57105290000001 0.5913086747219014 0.007105985052256187
52.6210529 0.5913085644143435 0.00710598463616356
52.6710529 0.5913084557180295 0.007105984226148814
52.7210529 0.5913083486124776 0.007105983822134683
52.7710529 0.5913082430775032 0.007105983424045026
52.82105290000001 0.5913081390932148 0.007105983031804807
52.8710529 0.5913080366400103 0.00710598264534008
52.9210529 0.5913079356985732 0.00710598226457798
52.9710529 0.5913078362498686 0.007105981889446698
53.0210529 0.59130773827514 0.007105981519875484
53.07105290000001 0.5913076417559056 0.007105981155794617
53.1210529 0.591307546673954 0.007105980797135398
53.1710529 0.591307453011342 0.007105980443830141
53.2210529 0.5913073607503901 0.007105980095812156
53.2710529 0.5913072698736794 0.007105979753015733
53.32105290000001 0.5913071803640484 0.007105979415376135
53.3710529 0.5913070922045893 0.00710597908282958
53.4210529 0.5913070053786454 0.007105978755313235
53.4710529 0.5913069198698073 0.007105978432765202
53.5210529 0.5913068356619098 0.007105978115124498
53.57105290000001 0.5913067527390291 0.007105977802331058
53.6210529 0.5913066710854795 0.00710597749432571
53.6710529 0.5913065906858104 0.00710597719105017
53.7210529 0.5913065115248033 0.007105976892447031
53.7710529 0.5913064335874689 0.00710597659845975
53.82105290000001 0.5913063568590444 0.00710597630903264
53.8710529 0.5913062813249902 0.00710597602411085
53.9210529 0.5913062069709875 0.007105975743640369
53.9710529 0.5913061337829352 0.007105975467568005
54.0210529 0.5913060617469477 0.007105975195841376
54.07105290000001 0.5913059908493515 0.007105974928408905
54.1210529 0.5913059210766834 0.007105974665219802
54.1710529 0.591305852415687 0.007105974406224066
54.2210529 0.5913057848533108 0.007105974151372461
54.2710529 0.5913057183767052 0.007105973900616516
54.32105290000001 0.5913056529732208 0.007105973653908514
54.3710529 0.5913055886304048 0.007105973411201482
54.4210529 0.5913055253359997 0.00710597317244918
54.4710529 0.5913054630779401 0.007105972937606097
54.5210529 0.591305401844351 0.007105972706627437
54.57105290000001 0.5913053416235449 0.007105972479469112
54.6210529 0.5913052824040199 0.007105972256087736
54.6710529 0.5913052241744577 0.007105972036440611
54.7210529 0.5913051669237207 0.007105971820485728
54.7710529 0.5913051106408505 0.007105971608181747
54.82105290000001 0.5913050553150654 0.007105971399487997
54.8710529 0.5913050009357584 0.007105971194364468
54.9210529 0.5913049474924954 0.0071059709927718
54.9710529 0.5913048949750127 0.007105970794671275
55.0210529 0.5913048433732152 0.007105970600024815
55.07105290000001 0.5913047926771747 0.007105970408794966
55.1210529 0.5913047428771275 0.007105970220944901
55.1710529 0.591304693963473 0.007105970036438401
55.2210529 0.5913046459267711 0.007105969855239858
55.2710529 0.5913045987577414 0.007105969677314266
55.32105290000001 0.5913045524472604 0.007105969502627207
55.3710529 0.5913045069863603 0.007105969331144855
55.4210529 0.5913044623662269 0.007105969162833959
55.4710529 0.5913044185781983 0.007105968997661845
55.5210529 0.5913043756137628 0.007105968835596409
55.57105290000001 0.5913043334645574 0.0071059686766061
55.6210529 0.591304292122366 0.007105968520659928
55.6710529 0.5913042515791181 0.007105968367727448
55.7210529 0.591304211826887 0.007105968217778762
55.7710529 0.5913041728578883 0.007105968070784502
55.82105290000001 0.5913041346644782 0.007105967926715836
55.8710529 0.5913040972391522 0.007105967785544458
55.9210529 0.5913040605745438 0.007105967647242577
55.9710529 0.5913040246634222 0.007105967511782919
56.0210529 0.5913039894986923 0.007105967379138721
56.07105290000001 0.5913039550733918 0.007105967249283718
56.1210529 0.5913039213806908 0.007105967122192146
56.1710529 0.5913038884138898 0.007105966997838736
56.2210529 0.591303856166419 0.007105966876198705
56.2710529 0.5913038246318367 0.007105966757247752
56.32105290000001 0.5913037938038278 0.007105966640962059
56.3710529 0.5913037636762027 0.007105966527318274
56.4210529 0.5913037342428963 0.007105966416293521
56.4710529 0.5913037054979664 0.007105966307865384
56.5210529 0.5913036774355929 0.007105966202011909
56.57105290000001 0.5913036500500762 0.007105966098711597
56.6210529 0.5913036233358363 0.007105965997943399
56.6710529 0.5913035972874118 0.007105965899686713
56.7210529 0.5913035718994583 0.00710596580392138
56.7710529 0.5913035471667479 0.007105965710627679
56.82105290000001 0.591303523084168 0.007105965619786324
56.8710529 0.5913034996467198 0.007105965531378461
56.9210529 0.5913034768495179 0.007105965445385659
56.9710529 0.5913034546877888 0.007105965361789915
57.0210529 0.5913034331568702 0.007105965280573638
57.07105290000001 0.5913034122522101 0.007105965201719659
57.1210529 0.5913033919693655 0.00710596512521122
57.1710529 0.5913033723040021 0.007105965051031969
57.2210529 0.5913033532518926 0.007105964979165962
57.2710529 0.5913033348089165 0.007105964909597655
57.32105290000001 0.5913033169710588 0.007105964842311902
57.3710529 0.5913032997344092 0.007105964777293955
57.4210529 0.5913032830951619 0.007105964714529455
57.4710529 0.5913032670496138 0.007105964654004436
57.5210529 0.5913032515941644 0.007105964595705316
57.57105290000001 0.5913032367253148 0.007105964539618897
57.6210529 0.591303222439667 0.007105964485732358
57.6710529 0.5913032087339232 0.007105964434033264
57.7210529 0.5913031956048848 0.007105964384509547
57.7710529 0.5913031830494522 0.007105964337149514
57.82105290000001 0.5913031710646238 0.007105964291941846
57.8710529 0.5913031596474952 0.007105964248875583
57.9210529 0.5913031487952589 0.007105964207940138
57.9710529 0.5913031385052037 0.007105964169125282
58.0210529 0.5913031287747134 0.007105964132421148
58.07105290000001 0.591303119601267 0.007105964097818225
58.1210529 0.591303110982438 0.007105964065307361
58.1710529 0.5913031029158935 0.007105964034879756
58.2210529 0.5913030953993936 0.007105964006526961
58.2710529 0.5913030884307915 0.007105963980240876
58.32105290000001 0.5913030820080324 0.007105963956013753
58.3710529 0.5913030761291529 0.007105963933838183
58.4210529 0.5913030707922813 0.007105963913707108
58.4710529 0.5913030659956362 0.007105963895613809
58.5210529 0.5913030617375268 0.007105963879551905
58.57105290000001 0.5913030580163519 0.007105963865515357
58.6210529 0.5913030548305999 0.007105963853498464
58.6710529 0.5913030521788482 0.007105963843495862
58.7210529 0.5913030500597627 0.007105963835502515
58.7710529 0.5913030484720978 0.007105963829513725
58.82105290000001 0.5913030474146957 0.007105963825525126
58.8710529 0.5913030468864863 0.007105963823532681
58.9210529 0.5913030468864863 0.007105963823532681
