9.9736843 5.214144700705154 0.5536152348507465
10.0236843 5.050692137051866 0.4701391894220716
10.0736843 4.899219408308168 0.4040629103922931
10.1236843 4.758132676591075 0.3509002368943007
10.1736843 4.626141755347084 0.3075178956558803
10.2236843 4.502187317282885 0.2716748156751722
10.2736843 4.385388684344866 0.2417343787358918
10.3236843 4.275005592470021 0.2164792622121347
10.3736843 4.170409671783326 0.1949891390323887
10.4236843 4.071062823722914 0.1765580008230739
10.4736843 3.976500586231656 0.1606370977286883
10.5236843 3.886319167174255 0.1467948184593922
10.5736843 3.800165216267027 0.1346880032730167
10.6236843 3.717727669518145 0.1240411165187582
10.6736843 3.638731181749067 0.114630913530259
10.7236843 3.562930789899519 0.1062750076712078
10.7736843 3.490107540205115 0.09882324503252184
10.8236843 3.420064877507524 0.09215112659342606
10.8736843 3.352625642557957 0.08615474140791436
10.9236843 3.287629558359926 0.08074682732197699
10.9736843 3.22493111289431 0.0758536817430948
11.0236843 3.164397765426938 0.07141271943024914
11.0736843 3.105908418737407 0.06737052718590902
11.1236843 3.049352111252662 0.06368130336589241
11.1736843 2.994626892101425 0.06030559775218499
11.2236843 2.941638849167172 0.05720928760369563
11.2736843 2.890301265778906 0.05436274070945209
11.3236843 2.840533886089578 0.05174012748059948
11.3736843 2.79226227271304 0.04931885256192595
11.4236843 2.745417243018481 0.04707908285331874
11.4736843 2.699934372766414 0.04500335373276478
11.5236843 2.655753557626709 0.04307623904649788
11.5736843 2.612818624635531 0.04128407335720946
11.6236843 2.571076986892656 0.03961471722303283
11.6736843 2.530479335827289 0.03805735807052964
11.7236843 2.490979366211 0.03660234063795464
11.7736843 2.452533529804255 0.03524102208630759
11.8236843 2.415100814114383 0.0339656477699912
11.8736843 2.378642543239038 0.03276924437575603
11.9236843 2.343122198186946 0.03164552771596675
11.9736843 2.308505254420902 0.03058882292934088
12.0236843 2.274759034667424 0.02959399522188379
12.0736843 2.241852575292304 0.0286563895904756
12.1236843 2.209756504758858 0.02777177822532034
12.1736843 2.178442932871934 0.02693631449616549
12.2236843 2.147885349670757 0.02614649259948112
12.2736843 2.118058532971469 0.02539911208651129
12.3236843 2.08893846367926 0.02469124661075881
12.3736843 2.060502248093019 0.0240202163324223
12.4236843 2.032728046514954 0.02338356350010684
12.4736843 2.005595007555482 0.02277903079962577
12.5236843 1.979083207591639 0.02220454211821426
12.5736843 1.953173594896685 0.02165818542186675
12.6236843 1.927847938010622 0.02113819748532414
12.6736843 1.903088777967107 0.02064295024973152
12.7236843 1.878879384032462 0.02017093861319722
12.7736843 1.855203712647993 0.0197207694852593
12.8236843 1.832046369298197 0.01929115195831314
12.8736843 1.809392573055203 0.01888088846795542
12.9236843 1.78722812357441 0.01848886683044343
12.9736843 1.765539370338196 0.01811405305945775
13.0236843 1.744313183964034 0.01775548487643127
13.0736843 1.723536929410716 0.01741226583915086
13.1236843 1.70319844093191 0.01708356002238977
13.1736843 1.683285998640156 0.0167685871921896
13.2236843 1.663788306556803 0.01646661842224992
13.2736843 1.644694472034591 0.0161769721068462
13.3236843 1.62599398644956 0.01589901032990376
13.3736843 1.607676707068026 0.01563213555441108
13.4236843 1.589732840002449 0.0153757876003485
13.4736843 1.572152924177396 0.01512944088281323
13.5236843 1.554927816233389 0.01489260188510401
13.5736843 1.538048676302447 0.01466480684424311
13.6236843 1.521506954594559 0.01444561962880804
13.6736843 1.505294378739235 0.01423462979106094
13.7236843 1.489402941830771 0.01403145077723542
13.7736843 1.473824891129922 0.01383571828149909
13.8236843 1.458552717378389 0.01364708873058208
13.8736843 1.443579144685872 0.01346523788736896
13.9236843 1.428897120952549 0.01328985956291576
13.9736843 1.414499808792631 0.01312066442738983
14.0236843 1.400380576927216 0.0129573789113554
14.0736843 1.386532992017011 0.01279974418965384
14.1236843 1.372950810907648 0.01264751524086607
14.1736843 1.3596279732623 0.01250045997600637
14.2236843 1.346558594558088 0.01235835843068981
14.2736843 1.33373695942447 0.01222100201554765
14.3236843 1.321157515303304 0.01208819282014337
14.3736843 1.308814866411699 0.01195974296607229
14.4236843 1.296703767990053 0.01183547400531493
14.4736843 1.284819120818893 0.01171521636026361
14.5236843 1.273155965989211 0.01159880880215691
14.5736843 1.261709479912024 0.01148609796494129
14.6236843 1.250474969553822 0.01137693789183652
14.6736843 1.239447867885432 0.01127118961211465
14.7236843 1.228623729532657 0.01116872074581326
14.7736843 1.217998226617753 0.01106940513429526
14.8236843 1.207567144781544 0.01097312249474116
14.8736843 1.197326379376582 0.01087975809681757
14.9236843 1.187271931822375 0.01078920245990955
14.9736843 1.17739990611426 0.01070135106943452
15.0236843 1.167706505477988 0.01061610411087502
15.0736843 1.158188029162607 0.01053336622027579
15.1236843 1.148840869364636 0.0104530462500497
15.1736843 1.139661508276971 0.01037505704902749
15.2236843 1.130646515256313 0.01029931525576893
15.2736843 1.121792544103324 0.01022574110422857
15.3236843 1.113096330449985 0.0101542582409383
15.3736843 1.104554689249014 0.01008479355293262
15.4236843 1.096164512360442 0.01001727700570015
15.4736843 1.087922766230748 0.009951641490498733
15.5236843 1.07982648966021 0.009887822680419926
15.5736843 1.071872791654356 0.009825758894633959
15.6236843 1.064058849355641 0.009765390970287412
15.6736843 1.056381906051671 0.009706662141563911
15.7236843 1.048839269256511 0.009649517925453172
15.7736843 1.041428308861787 0.009593906013805938
15.8236843 1.034146455354466 0.009539776171282075
15.8736843 1.026991198098372 0.009487080138826548
15.9236843 1.019960083676644 0.009435771542333283
15.9736843 1.013050714292487 0.009385805806180307
16.0236843 1.006260746225696 0.009337140071341118
16.0736843 0.9995878883425805 0.009289733117797305
16.1236843 0.9930299006570196 0.009243545290995851
16.1736843 0.9865845929404948 0.009198538432111672
16.2236843 0.9802498233790636 0.009154675811891848
16.2736843 0.9740234972753274 0.009111922067872633
16.3236843 0.9679035657935493 0.009070243144774021
16.3736843 0.9618880247461639 0.009029606237889263
16.4236843 0.9559749134200074 0.008989979739298465
16.4736843 0.9501623134406766 0.008951333186746338
16.5236843 0.9444483476734996 0.008913637215034281
16.5736843 0.9388311791596751 0.008876863509786417
16.6236843 0.9333090100862015 0.008840984763458013
16.6736843 0.9278800807882857 0.008805974633462799
16.7236843 0.9225426687829763 0.008771807702303394
16.7736843 0.9172950878328299 0.00873845943959612
16.8236843 0.9121356870384661 0.008705906165888027
16.8736843 0.9070628499589262 0.008674125018170217
16.9236843 0.9020749937587922 0.008643093916997245
16.9736843 0.8971705683810753 0.00861279153512776
17.0236843 0.8923480557449212 0.008583197267606583
17.0736843 0.8876059689672255 0.008554291203213094
17.1236843 0.8829428516072917 0.00852605409720518
17.1736843 0.8783572769336973 0.008498467345292129
17.2236843 0.873847847212577 0.008471512958773679
17.2736843 0.869413193016558 0.00844517354078597
17.3236843 0.8650519725536202 0.008419432263598632
17.3736843 0.8607628710151821 0.008394272846910262
17.4236843 0.8565445999427437 0.008369679537092641
17.4736843 0.8523958966124435 0.008345637087336646
17.5236843 0.848315523436917 0.008322130738655616
17.5736843 0.8443022673838633 0.008299146201704164
17.6236843 0.840354939410758 0.008276669639372899
17.6736843 0.8364723739151652 0.008254687650121563
17.7236843 0.8326534282001302 0.008233187252015165
17.7736843 0.8288969819541514 0.008212155867429568
17.8236843 0.8252019367452503 0.008191581308394808
17.8736843 0.8215672155286785 0.008171451762546075
17.9236843 0.8179917621678172 0.008151755779653894
17.9736843 0.8144745409678432 0.008132482258706547
18.0236843 0.8110145362217511 0.008113620435519109
18.0736843 0.8076107517683372 0.00809515987084492
18.1236843 0.8042622105617653 0.008077090438966466
18.1736843 0.8009679542523506 0.008059402316743824
18.2236843 0.7977270427782084 0.008042085973100015
18.2736843 0.7945385539674317 0.008025132158923556
18.3236843 0.7914015831504694 0.008008531897369569
18.3736843 0.7883152427823938 0.007992276474541694
18.4236843 0.7852786620747538 0.007976357430537963
18.4736843 0.7822909866367226 0.007960766550844595
18.5236843 0.77935137812526 0.0079454958580625
18.5736843 0.7764590139040178 0.007930537603951982
18.6236843 0.7736130867107287 0.007915884261781882
18.6736843 0.7708128043328248 0.007901528518970023
18.7236843 0.7680573892910456 0.007887463270002464
18.7736843 0.7653460785307993 0.007873681609619721
18.8236843 0.7626781231210518 0.007860176826258563
18.8736843 0.7600527879605257 0.007846942395738658
18.9236843 0.7574693514909977 0.007833971975183748
18.9736843 0.7549271054174915 0.007821259397167579
19.0236843 0.7524253544351697 0.007808798664075236
19.0736843 0.7499634159627334 0.00779658394267097
19.1236843 0.7475406198821485 0.007784609558864027
19.1736843 0.7451563082845181 0.007772869992664365
19.2236843 0.7428098352219322 0.007761359873320525
19.2736843 0.740500566465128 0.007750073974632265
19.3236843 0.7382278792667988 0.007739007210430911
19.3736843 0.7359911621303993 0.007728154630220662
19.4236843 0.7337898145842947 0.007717511414974475
19.4736843 0.7316232469611094 0.007707072873078287
19.5236843 0.7294908801821344 0.007696834436417796
19.5736843 0.7273921455466579 0.007686791656602115
19.6236843 0.7253264845260866 0.007676940201318942
19.6736843 0.7232933485627301 0.007667275850816144
19.7236843 0.7212921988731252 0.007657794494504784
19.7736843 0.7193225062557808 0.007648492127678931
19.8236843 0.7173837509032256 0.007639364848347735
19.8736843 0.7154754222182483 0.007630408854175475
19.9236843 0.7135970186342203 0.007621620439525432
19.9736843 0.7117480474393948 0.007612995992603655
20.0236843 0.7099280246050811 0.007604531992698847
20.0736843 0.7081364746175935 0.007596225007514718
20.1236843 0.7063729303138798 0.007588071690591364
20.1736843 0.7046369327207342 0.007580068778812323
20.2236843 0.7029280308975062 0.007572213089994142
20.2736843 0.7012457817822154 0.007564501520555359
20.3236843 0.6995897500409881 0.007556931043262019
20.3736843 0.6979595079207327 0.007549498705046868
20.4236843 0.6963546351049724 0.007542201624899545
20.4736843 0.694774718572759 0.007535036991825195
20.5236843 0.6932193524605901 0.007528002062869001
20.5736843 0.6916881379272571 0.007521094161204251
20.6236843 0.6901806830215522 0.007514310674281672
20.6736843 0.6886966025527643 0.007507649052037816
20.7236843 0.6872355179638976 0.007501106805160388
20.7736843 0.6857970572075457 0.007494681503408504
20.8236843 0.6843808546243589 0.007488370773985913
20.8736843 0.6829865508240411 0.007482172299965329
20.9236843 0.6816137925688174 0.007476083818762073
20.9736843 0.6802622326593127 0.007470103120655283
21.0236843 0.6789315298227859 0.007464228047355052
21.0736843 0.6776213486036616 0.007458456490613882
21.1236843 0.6763313592563084 0.007452786390880932
21.1736843 0.675061237640009 0.007447215735997573
21.2236843 0.6738106651160726 0.00744174255993283
21.2736843 0.6725793284470384 0.007436364941557358
21.3236843 0.6713669196979241 0.007431081003454621
21.3736843 0.6701731361394696 0.007425888910768021
21.4236843 0.6689976801533327 0.007420786870082752
21.4736843 0.6678402591391905 0.007415773128341219
21.5236843 0.6667005854237039 0.00741084597179087
21.5736843 0.665578376171302 0.007406003724963386
21.6236843 0.6644733532967473 0.00740124474968416
21.6736843 0.663385243379439 0.007396567444111064
21.7236843 0.662313777579418 0.007391970241801542
21.7736843 0.661258691555032 0.007387451610807071
21.8236843 0.6602197253822285 0.007383010052794124
21.8736843 0.6591966234754347 0.007378644102190727
21.9236843 0.6581891345099927 0.007374352325357811
21.9736843 0.6571970113461139 0.007370133319784529
22.0236843 0.6562200109543187 0.007365985713306754
22.0736843 0.6552578943423322 0.007361908163348043
22.1236843 0.6543104264833988 0.007357899356182298
22.1736843 0.6533773762459897 0.007353958006217472
22.2236843 0.6524585163248704 0.007350082855299607
22.2736843 0.6515536231734993 0.007346272672036584
22.3236843 0.6506624769377291 0.007342526251140946
22.3736843 0.6497848613907821 0.007338842412791194
22.4236843 0.6489205638694734 0.007335220002010967
22.4736843 0.6480693752116538 0.007331657888065552
22.5236843 0.6472310896948473 0.007328154963875178
22.5736843 0.6464055049760585 0.007324710145444563
22.6236843 0.6455924220327228 0.007321322371308218
22.6736843 0.6447916451047777 0.007317990601991016
22.7236843 0.6440029816378302 0.007314713819483541
22.7736843 0.643226242227398 0.007311491026731792
22.8236843 0.6424612405642011 0.00730832124714076
22.8736843 0.641707793380483 0.007305203524091492
22.9236843 0.6409657203973391 0.007302136920471206
22.9736843 0.6402348442730318 0.007299120518216064
23.0236843 0.6395149905522718 0.007296153417866227
23.0736843 0.6388059876164457 0.00729323473813282
23.1236843 0.6381076666347701 0.007290363615476431
23.1736843 0.6374198615163544 0.007287539203696824
23.2236843 0.6367424088631507 0.007284760673533512
23.2736843 0.6360751479237765 0.007282027212276875
23.3236843 0.6354179205481899 0.007279338023389493
23.3736843 0.6347705711432005 0.007276692326137433
23.4236843 0.634132946628799 0.007274089355231123
23.4736843 0.63350489639529 0.007271528360475625
23.5236843 0.6328862722612092 0.007269008606429937
23.5736843 0.6322769284320131 0.007266529372075134
23.6236843 0.6316767214595216 0.007264089950491045
23.6736843 0.6310855102021011 0.007261689648541234
23.7236843 0.6305031557855728 0.007259327786566047
23.7736843 0.6299295215648306 0.007257003698083489
23.8236843 0.6293644730861565 0.007254716729497699
23.8736843 0.6288078780502172 0.007252466239814814
23.9236843 0.6282596062757307 0.007250251600366008
23.9736843 0.6277195296637885 0.007248072194537501
24.0236843 0.6271875221628203 0.007245927417507333
24.0736843 0.6266634597341891 0.007243816675988724
24.1236843 0.6261472203184049 0.007241739387979833
24.1736843 0.6256386838019423 0.007239694982519709
24.2236843 0.6251377319846548 0.007237682899450309
24.2736843 0.624644248547769 0.007235702589184365
24.3236843 0.6241581190224511 0.007233753512478966
24.3736843 0.6236792307589334 0.007231835140214691
24.4236843 0.6232074728961893 0.007229946953180125
24.4736843 0.6227427363321477 0.007228088441861627
24.5236843 0.6222849136944349 0.007226259106238202
24.5736843 0.6218338993116347 0.007224458455581322
24.6236843 0.6213895891850564 0.007222686008259584
24.6736843 0.620951880961002 0.007220941291548049
24.7236843 0.6205206739035206 0.007219223841442158
24.7736843 0.6200958688676442 0.007217533202476071
24.8236843 0.6196773682730923 0.007215868927545358
24.8736843 0.6192650760784384 0.007214230577733852
24.9236843 0.6188588977557297 0.007212617722144641
24.9736843 0.61845874026555 0.007211029937735
25.0236843 0.6180645120325193 0.007209466809155225
25.0736843 0.6176761229212201 0.007207927928591233
25.1236843 0.6172934842125432 0.007206412895610827
25.1736843 0.6169165085804454 0.007204921317013548
25.2236843 0.6165451100691119 0.007203452806684
25.2736843 0.6161792040705127 0.007202006985448569
25.3236843 0.6158187073023502 0.007200583480935434
25.3736843 0.615463537786387 0.007199181927437806
25.4236843 0.615113614827149 0.007197801965780288
25.4736843 0.6147688589909963 0.007196443243188282
25.5236843 0.6144291920855539 0.007195105413160381
25.5736843 0.6140945371394974 0.007193788135343634
25.6236843 0.6137648183826856 0.007192491075411649
25.6736843 0.6134399612266349 0.007191213904945429
25.7236843 0.6131198922453281 0.007189956301316896
25.7736843 0.6128045391563521 0.007188717947575014
25.8236843 0.6124938308023581 0.007187498532334457
25.8736843 0.612187697132839 0.007186297749666764
25.9236843 0.6118860691862171 0.007185115298993889
25.9736843 0.6115888790722378 0.007183950884984131
26.0236843 0.6112960599546624 0.00718280421745033
26.0736843 0.6110075460342559 0.007181675011250332
26.1236843 0.6107232725320627 0.007180562986189607
26.1736843 0.6104431756729672 0.007179467866926015
26.2236843 0.6101671926695321 0.007178389382876641
26.2736843 0.6098952617061104 0.007177327268126644
26.3236843 0.6096273219232262 0.007176281261340097
26.3736843 0.6093633134022189 0.007175251105672736
26.4236843 0.6091031771501469 0.007174236548686602
26.4736843 0.6088468550849448 0.007173237342266495
26.5236843 0.6085942900208313 0.007172253242538241
26.5736843 0.6083454256539618 0.007171284009788679
26.6236843 0.608100206548322 0.007170329408387369
26.6736843 0.6078585781218584 0.007169389206709943
26.7236843 0.607620486632841 0.007168463177063098
26.7736843 0.6073858791664536 0.007167551095611147
26.8236843 0.6071547036216097 0.007166652742304136
26.8736843 0.6069269086979876 0.007165767900807451
26.9236843 0.6067024438832814 0.007164896358432911
26.9736843 0.6064812594406659 0.007164037906071282
27.0236843 0.6062633063964689 0.007163192338126215
27.0736843 0.6060485365280489 0.007162359452449528
27.1236843 0.6058369023518748 0.007161539050277844
27.1736843 0.6056283571118026 0.007160730936170531
27.2236843 0.6054228547675471 0.007159934917948912
27.2736843 0.605220349983344 0.007159150806636729
27.3236843 0.6050207981168003 0.007158378416401818
27.3736843 0.6048241552079285 0.007157617564498972
27.4236843 0.6046303779683625 0.007156868071213973
27.4736843 0.6044394237707501 0.007156129759808752
27.5236843 0.6042512506383223 0.007155402456467659
27.5736843 0.6040658172346329 0.007154685990244813
27.6236843 0.6038830828534677 0.007153980193012525
27.6736843 0.6037030074089187 0.007153284899410731
27.7236843 0.6035255514256223 0.007152599946797461
27.7736843 0.6033506760291572 0.00715192517520028
27.8236843 0.6031783429365994 0.007151260427268699
27.8736843 0.6030085144472329 0.007150605548227537
27.9236843 0.6028411534334108 0.007149960385831194
27.9736843 0.6026762233315673 0.007149324790318835
28.0236843 0.6025136881333757 0.007148698614370457
28.0736843 0.6023535123770506 0.007148081713063809
28.1236843 0.6021956611387926 0.007147473943832171
28.1736843 0.6020401000243718 0.007146875166422944
28.2236843 0.6018867951608481 0.00714628524285705
28.2736843 0.6017357131884268 0.007145704037389133
28.3236843 0.6015868212524458 0.00714513141646851
28.3736843 0.6014400869954938 0.0071445672487009
28.4236843 0.6012954785496553 0.007144011404810876
28.4736843 0.6011529645288815 0.00714346375760504
28.5236843 0.6010125140214857 0.007142924181935916
28.5736843 0.6008740965827589 0.007142392554666527
28.6236843 0.6007376822277054 0.007141868754635645
28.6736843 0.6006032414238954 0.007141352662623709
28.7236843 0.6004707450844335 0.007140844161319396
28.7736843 0.6003401645610398 0.007140343135286806
28.8236843 0.6002114716372431 0.007139849470933298
28.8736843 0.6000846385216839 0.007139363056477903
28.9236843 0.5999596378415241 0.007138883781920355
28.9736843 0.5998364426359634 0.007138411539010684
29.0236843 0.5997150263498602 0.007137946221219405
29.0736843 0.599595362827454 0.007137487723708233
29.1236843 0.5994774263061887 0.007137035943301373
29.17368430000001 0.5993611914106357 0.007136590778457323
29.2236843 0.5992466331465128 0.007136152129241212
29.2736843 0.5991337268948006 0.007135719897297655
29.3236843 0.5990224484059511 0.007135293985824094
29.3736843 0.5989127737941905 0.007134874299544648
29.42368430000001 0.5988046795319117 0.007134460744684431
29.4736843 0.5986981424441574 0.007134053228944352
29.5236843 0.5985931397031898 0.007133651661476369
29.5736843 0.5984896488231479 0.007133255952859202
29.6236843 0.5983876476547894 0.007132866015074486
29.67368430000001 0.5982871143803163 0.007132481761483359
29.7236843 0.598188027508283 0.007132103106803473
29.7736843 0.5980903658685847 0.007131729967086428
29.8236843 0.5979941086075257 0.007131362259695611
29.8736843 0.5978992351829662 0.007130999903284429
29.92368430000001 0.5978057253595453 0.007130642817774947
29.9736843 0.5977135592039809 0.007130290924336904
30.0236843 0.5976227170804423 0.007129944145367098
30.0736843 0.5975331796459975 0.007129602404469157
30.1236843 0.5974449278461315 0.007129265626433657
30.17368430000001 0.5973579429103361 0.007128933737218601
30.2236843 0.5972722063477688 0.007128606663930245
30.2736843 0.5971876999429805 0.007128284334804268
30.3236843 0.5971044057517104 0.007127966679187267
30.3736843 0.5970223060967471 0.007127653627518589
30.42368430000001 0.5969413835638551 0.007127345111312482
30.4736843 0.5968616209977649 0.007127041063140556
30.5236843 0.5967830014982271 0.007126741416614558
30.5736843 0.5967055084161275 0.007126446106369448
30.6236843 0.5966291253496635 0.007126155068046769
30.67368430000001 0.5965538361405812 0.007125868238278317
30.7236843 0.5964796248704702 0.007125585554670083
30.7736843 0.596406475857118 0.007125306955786485
30.8236843 0.5963343736509202 0.007125032381134879
30.8736843 0.5962633030313474 0.007124761771150317
30.92368430000001 0.5961932490034679 0.007124495067180599
30.9736843 0.596124196794524 0.007124232211471565
31.0236843 0.5960561318505621 0.007123973147152642
31.0736843 0.5959890398331151 0.007123717818222648
31.1236843 0.5959229066159377 0.007123466169535837
31.17368430000001 0.5958577182817912 0.007123218146788181
31.2236843 0.5957934611192792 0.007122973696503896
31.2736843 0.5957301216197325 0.007122732766022189
31.3236843 0.5956676864741423 0.007122495303484237
31.3736843 0.5956061425701417 0.00712226125782039
31.42368430000001 0.5955454769890333 0.007122030578737588
31.4736843 0.5954856770028636 0.007121803216706996
31.5236843 0.5954267300715429 0.007121579122951844
31.5736843 0.5953686238400093 0.007121358249435485
31.6236843 0.5953113461354375 0.00712114054884964
31.67368430000001 0.5952548849644902 0.007120925974602853
31.7236843 0.5951992285106126 0.007120714480809136
31.7736843 0.5951443651313687 0.007120506022276809
31.8236843 0.5950902833558187 0.007120300554497526
31.8736843 0.5950369718819368 0.007120098033635485
31.92368430000001 0.5949844195740697 0.007119898416516817
31.9736843 0.5949326154604333 0.007119701660619162
32.0236843 0.5948815487306494 0.007119507724061409
32.0736843 0.5948312087333189 0.007119316565593613
32.1236843 0.5947815849736336 0.007119128144587081
32.17368430000001 0.5947326671110249 0.007118942421024616
32.2236843 0.5946844449568477 0.007118759355490937
32.2736843 0.5946369084721007 0.007118578909163245
32.3236843 0.5945900477651823 0.007118401043801952
32.3736843 0.5945438530896801 0.00711822572174156
32.42368430000001 0.5944983148421943 0.007118052905881698
32.4736843 0.594453423560196 0.007117882559678302
32.5236843 0.5944091699199172 0.007117714647134937
32.5736843 0.5943655447342729 0.007117549132794268
32.6236843 0.5943225389508167 0.007117385981729674
32.67368430000001 0.5942801436497255 0.007117225159536989
32.7236843 0.5942383500418177 0.007117066632326391
32.7736843 0.5941971494665997 0.007116910366714416
32.8236843 0.5941565333903432 0.007116756329816098
32.8736843 0.5941164934041921 0.007116604489237261
32.92368430000001 0.5940770212222979 0.007116454813066904
32.9736843 0.5940381086799837 0.007116307269869735
33.0236843 0.5939997477319371 0.007116161828678815
33.0736843 0.5939619304504293 0.00711601845898833
33.1236843 0.5939246490235628 0.007115877130746467
33.17368430000001 0.5938878957535446 0.007115737814348427
33.2236843 0.5938516630549873 0.007115600480629522
33.2736843 0.5938159434532342 0.007115465100858415
33.3236843 0.5937807295827118 0.007115331646730445
33.3736843 0.593746014185306 0.007115200090361078
33.42368430000001 0.5937117901087641 0.007115070404279444
33.4736843 0.5936780503051201 0.007114942561422002
33.5236843 0.5936447878291452 0.007114816535126281
33.5736843 0.5936119958368208 0.007114692299124749
33.6236843 0.593579667583835 0.007114569827538753
33.67368430000001 0.5935477964241023 0.00711444909487258
33.7236843 0.5935163758083056 0.007114330076007597
33.7736843 0.5934853992824605 0.007114212746196493
33.8236843 0.5934548604865005 0.007114097081057613
33.8736843 0.5934247531528855 0.007113983056569372
33.92368430000001 0.593395071105229 0.007113870649064776
33.9736843 0.5933658082569488 0.007113759835226018
34.0236843 0.5933369586099356 0.00711365059207916
34.0736843 0.5933085162532437 0.007113542896988904
34.1236843 0.5932804753618 0.007113436727653445
34.17368430000001 0.5932528301951341 0.007113332062099406
34.2236843 0.5932255750961264 0.007113228878676851
34.2736843 0.5931987044897756 0.007113127156054382
34.3236843 0.5931722128819847 0.007113026873214301
34.3736843 0.5931460948583656 0.007112928009447871
34.42368430000001 0.5931203450830611 0.007112830544350628
34.4736843 0.593094958297586 0.007112734457817783
34.5236843 0.5930699293196841 0.00711263973003969
34.5736843 0.5930452530422033 0.007112546341497383
34.6236843 0.5930209244319882 0.007112454272958192
34.67368430000001 0.5929969385287878 0.007112363505471422
34.7236843 0.592973290444181 0.007112274020364092
34.7736843 0.5929499753605183 0.007112185799236763
34.8236843 0.5929269885298782 0.007112098823959404
34.8736843 0.5929043252730412 0.007112013076667347
34.92368430000001 0.5928819809784767 0.007111928539757293
34.9736843 0.5928599511013479 0.007111845195883371
35.0236843 0.5928382311625299 0.007111763027953289
35.0736843 0.5928168167476427 0.00711168201912451
35.1236843 0.5927957035060996 0.007111602152800507
35.17368430000001 0.5927748871501685 0.007111523412627081
35.2236843 0.592754363454049 0.007111445782488715
35.2736843 0.5927341282529619 0.007111369246505013
35.3236843 0.592714177442253 0.007111293789027161
35.3736843 0.5926945069765102 0.00711121939463448
35.42368430000001 0.5926751128686939 0.007111146048130998
35.4736843 0.5926559911892807 0.007111073734542101
35.5236843 0.592637138065419 0.007111002439111222
35.5736843 0.5926185496800981 0.007110932147296584
35.6236843 0.5926002222713298 0.007110862844767997
35.67368430000001 0.5925821521313417 0.007110794517403696
35.7236843 0.5925643356057823 0.00711072715128724
35.7736843 0.5925467690929392 0.007110660732704452
35.8236843 0.5925294490429681 0.007110595248140401
35.8736843 0.5925123719571329 0.007110530684276439
35.92368430000001 0.5924955343870584 0.007110467027987286
35.9736843 0.5924789329339931 0.007110404266338145
36.0236843 0.5924625642480833 0.007110342386581878
36.0736843 0.5924464250276582 0.007110281376156216
36.1236843 0.5924305120185257 0.007110221222681012
36.17368430000001 0.5924148220132782 0.007110161913955541
36.2236843 0.5923993518506092 0.00711010343795584
36.2736843 0.59238409841464 0.00711004578283208
36.3236843 0.5923690586342564 0.007109988936905995
36.3736843 0.5923542294824552 0.007109932888668335
36.42368430000001 0.5923396079757003 0.007109877626776364
36.4736843 0.5923251911732887 0.007109823140051398
36.5236843 0.5923109761767262 0.007109769417476376
36.5736843 0.592296960129111 0.007109716448193476
36.6236843 0.5922831402145281 0.007109664221501753
36.67368430000001 0.5922695136574516 0.00710961272685483
36.7236843 0.5922560777221568 0.007109561953858611
36.7736843 0.5922428297121403 0.007109511892269041
36.8236843 0.5922297669695481 0.00710946253198988
36.8736843 0.5922168868746144 0.007109413863070537
36.92368430000001 0.592204186845106 0.007109365875703915
36.9736843 0.5921916643357771 0.0071093185602243
37.0236843 0.5921793168378308 0.007109271907105282
37.0736843 0.5921671418783894 0.007109225906957698
37.1236843 0.5921551370199722 0.007109180550527622
37.17368430000001 0.5921432998599809 0.007109135828694367
37.2236843 0.5921316280301928 0.007109091732468534
37.2736843 0.5921201191962616 0.007109048252990077
37.3236843 0.5921087710572254 0.007109005381526408
37.3736843 0.592097581345022 0.007108963109470522
37.42368430000001 0.5920865478240114 0.00710892142833916
37.4736843 0.5920756682905054 0.007108880329770987
37.5236843 0.5920649405723039 0.007108839805524805
37.5736843 0.5920543625282386 0.0071087998474778
37.6236843 0.5920439320477228 0.0071087604476238
37.67368430000001 0.592033647050308 0.007108721598071566
37.7236843 0.5920235054852476 0.007108683291043115
37.7736843 0.5920135053310661 0.00710864551887206
37.8236843 0.5920036445951355 0.007108608274001977
37.8736843 0.5919939213132575 0.007108571548984798
37.92368430000001 0.5919843335492516 0.007108535336479227
37.9736843 0.5919748793945502 0.007108499629249181
38.0236843 0.5919655569677986 0.007108464420162252
38.0736843 0.5919563644144615 0.007108429702188193
38.1236843 0.5919472999064352 0.007108395468397428
38.17368430000001 0.5919383616416654 0.007108361711959586
38.2236843 0.5919295478437704 0.007108328426142046
38.2736843 0.5919208567616708 0.007108295604308523
38.3236843 0.5919122866692232 0.007108263239917656
38.3736843 0.5919038358648605 0.007108231326521629
38.42368430000001 0.5918955026712367 0.007108199857764805
38.4736843 0.5918872854348773 0.007108168827382393
38.5236843 0.5918791825258354 0.007108138229199113
38.5736843 0.5918711923373509 0.007108108057127906
38.6236843 0.591863313285517 0.007108078305168641
38.67368430000001 0.5918555438089508 0.007108048967406863
38.7236843 0.5918478823684674 0.007108020038012537
38.7736843 0.591840327446761 0.007107991511238826
38.8236843 0.5918328775480889 0.007107963381420885
38.8736843 0.5918255311979613 0.007107935642974669
38.92368430000001 0.5918182869428348 0.00710790829039576
38.9736843 0.5918111433498107 0.007107881318258211
39.0236843 0.591804099006338 0.007107854721213409
39.0736843 0.5917971525199204 0.007107828493988956
39.1236843 0.5917903025178275 0.007107802631387564
39.17368430000001 0.5917835476468108 0.007107777128285962
39.2236843 0.5917768865728232 0.00710775197963383
39.2736843 0.5917703179807428 0.007107727180452741
39.3236843 0.5917638405741007 0.007107702725835118
39.3736843 0.5917574530748133 0.007107678610943212
39.42368430000001 0.5917511542229178 0.007107654831008093
39.4736843 0.5917449427763118 0.007107631381328648
39.5236843 0.591738817510497 0.007107608257270611
39.5736843 0.5917327772183257 0.00710758545426559
39.6236843 0.5917268207097527 0.007107562967810114
39.67368430000001 0.5917209468115888 0.007107540793464703
39.7236843 0.5917151543672597 0.007107518926852937
39.7736843 0.5917094422365672 0.00710749736366055
39.8236843 0.5917038092954542 0.007107476099634533
39.8736843 0.5916982544357735 0.007107455130582247
39.92368430000001 0.5916927765650594 0.007107434452370557
39.9736843 0.5916873746063029 0.00710741406092497
40.0236843 0.5916820474977307 0.007107393952228796
40.0736843 0.5916767941925862 0.007107374122322306
40.1236843 0.5916716136589147 0.007107354567301924
40.17368430000001 0.5916665048793514 0.007107335283319405
40.2236843 0.5916614668509123 0.00710731626658105
40.2736843 0.5916564985847886 0.007107297513346915
40.3236843 0.5916515991061438 0.007107279019930037
40.3736843 0.5916467674539135 0.007107260782695677
40.42368430000001 0.5916420026806084 0.007107242798060566
40.4736843 0.5916373038521202 0.007107225062492165
40.5236843 0.5916326700475306 0.007107207572507938
40.5736843 0.5916281003589221 0.007107190324674629
40.6236843 0.5916235938911923 0.007107173315607559
40.67368430000001 0.5916191497618715 0.007107156541969931
40.7236843 0.5916147671009409 0.007107140000472137
40.7736843 0.591610445050656 0.007107123687871081
40.8236843 0.5916061827653704 0.007107107600969516
40.8736843 0.5916019794113635 0.007107091736615382
40.92368430000001 0.5915978341666702 0.007107076091701164
40.9736843 0.5915937462209131 0.007107060663163248
41.0236843 0.5915897147751369 0.007107045447981294
41.0736843 0.5915857390416457 0.007107030443177612
41.1236843 0.5915818182438425 0.007107015645816565
41.17368430000001 0.5915779516160706 0.007107001053003948
41.2236843 0.591574138403458 0.007106986661886407
41.2736843 0.5915703778617631 0.007106972469650853
41.3236843 0.5915666692572239 0.007106958473523882
41.3736843 0.5915630118664079 0.007106944670771211
41.42368430000001 0.5915594049760659 0.007106931058697117
41.4736843 0.5915558478829858 0.007106917634643885
41.5236843 0.5915523398938508 0.007106904395991268
41.5736843 0.5915488803250979 0.00710689134015595
41.6236843 0.591545468502779 0.007106878464591015
41.67368430000001 0.5915421037624244 0.007106865766785432
41.7236843 0.5915387854489078 0.007106853244263542
41.7736843 0.591535512916313 0.007106840894584548
41.8236843 0.5915322855278038 0.007106828715342026
41.8736843 0.5915291026554939 0.007106816704163427
41.92368430000001 0.5915259636803203 0.0071068048587096
41.9736843 0.5915228679919179 0.007106793176674307
42.02368430000001 0.5915198149884953 0.007106781655783766
42.0736843 0.5915168040767136 0.007106770293796178
42.1236843 0.5915138346715663 0.007106759088501276
42.17368430000001 0.5915109061962602 0.007106748037719875
42.2236843 0.5915080180821 0.007106737139303429
42.27368430000001 0.591505169768372 0.007106726391133595
42.3236843 0.5915023607022321 0.007106715791121803
42.3736843 0.591499590338593 0.007106705337208832
42.42368430000001 0.5914968581400151 0.007106695027364393
42.4736843 0.591494163576597 0.007106684859586719
42.52368430000001 0.5914915061258694 0.007106674831902153
42.5736843 0.5914888852726896 0.007106664942364754
42.6236843 0.5914863005091374 0.007106655189055905
42.67368430000001 0.5914837513344126 0.007106645570083919
42.7236843 0.5914812372547343 0.007106636083583658
42.77368430000001 0.5914787577832419 0.007106626727716158
42.8236843 0.591476312439896 0.007106617500668255
42.8736843 0.5914739007513825 0.00710660840065222
42.92368430000001 0.5914715222510176 0.007106599425905397
42.9736843 0.5914691764786534 0.007106590574689848
43.02368430000001 0.5914668629805853 0.007106581845292
43.0736843 0.5914645813094613 0.007106573236022306
43.1236843 0.591462331024192 0.007106564745214893
43.17368430000001 0.5914601116898616 0.007106556371227235
43.2236843 0.591457922877641 0.007106548112439824
43.27368430000001 0.5914557641647016 0.007106539967255835
43.3236843 0.5914536351341303 0.007106531934100806
43.3736843 0.5914515353748462 0.007106524011422333
43.42368430000001 0.5914494644815177 0.007106516197689741
43.4736843 0.5914474220544818 0.007106508491393786
43.52368430000001 0.5914454076996635 0.007106500891046353
43.5736843 0.5914434210284973 0.007106493395180148
43.6236843 0.5914414616578492 0.007106486002348413
43.67368430000001 0.5914395292099396 0.007106478711124628
43.7236843 0.5914376233122687 0.007106471520102232
43.77368430000001 0.5914357435975409 0.007106464427894333
43.8236843 0.591433889703592 0.007106457433133435
43.8736843 0.5914320612733167 0.007106450534471162
43.92368430000001 0.5914302579545972 0.007106443730577989
43.9736843 0.5914284794002326 0.007106437020142974
44.02368430000001 0.5914267252678697 0.007106430401873494
44.0736843 0.5914249952199349 0.007106423874494993
44.1236843 0.5914232889235665 0.007106417436750717
44.17368430000001 0.5914216060505488 0.007106411087401473
44.2236843 0.5914199462772459 0.007106404825225373
44.27368430000001 0.5914183092845375 0.007106398649017594
44.3236843 0.5914166947577555 0.007106392557590132
44.3736843 0.5914151023866209 0.007106386549771576
44.42368430000001 0.5914135318651824 0.007106380624406858
44.4736843 0.5914119828917552 0.007106374780357038
44.52368430000001 0.591410455168861 0.007106369016499069
44.5736843 0.5914089484031689 0.00710636333172557
44.6236843 0.5914074623054369 0.00710635772494461
44.67368430000001 0.5914059965904545 0.007106352195079491
44.7236843 0.5914045509769855 0.007106346741068532
44.77368430000001 0.5914031251877133 0.007106341361864854
44.8236843 0.5914017189491844 0.007106336056436179
44.8736843 0.5914003319917549 0.007106330823764617
44.92368430000001 0.5913989640495368 0.007106325662846465
44.9736843 0.5913976148603453 0.007106320572692015
45.02368430000001 0.5913962841656462 0.007106315552325345
45.0736843 0.5913949717105055 0.007106310600784134
45.1236843 0.5913936772435383 0.007106305717119467
45.17368430000001 0.5913924005168589 0.007106300900395645
45.2236843 0.591391141286032 0.007106296149690008
45.27368430000001 0.5913898993100238 0.00710629146409274
45.3236843 0.5913886743511548 0.007106286842706691
45.3736843 0.5913874661750526 0.007106282284647209
45.42368430000001 0.5913862745506049 0.007106277789041951
45.4736843 0.5913850992499146 0.00710627335503072
45.52368430000001 0.5913839400482542 0.00710626898176529
45.5736843 0.5913827967240217 0.007106264668409235
45.6236843 0.5913816690586963 0.007106260414137772
45.67368430000001 0.5913805568367955 0.00710625621813759
45.7236843 0.5913794598458326 0.007106252079606693
45.77368430000001 0.5913783778762748 0.007106247997754235
45.8236843 0.5913773107215011 0.007106243971800374
45.8736843 0.5913762581777626 0.007106240000976112
45.92368430000001 0.5913752200441414 0.007106236084523139
45.9736843 0.5913741961225114 0.007106232221693689
46.02368430000001 0.5913731862174991 0.007106228411750392
46.0736843 0.591372190136445 0.007106224653966127
46.1236843 0.5913712076893658 0.007106220947623877
46.17368430000001 0.5913702386889165 0.007106217292016585
46.2236843 0.5913692829503542 0.007106213686447026
46.27368430000001 0.5913683402915011 0.007106210130227655
46.3236843 0.5913674105327091 0.007106206622680482
46.3736843 0.591366493496824 0.007106203163136933
46.42368430000001 0.5913655890091508 0.007106199750937717
46.4736843 0.5913646968974193 0.007106196385432704
46.52368430000001 0.5913638169917506 0.007106193065980787
46.5736843 0.5913629491246227 0.007106189791949761
46.6236843 0.591362093130839 0.0071061865627162
46.67368430000001 0.5913612488474945 0.007106183377665332
46.7236843 0.5913604161139446 0.007106180236190914
46.77368430000001 0.5913595947717732 0.007106177137695123
46.8236843 0.5913587846647615 0.007106174081588427
46.8736843 0.5913579856388579 0.007106171067289479
46.92368430000001 0.5913571975421471 0.007106168094224997
46.9736843 0.5913564202248206 0.007106165161829648
47.02368430000001 0.5913556535391473 0.007106162269545951
47.0736843 0.5913548973394446 0.007106159416824148
47.1236843 0.5913541514820495 0.007106156603122113
47.17368430000001 0.591353415825291 0.007106153827905237
47.2236843 0.5913526902294618 0.007106151090646323
47.27368430000001 0.5913519745567912 0.007106148390825489
47.3236843 0.5913512686714183 0.007106145727930057
47.3736843 0.5913505724393648 0.007106143101454461
47.42368430000001 0.5913498857285094 0.007106140510900139
47.4736843 0.5913492084085618 0.007106137955775448
47.52368430000001 0.5913485403510367 0.007106135435595552
47.5736843 0.5913478814292296 0.007106132949882341
47.6236843 0.5913472315181909 0.007106130498164328
47.67368430000001 0.5913465904947027 0.007106128079976565
47.7236843 0.5913459582372538 0.007106125694860541
47.77368430000001 0.5913453346260161 0.007106123342364104
47.8236843 0.5913447195428218 0.007106121022041364
47.8736843 0.5913441128711394 0.007106118733452614
47.92368430000001 0.5913435144960517 0.00710611647616423
47.9736843 0.5913429243042331 0.007106114249748607
48.02368430000001 0.5913423421839272 0.007106112053784054
48.0736843 0.5913417680249257 0.007106109887854728
48.1236843 0.5913412017185461 0.007106107751550544
48.17368430000001 0.5913406431576111 0.007106105644467096
48.2236843 0.5913400922364277 0.007106103566205584
48.27368430000001 0.5913395488507658 0.007106101516372727
48.3236843 0.5913390128978391 0.007106099494580694
48.37368430000001 0.5913384842762842 0.007106097500447025
48.42368430000001 0.5913379628861413 0.007106095533594554
48.4736843 0.5913374486288343 0.007106093593651344
48.52368430000001 0.5913369414071521 0.007106091680250603
48.5736843 0.5913364411252294 0.007106089793030624
48.62368430000001 0.591335947688528 0.007106087931634703
48.67368430000001 0.5913354610038188 0.007106086095711081
48.7236843 0.5913349809791633 0.007106084284912868
48.77368430000001 0.5913345075238956 0.007106082498897977
48.8236843 0.5913340405486053 0.00710608073732906
48.87368430000001 0.5913335799651197 0.007106078999873438
48.92368430000001 0.5913331256864869 0.007106077286203042
48.9736843 0.5913326776269585 0.007106075595994342
49.02368430000001 0.5913322357019737 0.007106073928928294
49.0736843 0.5913317998281421 0.007106072284690266
49.12368430000001 0.591331369923228 0.007106070662969987
49.17368430000001 0.5913309459061343 0.007106069063461484
49.2236843 0.5913305276968868 0.007106067485863015
49.27368430000001 0.5913301152166185 0.007106065929877024
49.3236843 0.5913297083875547 0.007106064395210075
49.37368430000001 0.5913293071329975 0.007106062881572791
49.42368430000001 0.5913289113773109 0.007106061388679809
49.4736843 0.5913285210459071 0.007106059916249716
49.52368430000001 0.5913281360652304 0.007106058464005
49.5736843 0.5913277563627445 0.007106057031671987
49.62368430000001 0.5913273818669176 0.007106055618980802
49.67368430000001 0.5913270125072088 0.007106054225665306
49.7236843 0.5913266482140542 0.007106052851463044
49.77368430000001 0.591326288918854 0.007106051496115207
49.8236843 0.5913259345539585 0.007106050159366559
49.87368430000001 0.5913255850526558 0.007106048840965416
49.92368430000001 0.591325240349158 0.00710604754066357
49.9736843 0.5913249003785895 0.007106046258216264
50.02368430000001 0.5913245650769735 0.007106044993382126
50.0736843 0.5913242343812202 0.007106043745923134
50.12368430000001 0.5913239082291144 0.007106042515604569
50.17368430000001 0.5913235865593035 0.00710604130219496
50.2236843 0.591323269311286 0.007106040105466054
50.27368430000001 0.5913229564253991 0.007106038925192758
50.3236843 0.5913226478428079 0.007106037761153107
50.37368430000001 0.5913223435054934 0.00710603661312821
50.42368430000001 0.5913220433562421 0.007106035480902223
50.4736843 0.5913217473386339 0.007106034364262287
50.52368430000001 0.5913214553970322 0.007106033262998505
50.5736843 0.5913211674765726 0.007106032176903892
50.62368430000001 0.5913208835231526 0.007106031105774336
50.67368430000001 0.5913206034834211 0.007106030049408563
50.7236843 0.5913203273047677 0.007106029007608095
50.77368430000001 0.5913200549353134 0.007106027980177208
50.8236843 0.5913197863238998 0.007106026966922903
50.87368430000001 0.5913195214200797 0.007106025967654862
50.92368430000001 0.5913192601741073 0.007106024982185412
50.9736843 0.5913190025369285 0.007106024010329491
51.02368430000001 0.5913187484601714 0.007106023051904614
51.0736843 0.5913184978961373 0.007106022106730832
51.12368430000001 0.5913182507977912 0.007106021174630702
51.17368430000001 0.591318007118753 0.007106020255429251
51.2236843 0.5913177668132883 0.007106019348953943
51.27368430000001 0.5913175298362997 0.007106018455034645
51.3236843 0.5913172961433185 0.007106017573503599
51.37368430000001 0.5913170656904955 0.007106016704195379
51.42368430000001 0.5913168384345929 0.007106015846946869
51.4736843 0.5913166143329761 0.00710601500159723
51.52368430000001 0.5913163933436053 0.007106014167987864
51.5736843 0.5913161754250275 0.00710601334596239
51.62368430000001 0.5913159605363684 0.007106012535366609
51.67368430000001 0.5913157486373247 0.007106011736048475
51.7236843 0.5913155396881566 0.007106010947858071
51.77368430000001 0.5913153336496796 0.007106010170647574
51.8236843 0.5913151304832573 0.007106009404271228
51.87368430000001 0.5913149301507941 0.007106008648585316
51.92368430000001 0.5913147326147273 0.007106007903448138
51.9736843 0.5913145378380208 0.00710600716871997
52.02368430000001 0.5913143457841572 0.007106006444263058
52.0736843 0.5913141564171314 0.007106005729941568
52.12368430000001 0.5913139697014429 0.007106005025621581
52.17368430000001 0.5913137856020898 0.007106004331171051
52.2236843 0.5913136040845617 0.00710600364645979
52.27368430000001 0.591313425114833 0.007106002971359437
52.3236843 0.5913132486593566 0.007106002305743441
52.37368430000001 0.5913130746850574 0.007106001649487028
52.42368430000001 0.5913129031593259 0.007106001002467178
52.4736843 0.5913127340500119 0.007106000364562609
52.52368430000001 0.5913125673254185 0.007105999735653746
52.5736843 0.5913124029542957 0.007105999115622703
52.62368430000001 0.5913122409058347 0.007105998504353257
52.67368430000001 0.5913120811496623 0.007105997901730825
52.7236843 0.5913119236558341 0.007105997307642446
52.77368430000001 0.5913117683948298 0.007105996721976759
52.8236843 0.5913116153375469 0.007105996144623978
52.87368430000001 0.5913114644552956 0.007105995575475873
52.92368430000001 0.5913113157197926 0.007105995014425749
52.9736843 0.5913111691031563 0.007105994461368426
53.02368430000001 0.5913110245779014 0.00710599391620022
53.0736843 0.5913108821169334 0.007105993378818919
53.12368430000001 0.5913107416935435 0.007105992849123771
53.17368430000001 0.5913106032814034 0.007105992327015452
53.2236843 0.5913104668545605 0.007105991812396061
53.27368430000001 0.5913103323874326 0.007105991305169094
53.3236843 0.5913101998548034 0.007105990805239428
53.37368430000001 0.5913100692318173 0.007105990312513294
53.42368430000001 0.5913099404939748 0.007105989826898276
53.4736843 0.5913098136171279 0.007105989348303278
53.52368430000001 0.5913096885774752 0.007105988876638512
53.5736843 0.5913095653515577 0.007105988411815486
53.62368430000001 0.5913094439162537 0.007105987953746975
53.67368430000001 0.5913093242487755 0.007105987502347018
53.7236843 0.5913092063266636 0.007105987057530889
53.77368430000001 0.5913090901277838 0.007105986619215091
53.8236843 0.5913089756303216 0.007105986187317334
53.87368430000001 0.5913088628127792 0.007105985761756522
53.92368430000001 0.5913087516539706 0.007105985342452733
53.9736843 0.5913086421330179 0.007105984929327212
54.02368430000001 0.5913085342293475 0.007105984522302346
54.0736843 0.5913084279226856 0.007105984121301658
54.12368430000001 0.5913083231930545 0.007105983726249786
54.17368430000001 0.5913082200207693 0.007105983337072474
54.2236843 0.5913081183864335 0.007105982953696551
54.27368430000001 0.5913080182709352 0.007105982576049922
54.3236843 0.591307919655444 0.007105982204061554
54.37368430000001 0.5913078225214075 0.007105981837661463
54.42368430000001 0.5913077268505464 0.007105981476780692
54.4736843 0.591307632624853 0.007105981121351313
54.52368430000001 0.5913075398265859 0.007105980771306401
54.5736843 0.5913074484382679 0.007105980426580024
54.62368430000001 0.5913073584426819 0.007105980087107239
54.67368430000001 0.5913072698228681 0.007105979752824067
54.7236843 0.5913071825621202 0.007105979423667488
54.77368430000001 0.5913070966439828 0.007105979099575428
54.8236843 0.5913070120522477 0.007105978780486744
54.87368430000001 0.5913069287709511 0.007105978466341219
54.92368430000001 0.5913068467843706 0.007105978157079543
54.9736843 0.5913067660770218 0.007105977852643303
55.02368430000001 0.5913066866336557 0.007105977552974979
55.0736843 0.5913066084392558 0.007105977258017925
55.12368430000001 0.5913065314790347 0.007105976967716359
55.17368430000001 0.5913064557384318 0.007105976682015354
55.2236843 0.5913063812031105 0.00710597640086083
55.27368430000001 0.5913063078589551 0.007105976124199539
55.3236843 0.5913062356920681 0.007105975851979055
55.37368430000001 0.5913061646887681 0.007105975584147771
55.42368430000001 0.5913060948355862 0.007105975320654877
55.4736843 0.5913060261192643 0.007105975061450363
55.52368430000001 0.5913059585267522 0.007105974806484999
55.5736843 0.5913058920452049 0.007105974555710331
55.62368430000001 0.5913058266619804 0.007105974309078672
55.67368430000001 0.5913057623646371 0.007105974066543086
55.7236843 0.5913056991409316 0.007105973828057393
55.77368430000001 0.5913056369788161 0.007105973593576142
55.8236843 0.5913055758664364 0.00710597336305462
55.87368430000001 0.591305515792129 0.007105973136448827
55.92368430000001 0.5913054567444196 0.007105972913715482
55.9736843 0.5913053987120203 0.007105972694812003
56.02368430000001 0.5913053416838278 0.007105972479696505
56.0736843 0.5913052856489208 0.007105972268327793
56.12368430000001 0.5913052305965586 0.007105972060665351
56.17368430000001 0.5913051765161782 0.007105971856669332
56.2236843 0.5913051233973929 0.007105971656300555
56.27368430000001 0.5913050712299899 0.007105971459520496
56.3236843 0.5913050200039285 0.007105971266291281
56.37368430000001 0.591304969709338 0.007105971076575674
56.42368430000001 0.591304920336516 0.007105970890337075
56.4736843 0.5913048718759265 0.007105970707539514
56.52368430000001 0.5913048243181975 0.007105970528147639
56.5736843 0.59130477765412 0.007105970352126709
56.62368430000001 0.5913047318746458 0.007105970179442595
56.67368430000001 0.5913046869708855 0.007105970010061764
56.7236843 0.591304642934107 0.007105969843951274
56.77368430000001 0.5913045997557341 0.007105969681078779
56.8236843 0.5913045574273444 0.007105969521412505
56.87368430000001 0.5913045159406678 0.007105969364921257
56.92368430000001 0.5913044752875845 0.007105969211574404
56.9736843 0.591304435460124 0.007105969061341881
57.02368430000001 0.5913043964504635 0.007105968914194181
57.0736843 0.5913043582509259 0.007105968770102342
57.12368430000001 0.5913043208539784 0.007105968629037951
57.17368430000001 0.5913042842522316 0.00710596849097313
57.2236843 0.5913042484384371 0.007105968355880541
57.27368430000001 0.5913042134054868 0.007105968223733369
57.3236843 0.5913041791464112 0.007105968094505325
57.37368430000001 0.5913041456543781 0.007105967968170636
57.42368430000001 0.5913041129226909 0.007105967844704042
57.4736843 0.591304080944788 0.007105967724080791
57.52368430000001 0.5913040497142409 0.007105967606276634
57.5736843 0.5913040192247528 0.007105967491267819
57.62368430000001 0.5913039894701582 0.007105967379031088
57.67368430000001 0.5913039604444204 0.007105967269543668
57.7236843 0.5913039321416313 0.007105967162783276
57.77368430000001 0.59130390455601 0.007105967058728104
57.8236843 0.5913038776819013 0.007105966957356819
57.87368430000001 0.5913038515137747 0.00710596685864856
57.92368430000001 0.5913038260462236 0.007105966762582933
57.9736843 0.5913038012739635 0.007105966669140002
58.02368430000001 0.5913037771918319 0.007105966578300296
58.0736843 0.5913037537947864 0.007105966490044791
58.12368430000001 0.5913037310779039 0.00710596640435492
58.17368430000001 0.5913037090363799 0.007105966321212557
58.2236843 0.5913036876655269 0.007105966240600023
58.27368430000001 0.5913036669607743 0.007105966162500074
58.3236843 0.5913036469176666 0.007105966086895904
58.37368430000001 0.5913036275318628 0.007105966013771138
58.42368430000001 0.5913036087991357 0.007105965943109831
58.4736843 0.5913035907153706 0.007105965874896462
58.52368430000001 0.5913035732765651 0.007105965809115935
58.5736843 0.5913035564788274 0.007105965745753564
58.62368430000001 0.5913035403183758 0.007105965684795089
58.67368430000001 0.5913035247915385 0.007105965626226658
58.7236843 0.5913035098947517 0.007105965570034828
58.77368430000001 0.5913034956245596 0.007105965516206562
58.8236843 0.5913034819776138 0.007105965464729232
58.87368430000001 0.591303468950672 0.007105965415590605
58.92368430000001 0.5913034565405972 0.00710596536877885
58.9736843 0.5913034447443578 0.007105965324282528
59.02368430000001 0.5913034335590263 0.007105965282090601
59.0736843 0.5913034229817786 0.007105965242192413
59.12368430000001 0.5913034130098939 0.007105965204577701
59.17368430000001 0.5913034036407534 0.007105965169236586
59.2236843 0.5913033948718404 0.007105965136159577
59.27368430000001 0.5913033867007389 0.007105965105337559
59.3236843 0.5913033791251338 0.007105965076761798
59.37368430000001 0.5913033721428099 0.00710596505042394
59.42368430000001 0.5913033657516515 0.007105965026316004
59.4736843 0.591303359949642 0.007105965004430382
59.52368430000001 0.5913033547348632 0.00710596498475984
59.5736843 0.5913033501054946 0.00710596496729751
59.62368430000001 0.5913033460598137 0.007105964952036894
59.67368430000001 0.591303342596195 0.007105964938971861
59.7236843 0.5913033397131093 0.007105964928096642
59.77368430000001 0.591303337409124 0.007105964919405835
59.8236843 0.5913033356829022 0.007105964912894395
59.87368430000001 0.5913033345332024 0.007105964908557641
59.92368430000001 0.5913033339588784 0.007105964906391247
59.9736843 0.5913033339588784 0.007105964906391247
