6.0263157 5.150867958015981 0.5196716510485648
6.076315699999999 4.981488489966841 0.4387067703284245
6.126315699999999 4.824501852513883 0.3749759834732994
6.1763157 4.678274483099614 0.3239718135337496
6.2263157 4.541484219096636 0.2825607117125739
6.2763157 4.413045296006501 0.2485111654890841
6.326315699999999 4.292054666368186 0.2202002463908866
6.376315699999999 4.177752759701683 0.1964255482711187
6.4263157 4.069494260369686 0.1762814366441901
6.4763157 3.966725983382959 0.1590756866030471
6.5263157 3.868969874774313 0.1442721416020766
6.576315699999999 3.775809774708297 0.1314505236998927
6.626315699999999 3.686880985703431 0.1202777836807334
6.6763157 3.60186196106067 0.1104873610689741
6.7263157 3.520467616044019 0.1018639582465806
6.7763157 3.442443895400468 0.09423221826830463
6.826315699999999 3.367563323837351 0.08744820563731907
6.876315699999999 3.295621333062158 0.0813929260323103
6.9263157 3.226433207855847 0.07596734714419281
6.9763157 3.15983152972883 0.07108853701488412
7.0263157 3.095664023643817 0.06668664294016555
7.076315699999999 3.033791733607678 0.06270250874142984
7.126315699999999 2.974087468409463 0.0590857812230127
7.1763157 2.916434470674519 0.05579339465945164
7.2263157 2.860725271621794 0.05278834972649951
7.2763157 2.806860701111495 0.05003872347673399
7.326315699999999 2.754749028236617 0.04751686188056849
7.376315699999999 2.704305212202486 0.04519871757786815
7.4263157 2.655450246820779 0.04306330384872525
7.4763157 2.608110584820235 0.04109224214888102
7.5263157 2.562217630498326 0.03926938539242626
7.576315699999999 2.517707291123732 0.03758050288268852
7.626315699999999 2.474519579038743 0.03601301566948159
7.6763157 2.432598257673605 0.03455577335147579
7.7263157 2.391890525726052 0.03319886509774385
7.7763157 2.352346734621537 0.03193345904554262
7.826315699999999 2.313920135087039 0.03075166532702809
7.876315699999999 2.276566649270454 0.02964641885011268
7.9263157 2.240244665340127 0.02861137865696494
7.9763157 2.204914851922121 0.0276408412451784
8.0263157 2.170539990090292 0.02672966569024685
8.0763157 2.137084820927337 0.02587320877602226
8.126315699999999 2.104515906932894 0.02506726863969721
8.1763157 2.072801505774877 0.02430803568315678
8.226315700000001 2.04191145506872 0.0235920497039943
8.2763157 2.011817067031089 0.02291616236553491
8.3263157 1.982491031994005 0.02227750426257314
8.376315699999999 1.953907329885774 0.02167345595355475
8.4263157 1.926041148889372 0.02110162242489794
8.476315700000001 1.898868810579504 0.02055981053249578
8.5263157 1.872367700918355 0.02004600903194334
8.5763157 1.846516206558831 0.01955837086493598
8.626315699999999 1.821293655964228 0.01909519741641506
8.6763157 1.796680264906009 0.01865492449688125
8.726315700000001 1.772657085947667 0.01823610983807124
8.7763157 1.749205961563444 0.01783742191890044
8.8263157 1.726309480576652 0.01745762996303443
8.876315699999999 1.703950937634127 0.017095594970345
8.9263157 1.682114295461535 0.01675026166239507
8.976315700000001 1.660784149669212 0.01642065123744887
9.0263157 1.639945695900455 0.01610585484370721
9.0763157 1.619584699133959 0.01580502769084968
9.126315699999999 1.599687464969731 0.01551738372979636
9.1763157 1.580240812743606 0.01524219083911177
9.226315700000001 1.56123205032957 0.01497876646385363
9.2763157 1.542648950501777 0.01472647365908295
9.3263157 1.524479728739482 0.0144847174958351
9.376315699999999 1.506713022368335 0.014252941792222
9.4263157 1.489337870940681 0.01403062613659098
9.476315700000001 1.472343697765791 0.01381728317339063
9.5263157 1.45572029250844 0.01361245612565991
9.5763157 1.439457794781031 0.01341571653092513
9.626315699999999 1.423546678660578 0.01322666216981232
9.6763157 1.407977738067419 0.01304491516890572
9.726315700000001 1.392742072947593 0.01287012026134452
9.7763157 1.377831076205374 0.01270194319038342
9.8263157 1.363236421336634 0.01254006924267685
9.876315699999999 1.348950050717532 0.01238420189940627
9.9263157 1.334964164506442 0.01223406159457666
9.976315700000001 1.321271210120249 0.012089384570881
10.0263157 1.307863872248992 0.01194992182448555
10.0763157 1.294735063375514 0.01181543813093964
10.1263157 1.281877914769168 0.011685711145172
10.1763157 1.26928576792489 0.01156053056921388
10.2263157 1.256952166420945 0.01143969738189505
10.2763157 1.244870848170572 0.01132302312530213
10.3263157 1.233035738044438 0.01121032924327488
10.3763157 1.221440940842423 0.0111014464676535
10.4263157 1.210080734594704 0.0109962142483819
10.4763157 1.198949564173466 0.01089448022392564
10.5263157 1.188042035197805 0.01079609972878067
10.5763157 1.177352908215529 0.01070093533513596
10.6263157 1.166877093146639 0.01060885642601171
10.6763157 1.156609643974262 0.01051973879742838
10.7263157 1.146545753669674 0.01043346428737322
10.7763157 1.136680749338962 0.01034992042952193
10.8263157 1.127010087579592 0.01026900012984681
10.8763157 1.117529350035921 0.01019060136439914
10.9263157 1.10823423914334 0.01011462689669684
10.9763157 1.099120574051373 0.01004098401327749
11.0263157 1.09018428671664 0.009969584276094783
11.0763157 1.081421418157135 0.009900343290543678
11.1263157 1.072828114859758 0.009833180487997036
11.1763157 1.064400625333554 0.009768018921825652
11.2263157 1.056135296801499 0.009704785075954774
11.2763157 1.048028572024125 0.009643408685084237
11.3263157 1.040076986248639 0.009583822565767283
11.3763157 1.032277164277553 0.009525962457604963
11.4263157 1.024625817651182 0.009469766873869821
11.4763157 1.017119741938672 0.009415176960924435
11.5263157 1.009755814132523 0.009362136365848164
11.5763157 1.00253099014184 0.00931059111172893
11.6263157 0.9954423023798041 0.009260489480117149
11.6763157 0.9884868574411043 0.009211781900175684
11.7263157 0.9816618338652853 0.009164420844093553
11.7763157 0.9749644799821897 0.009118360728362343
11.8263157 0.9683921118358716 0.009073557820542904
11.8763157 0.9619421111835408 0.00902997015117632
11.9263157 0.9556119235662812 0.008987557430517577
11.9763157 0.9493990564484498 0.00894628096979274
12.0263157 0.9433010774228175 0.008906103606701198
12.0763157 0.9373156124786659 0.008866989634903705
12.1263157 0.931440344330188 0.008828904737254652
12.1763157 0.9256730108026751 0.008791815922553334
12.2263157 0.9200114032740947 0.008755691465604114
12.2763157 0.91445336516978 0.008720500850389471
12.3263157 0.9089967905080645 0.008686214716172801
12.3763157 0.9036396224947956 0.008652804806359974
12.4263157 0.8983798521647623 0.008620243919959731
12.4763157 0.8932155170681643 0.008588505865493441
12.5263157 0.8881447000003352 0.008557565417214259
12.5763157 0.8831655277730207 0.008527398273504787
12.6263157 0.878276170025586 0.008497981017330476
12.6763157 0.8734748380746046 0.008469291078633924
12.7263157 0.8687597838003497 0.008441306698562238
12.7763157 0.8641292985687775 0.008414006895426415
12.8263157 0.859581712187653 0.008387371432297881
12.8763157 0.8551153918955314 0.008361380786153196
12.9263157 0.8507287413823638 0.008336016118483249
12.9763157 0.8464201998405499 0.008311259247288382
13.0263157 0.8421882410453139 0.008287092620385614
13.0763157 0.8380313724633237 0.00826349928995845
13.1263157 0.8339481343885278 0.008240462888283952
13.1763157 0.8299370991042182 0.008217967604575559
13.2263157 0.8259968700703807 0.008195998162883723
13.2763157 0.8221260811354234 0.008174539800999806
13.3263157 0.8183233957714197 0.008153578250311815
13.3763157 0.814587506332034 0.008133099716563522
13.4263157 0.8109171333323356 0.008113090861471214
13.4763157 0.807311024749735 0.008093538785154975
13.5263157 0.8037679553453131 0.008074431009343779
13.5763157 0.8002867260048383 0.008055755461315955
13.6263157 0.7968661630987999 0.008037500458538701
13.6763157 0.7935051178608086 0.008019654693972388
13.7263157 0.7902024657837439 0.008002207222007156
13.7763157 0.7869571060330509 0.007985147445001239
13.8263157 0.7837679608766142 0.007968465100391894
13.8763157 0.7806339751306561 0.00795215024835161
13.9263157 0.7775541156211326 0.007936193259963545
13.9763157 0.7745273706601146 0.00792058480589162
14.0263157 0.771552749536667 0.007905315845521984
14.0763157 0.768629282021755 0.007890377616553755
14.1263157 0.7657560178867228 0.007875761625018131
14.1763157 0.7629320264349101 0.007861459635706045
14.2263157 0.7601563960459871 0.007847463662985511
14.2763157 0.7574282337326018 0.007833765961990887
14.3263157 0.7547466647089539 0.007820359020167034
14.3763157 0.7521108319709171 0.007807235549152364
14.4263157 0.7495198958873514 0.007794388476985476
14.4763157 0.7469730338022562 0.00778181094062088
14.5263157 0.7444694396474295 0.007769496278740053
14.5763157 0.7420083235653088 0.007757438024844708
14.6263157 0.739588911541684 0.007745629900619846
14.6763157 0.7372104450479806 0.007734065809554756
14.7263157 0.7348721806928221 0.00772273983081067
14.7763157 0.7325733898825945 0.007711646213324425
14.8263157 0.7303133584907407 0.007700779370137872
14.8763157 0.7280913865355254 0.007690133872943357
14.9263157 0.7259067878660183 0.007679704446836039
14.9763157 0.7237588898560529 0.007669485965264221
15.0263157 0.7216470331059276 0.007659473445169325
15.0763157 0.71957057115162 0.007649662042307511
15.1263157 0.7175288701812977 0.007640047046745326
15.1763157 0.7155213087589133 0.007630623878522112
15.2263157 0.7135472775546789 0.007621388083472267
15.2763157 0.7116061790822232 0.007612335329200713
15.3263157 0.7096974274422397 0.007603461401205327
15.3763157 0.7078204480724412 0.007594762199140249
15.4263157 0.7059746775036421 0.007586233733214381
15.4763157 0.7041595631217962 0.007577872120719561
15.5263157 0.702374562935822 0.007569673582683192
15.5763157 0.7006191453510541 0.007561634440640319
15.6263157 0.6988927889481639 0.007553751113520358
15.6763157 0.6971949822673987 0.007546020114643955
15.7263157 0.6955252235979922 0.007538438048825541
15.7763157 0.6938830207726032 0.007531001609577493
15.8263157 0.6922678909666479 0.007523707576411831
15.8763157 0.6906793605023882 0.007516552812235665
15.9263157 0.6891169646576519 0.007509534260836785
15.9763157 0.6875802474790554 0.007502648944455802
16.0263157 0.6860687615996105 0.007495893961441589
16.0763157 0.6845820680605968 0.007489266483986765
16.1263157 0.6831197361375865 0.007482763755940186
16.1763157 0.6816813431705099 0.007476383090693482
16.2263157 0.6802664743976569 0.007470121869138853
16.2763157 0.6788747227935086 0.00746397753769542
16.3263157 0.6775056889102995 0.007457947606401544
16.3763157 0.6761589807232128 0.007452029647070659
16.4263157 0.6748342134791138 0.00744622129150822
16.4763157 0.6735310095487292 0.007440520229787526
16.5263157 0.6722489982821848 0.007434924208582212
16.5763157 0.6709878158678123 0.007429431029553337
16.6263157 0.6697471051941455 0.007424038547789052
16.6763157 0.6685265157150188 0.007418744670294932
16.7263157 0.6673257033176946 0.007413547354533125
16.7763157 0.666144330193939 0.007408444607008548
16.8263157 0.6649820647139729 0.007403434481900422
16.8763157 0.6638385813032248 0.007398515079737525
16.9263157 0.6627135603218171 0.007393684546115591
16.9763157 0.6616066879467147 0.007388941070455343
17.0263157 0.6605176560564729 0.007384282884799734
17.0763157 0.6594461621185163 0.007379708262648978
17.1263157 0.6583919090788886 0.007375215517832065
17.1763157 0.6573546052544126 0.007370803003413462
17.2263157 0.6563339642271991 0.007366469110633772
17.2763157 0.6553297047414488 0.007362212267883156
17.3263157 0.6543415506024903 0.007358030939706404
17.3763157 0.6533692305780009 0.007353923625838536
17.4263157 0.6524124783013556 0.007349888860269879
17.4763157 0.6514710321770553 0.007345925210339631
17.5263157 0.6505446352881805 0.007342031275856913
17.5763157 0.6496330353058259 0.007338205688248375
17.6263157 0.6487359844004656 0.007334447109731473
17.6763157 0.6478532391552035 0.007330754232512518
17.7263157 0.6469845604808653 0.007327125778008686
17.7763157 0.6461297135328863 0.007323560496093175
17.8263157 0.6452884676299547 0.007320057164362722
17.8763157 0.6444605961743676 0.007316614587426766
17.9263157 0.6436458765740594 0.007313231596217501
17.9763157 0.6428440901662646 0.007309907047320149
18.0263157 0.6420550221427768 0.007306639822322785
18.0763157 0.6412784614767635 0.007303428827185056
18.1263157 0.6405142008511066 0.007300272991625206
18.1763157 0.6397620365882272 0.007297171268524758
18.2263157 0.6390217685813645 0.007294122633350345
18.2763157 0.6382932002272738 0.007291126083592082
18.3263157 0.6375761383603104 0.007288180638217956
18.3763157 0.6368703931878695 0.007285285337143739
18.4263157 0.63617577822715 0.007282439240717911
18.4763157 0.6354921102432117 0.007279641429221108
18.5263157 0.6348192091882979 0.007276891002379647
18.5763157 0.6341568981423934 0.007274187078892665
18.6263157 0.6335050032549909 0.007271528795972466
18.6763157 0.6328633536880388 0.007268915308897632
18.7263157 0.6322317815600427 0.007266345790578518
18.7763157 0.6316101218912961 0.007263819431134732
18.8263157 0.6309982125502143 0.007261335437484231
18.8763157 0.6303958942007479 0.007258893032943679
18.9263157 0.6298030102508503 0.007256491456839699
18.9763157 0.6292194068019774 0.007254129964130711
19.0263157 0.6286449325995963 0.007251807825038999
19.0763157 0.6280794389846805 0.007249524324692722
19.1263157 0.62752277984617 0.007247278762777551
19.1763157 0.6269748115743751 0.007245070453197633
19.2263157 0.626435393015304 0.007242898723745622
19.2763157 0.6259043854258937 0.007240762915781478
19.3263157 0.6253816524301224 0.007238662383919786
19.3763157 0.6248670599759896 0.007236596495725334
19.4263157 0.6243604762933386 0.0072345646314167
19.4763157 0.6238617718525084 0.007232566183577618
19.5263157 0.6233708193237943 0.007230600556875886
19.5763157 0.6228874935377016 0.00722866716778959
19.6263157 0.6224116714459728 0.007226765444340436
19.6763157 0.6219432320833755 0.007224894825833975
19.7263157 0.6214820565302317 0.007223054762606523
19.7763157 0.6210280278756737 0.007221244715778573
19.8263157 0.6205810311816118 0.007219464157014528
19.8763157 0.6201409534473979 0.007217712568288548
19.9263157 0.6197076835751709 0.007215989441656344
19.9763157 0.6192811123358688 0.007214294279032765
20.0263157 0.6188611323358947 0.007212626591974985
20.0763157 0.6184476379844212 0.007210985901471133
20.1263157 0.6180405254613218 0.007209371737734243
20.1763157 0.6176396926857154 0.007207783640001325
20.2263157 0.6172450392851092 0.007206221156337446
20.2763157 0.6168564665651322 0.007204683843444674
20.3263157 0.6164738774798415 0.007203171266475733
20.3763157 0.6160971766025943 0.007201682998852251
20.4263157 0.6157262700974708 0.00720021862208748
20.4763157 0.6153610656912376 0.007198777725613332
20.5263157 0.6150014726458414 0.007197359906611646
20.5763157 0.6146474017314206 0.007195964769849557
20.6263157 0.6142987651998254 0.00719459192751884
20.6763157 0.613955476758635 0.007193240999079139
20.7263157 0.6136174515456632 0.007191911611104966
20.7763157 0.61328460610394 0.007190603397136363
20.8263157 0.6129568583571627 0.007189315997533145
20.8763157 0.6126341275856045 0.007188049059332594
20.9263157 0.6123163344024724 0.007186802236110552
20.9763157 0.6120034007307046 0.007185575187845787
21.0263157 0.6116952497802003 0.007184367580787557
21.0763157 0.6113918060254707 0.007183179087326298
21.1263157 0.6110929951837047 0.007182009385867325
21.1763157 0.6107987441932404 0.007180858160707499
21.2263157 0.6105089811924334 0.007179725101914751
21.2763157 0.610223635498916 0.007178609905210414
21.3263157 0.6099426375892374 0.007177512271854258
21.3763157 0.6096659190788783 0.007176431908532198
21.4263157 0.6093934127026333 0.007175368527246562
21.4763157 0.609125052295351 0.007174321845208885
21.5263157 0.6088607727730292 0.007173291584735142
21.5763157 0.6086005101142534 0.007172277473143382
21.6263157 0.6083442013419755 0.00717127924265366
21.6763157 0.6080917845056236 0.007170296630290251
21.7263157 0.6078431986635382 0.007169329377786065
21.7763157 0.6075983838657274 0.007168377231489208
21.8263157 0.6073572811369347 0.007167439942271639
21.8763157 0.6071198324600137 0.007166517265439859
21.9263157 0.6068859807596045 0.00716560896064761
21.9763157 0.6066556698861041 0.00716471479181049
22.0263157 0.6064288445999266 0.007163834527022466
22.0763157 0.606205450556047 0.007162967938474239
22.1263157 0.6059854342888232 0.007162114802373388
22.1763157 0.605768743197091 0.007161274898866281
22.2263157 0.6055553255295264 0.007160448011961681
22.2763157 0.6053451303702706 0.007159633929456036
22.3263157 0.605138107624812 0.007158832442860367
22.3763157 0.6049342080061212 0.007158043347328768
22.4263157 0.6047333830210326 0.007157266441588426
22.4763157 0.6045355849568707 0.007156501527871183
22.5263157 0.6043407668683123 0.007155748411846526
22.5763157 0.6041488825644843 0.007155006902556042
22.6263157 0.6039598865962899 0.007154276812349275
22.6763157 0.6037737342439595 0.007153557956820927
22.7263157 0.6035903815048231 0.007152850154749413
22.7763157 0.6034097850812981 0.007152153228036712
22.8263157 0.60323190236909 0.007151467001649484
22.8763157 0.6030566914456018 0.007150791303561432
22.9263157 0.602884111058547 0.007150125964696875
22.9763157 0.6027141206147638 0.007149470818875498
23.0263157 0.6025466801692257 0.007148825702758262
23.0763157 0.6023817504142456 0.007148190455794437
23.1263157 0.6022192926688689 0.007147564920169738
23.1763157 0.6020592688684533 0.007146948940755527
23.2263157 0.6019016415544304 0.007146342365059084
23.2763157 0.6017463738642462 0.007145745043174878
23.3263157 0.6015934295214783 0.007145156827736859
23.3763157 0.6014427728261247 0.007144577573871715
23.4263157 0.6012943686450621 0.007144007139153094
23.4763157 0.6011481824026706 0.007143445383556752
23.5263157 0.6010041800716209 0.007142892169416621
23.5763157 0.6008623281638223 0.007142347361381755
23.6263157 0.600722593721527 0.00714181082637416
23.6763157 0.600584944308589 0.007141282433547472
23.7263157 0.6004493480018744 0.007140762054246462
23.7763157 0.6003157733828203 0.007140249561967351
23.8263157 0.6001841895291385 0.007139744832318936
23.8763157 0.6000545660066645 0.00713924774298447
23.9263157 0.5999268728613449 0.007138758173684321
23.9763157 0.5998010806113642 0.007138276006139359
24.0263157 0.5996771602394058 0.007137801124035082
24.0763157 0.5995550831850476 0.007137333412986436
24.1263157 0.5994348213372864 0.007136872760503342
24.1763157 0.5993163470271923 0.007136419055956893
24.2263157 0.5991996330206868 0.007135972190546223
24.2763157 0.5990846525114466 0.007135532057266013
24.3263157 0.5989713791139276 0.007135098550874648
24.3763157 0.5988597868565082 0.007134671567862978
24.4263157 0.5987498501747495 0.007134251006423693
24.4763157 0.5986415439047705 0.007133836766421304
24.5263157 0.5985348432767366 0.007133428749362681
24.5763157 0.5984297239084577 0.007133026858368181
24.6263157 0.5983261617990964 0.007132630998143318
24.6763157 0.5982241333229822 0.007132241074950996
24.7263157 0.5981236152235307 0.007131856996584251
24.7763157 0.5980245846072662 0.007131478672339526
24.8263157 0.597927018937945 0.007131106012990468
24.8763157 0.5978308960307787 0.007130738930762201
24.9263157 0.5977361940467544 0.007130377339306103
24.9763157 0.5976428914870514 0.007130021153675061
25.0263157 0.5975509671875519 0.00712967029029919
25.0763157 0.5974604003134436 0.007129324666962011
25.1263157 0.5973711703539143 0.00712898420277708
25.1763157 0.5972832571169348 0.007128648818165058
25.2263157 0.5971966407241293 0.0071283184348312
25.2763157 0.5971113016057332 0.007127992975743289
25.3263157 0.5970272204956341 0.007127672365109953
25.3763157 0.5969443784264963 0.007127356528359411
25.4263157 0.5968627567249675 0.007127045392118603
25.4763157 0.5967823370069648 0.007126738884192704
25.5263157 0.5967031011730403 0.007126436933545031
25.5763157 0.5966250314038234 0.007126139470277307
25.6263157 0.5965481101555395 0.0071258464256103
25.6763157 0.5964723201556035 0.007125557731864815
25.7263157 0.5963976443982861 0.007125273322443032
25.7763157 0.5963240661404533 0.007124993131810193
25.8263157 0.5962515688973753 0.00712471709547662
25.8763157 0.5961801364386063 0.007124445149980061
25.9263157 0.5961097527839321 0.007124177232868369
25.9763157 0.5960404021993846 0.007123913282682474
26.0263157 0.5959720691933234 0.007123653238939686
26.0763157 0.5959047385125809 0.007123397042117298
26.1263157 0.5958383951386722 0.007123144633636469
26.1763157 0.5957730242840672 0.007122895955846419
26.2263157 0.5957086113885245 0.007122650952008897
26.2763157 0.5956451421154855 0.007122409566282935
26.3263157 0.5955826023485281 0.007122171743709871
26.3763157 0.5955209781878791 0.007121937430198644
26.4263157 0.5954602559469832 0.007121706572511353
26.4763157 0.5954004221491297 0.007121479118249069
26.5263157 0.5953414635241335 0.007121255015837906
26.5763157 0.5952833670050712 0.007121034214515345
26.6263157 0.5952261197250703 0.007120816664316782
26.6763157 0.5951697090141518 0.007120602316062338
26.7263157 0.5951141223961238 0.007120391121343887
26.7763157 0.5950593475855264 0.007120183032512322
26.8263157 0.595005372484626 0.007119978002665042
26.8763157 0.59495218518046 0.007119775985633658
26.9263157 0.5948997739419281 0.007119576935971924
26.9763157 0.594848127216932 0.00711938080894387
27.0263157 0.5947972336295625 0.007119187560512151
27.0763157 0.5947470819773304 0.007118997147326593
27.1263157 0.5946976612284446 0.007118809526712948
27.1763157 0.5946489605191331 0.007118624656661836
27.2263157 0.5946009691510082 0.007118442495817891
27.2763157 0.5945536765884749 0.007118263003469086
27.3263157 0.5945070724561796 0.007118086139536246
27.3763157 0.5944611465365026 0.007117911864562751
27.4263157 0.59441588876709 0.0071177401397044
27.4763157 0.594371289238425 0.007117570926719476
27.5263157 0.5943273381914398 0.007117404187958956
27.5763157 0.5942840260151655 0.007117239886356909
27.6263157 0.5942413432444199 0.00711707798542105
27.6763157 0.5941992805575331 0.00711691844922346
27.7263157 0.5941578287741095 0.00711676124239147
27.7763157 0.5941169788528253 0.007116606330098679
27.8263157 0.5940767218892632 0.007116453678056169
27.8763157 0.5940370491137803 0.00711630325250382
27.9263157 0.5939979518894113 0.007116155020201815
27.9763157 0.5939594217098049 0.007116008948422263
28.0263157 0.5939214501971937 0.007115865004940979
28.0763157 0.5938840291003967 0.007115723158029396
28.1263157 0.5938471502928538 0.00711558337644662
28.1763157 0.5938108057706918 0.007115445629431618
28.2263157 0.5937749876508214 0.007115309886695538
28.2763157 0.593739688169065 0.007115176118414154
28.3263157 0.5937048996783141 0.007115044295220453
28.3763157 0.5936706146467162 0.007114914388197329
28.4263157 0.5936368256558913 0.007114786368870412
28.4763157 0.5936035253991758 0.007114660209201014
28.5263157 0.5935707066798959 0.0071145358815792
28.5763157 0.593538362409667 0.00711441335881696
28.6263157 0.5935064856067213 0.007114292614141508
28.6763157 0.5934750693942621 0.007114173621188698
28.7263157 0.5934441069988435 0.007114056353996531
28.7763157 0.5934135917487768 0.007113940786998793
28.8263157 0.5933835170725614 0.007113826895018776
28.8763157 0.5933538764973416 0.007113714653263129
28.9263157 0.5933246636473869 0.007113604037315787
28.9763157 0.5932958722425974 0.007113495023132017
29.0263157 0.5932674960970324 0.007113387587032561
29.0763157 0.5932395291174626 0.007113281705697869
29.1263157 0.5932119653019444 0.007113177356162429
29.1763157 0.5931847987384186 0.007113074515809203
29.2263157 0.593158023603329 0.007112973162364138
29.2763157 0.5931316341602652 0.007112873273890773
29.3263157 0.5931056247586246 0.007112774828784949
29.3763157 0.5930799898322976 0.007112677805769581
29.4263157 0.5930547238983721 0.007112582183889537
29.4763157 0.5930298215558591 0.007112487942506593
29.5263157 0.5930052774844385 0.007112395061294468
29.5763157 0.5929810864432241 0.007112303520233949
29.6263157 0.5929572432695488 0.007112213299608084
29.6763157 0.5929337428777682 0.007112124379997469
29.7263157 0.5929105802580842 0.007112036742275596
29.7763157 0.5928877504753852 0.007111950367604289
29.8263157 0.5928652486681067 0.007111865237429207
29.8763157 0.5928430700471081 0.007111781333475425
29.9263157 0.5928212098945681 0.007111698637743087
29.9763157 0.5927996635628973 0.007111617132503125
30.0263157 0.5927784264736672 0.007111536800293053
30.0763157 0.5927574941165572 0.007111457623912822
30.1263157 0.5927368620483169 0.007111379586420754
30.1763157 0.5927165258917454 0.007111302671129532
30.2263157 0.5926964813346864 0.007111226861602255
30.2763157 0.5926767241290388 0.007111152141648563
30.3263157 0.5926572500897831 0.007111078495320824
30.3763157 0.5926380550940227 0.007111005906910371
30.4263157 0.5926191350800405 0.007110934360943817
30.4763157 0.5926004860463702 0.007110863842179415
30.5263157 0.5925821040508816 0.007110794335603491
30.5763157 0.592563985209881 0.007110725826426913
30.6263157 0.5925461256972246 0.007110658300081644
30.6763157 0.5925285217434468 0.00711059174221732
30.7263157 0.5925111696349012 0.007110526138697914
30.7763157 0.5924940657129157 0.00711046147559843
30.8263157 0.5924772063729598 0.007110397739201656
30.8763157 0.5924605880638257 0.007110334915994979
30.9263157 0.5924442072868222 0.007110272992667239
30.9763157 0.5924280605949801 0.007110211956105634
31.0263157 0.592412144592271 0.00711015179339268
31.0763157 0.5923964559328376 0.00711009249180322
31.1263157 0.5923809913202364 0.007110034038801474
31.1763157 0.5923657475066914 0.007109976422038139
31.2263157 0.5923507212923607 0.007109919629347542
31.2763157 0.5923359095246126 0.007109863648744821
31.3263157 0.5923213090973147 0.007109808468423172
31.3763157 0.5923069169501329 0.007109754076751126
31.4263157 0.5922927300678412 0.007109700462269867
31.4763157 0.5922787454796432 0.007109647613690606
31.5263157 0.5922649602585029 0.007109595519891987
31.5763157 0.5922513715204866 0.00710954416991753
31.6263157 0.5922379764241141 0.007109493552973122
31.6763157 0.5922247721697216 0.007109443658424553
31.7263157 0.5922117559988321 0.00710939447579507
31.7763157 0.5921989251935376 0.007109345994762996
31.8263157 0.5921862770758893 0.007109298205159364
31.8763157 0.5921738090072983 0.007109251096965603
31.9263157 0.5921615183879448 0.007109204660311249
31.9763157 0.5921494026561966 0.007109158885471708
32.0263157 0.5921374592880365 0.007109113762866033
32.0763157 0.5921256857964988 0.007109069283054753
32.1263157 0.5921140797311142 0.007109025436737729
32.1763157 0.5921026386773629 0.007108982214752046
32.2263157 0.5920913602561367 0.007108939608069933
32.2763157 0.5920802421232092 0.00710889760779672
32.3263157 0.5920692819687137 0.007108856205168828
32.3763157 0.5920584775166295 0.007108815391551789
32.4263157 0.5920478265242761 0.007108775158438291
32.4763157 0.592037326781815 0.007108735497446266
32.5263157 0.5920269761117587 0.007108696400316994
32.5763157 0.5920167723684885 0.007108657858913249
32.6263157 0.5920067134377779 0.007108619865217461
32.6763157 0.5919967972363248 0.007108582411329921
32.7263157 0.5919870217112901 0.007108545489467003
32.7763157 0.5919773848398436 0.007108509091959416
32.8263157 0.5919678846287163 0.007108473211250486
32.8763157 0.5919585191137604 0.007108437839894461
32.9263157 0.5919492863595154 0.007108402970554847
32.9763157 0.5919401844587809 0.007108368596002764
33.0263157 0.5919312115321965 0.007108334709115336
33.0763157 0.5919223657278266 0.00710830130287409
33.1263157 0.5919136452207535 0.0071082683703634
33.1763157 0.591905048212675 0.00710823590476894
33.2263157 0.5918965729315093 0.007108203899376169
33.2763157 0.591888217631005 0.007108172347568832
33.3263157 0.5918799805903578 0.007108141242827492
33.3763157 0.5918718601138326 0.007108110578728084
33.4263157 0.591863854530391 0.007108080348940477
33.4763157 0.5918559621933257 0.007108050547227086
33.5263157 0.5918481814798987 0.007108021167441475
33.5763157 0.5918405107909864 0.007107992203527
33.6263157 0.5918329485507299 0.00710796364951547
33.6763157 0.5918254932061893 0.007107935499525831
33.7263157 0.591818143227005 0.00710790774776285
33.7763157 0.5918108971050633 0.007107880388515855
33.8263157 0.5918037533541668 0.007107853416157462
33.8763157 0.5917967105097101 0.007107826825142338
33.9263157 0.5917897671283605 0.007107800610005975
33.9763157 0.5917829217877436 0.007107774765363494
34.0263157 0.5917761730861333 0.007107749285908458
34.0763157 0.5917695196421465 0.007107724166411698
34.1263157 0.5917629600944428 0.007107699401720173
34.1763157 0.5917564931014283 0.007107674986755833
34.2263157 0.5917501173409643 0.007107650916514511
34.2763157 0.5917438315100798 0.007107627186064816
34.3263157 0.5917376343246892 0.007107603790547063
34.3763157 0.5917315245193131 0.007107580725172202
34.4263157 0.5917255008468045 0.007107557985220773
34.4763157 0.5917195620780784 0.007107535566041876
34.5263157 0.5917137070018454 0.007107513463052148
34.5763157 0.5917079344243499 0.007107491671734772
34.6263157 0.5917022431691115 0.007107470187638485
34.6763157 0.5916966320766712 0.007107449006376608
34.7263157 0.5916911000043406 0.007107428123626094
34.7763157 0.5916856458259547 0.007107407535126582
34.8263157 0.5916802684316298 0.007107387236679473
34.8763157 0.5916749667275234 0.007107367224147017
34.9263157 0.5916697396355985 0.007107347493451414
34.9763157 0.5916645860933916 0.007107328040573924
35.0263157 0.5916595050537836 0.007107308861554005
35.0763157 0.5916544954847749 0.007107289952488443
35.1263157 0.5916495563692628 0.007107271309530514
35.1763157 0.5916446867048233 0.007107252928889146
35.2263157 0.5916398855034958 0.007107234806828101
35.2763157 0.5916351517915706 0.007107216939665169
35.3263157 0.5916304846093799 0.007107199323771365
35.3763157 0.5916258830110925 0.007107181955570155
35.4263157 0.5916213460645104 0.007107164831536675
35.4763157 0.5916168728508693 0.007107147948196973
35.5263157 0.5916124624646418 0.007107131302127264
35.5763157 0.591608114013344 0.00710711488995319
35.6263157 0.5916038266173437 0.00710709870834909
35.6763157 0.591599599409673 0.007107082754037289
35.7263157 0.5915954315358429 0.00710706702378739
35.7763157 0.5915913221536608 0.007107051514415583
35.8263157 0.5915872704330504 0.007107036222783955
35.8763157 0.5915832755558749 0.007107021145799825
35.9263157 0.5915793367157626 0.007107006280415074
35.9763157 0.5915754531179347 0.007106991623625492
36.0263157 0.5915716239790363 0.007106977172470136
36.0763157 0.5915678485269695 0.0071069629240307
36.1263157 0.5915641260007289 0.007106948875430878
36.1763157 0.5915604556502402 0.007106935023835761
36.2263157 0.5915568367362 0.007106921366451231
36.2763157 0.5915532685299195 0.007106907900523349
36.3263157 0.5915497503131691 0.007106894623337787
36.3763157 0.5915462813780267 0.007106881532219234
36.4263157 0.5915428610267265 0.007106868624530833
36.4763157 0.5915394885715117 0.007106855897673616
36.5263157 0.5915361633344889 0.007106843349085953
36.5763157 0.5915328846474838 0.007106830976243
36.6263157 0.5915296518519002 0.007106818776656171
36.6763157 0.5915264642985807 0.007106806747872599
36.7263157 0.5915233213476691 0.007106794887474626
36.7763157 0.5915202223684752 0.00710678319307928
36.8263157 0.5915171667393416 0.00710677166233777
36.8763157 0.5915141538475123 0.007106760292934992
36.9263157 0.5915111830890033 0.007106749082589035
36.9763157 0.5915082538684754 0.007106738029050701
37.0263157 0.5915053655991084 0.007106727130103019
37.0763157 0.5915025177024774 0.007106716383560789
37.1263157 0.591499709608431 0.007106705787270108
37.1763157 0.5914969407549712 0.007106695339107921
37.2263157 0.5914942105881352 0.00710668503698157
37.2763157 0.5914915185618786 0.007106674878828353
37.3263157 0.5914888641379609 0.007106664862615086
37.3763157 0.5914862467858317 0.007106654986337676
37.4263157 0.5914836659825204 0.007106645248020698
37.4763157 0.5914811212125252 0.007106635645716978
37.5263157 0.5914786119677053 0.007106626177507184
37.5763157 0.5914761377471746 0.007106616841499418
37.6263157 0.5914736980571962 0.007106607635828822
37.6763157 0.5914712924110793 0.007106598558657184
37.7263157 0.5914689203290767 0.007106589608172552
37.7763157 0.5914665813382851 0.007106580782588853
37.8263157 0.5914642749725453 0.007106572080145512
37.8763157 0.5914620007723452 0.007106563499107097
37.9263157 0.5914597582847235 0.007106555037762938
37.9763157 0.591457547063175 0.007106546694426778
38.0263157 0.5914553666675574 0.007106538467436418
38.0763157 0.5914532166639992 0.007106530355153366
38.1263157 0.5914510966248093 0.007106522355962496
38.1763157 0.5914490061283879 0.007106514468271712
38.2263157 0.5914469447591382 0.007106506690511609
38.2763157 0.5914449121073798 0.007106499021135151
38.3263157 0.5914429077692637 0.007106491458617343
38.3763157 0.5914409313466876 0.007106484001454914
38.4263157 0.5914389824472138 0.007106476648166002
38.4763157 0.5914370606839867 0.007106469397289853
38.5263157 0.5914351656756528 0.007106462247386498
38.5763157 0.5914332970462812 0.00710645519703647
38.6263157 0.591431454425286 0.007106448244840505
38.6763157 0.5914296374473484 0.00710644138941924
38.7263157 0.5914278457523416 0.007106434629412939
38.7763157 0.5914260789852557 0.007106427963481204
38.8263157 0.5914243367961238 0.007106421390302691
38.8763157 0.5914226188399503 0.007106414908574845
38.9263157 0.5914209247766385 0.007106408517013624
38.9763157 0.5914192542709205 0.007106402214353234
39.0263157 0.5914176069922875 0.007106395999345863
39.0763157 0.5914159826149219 0.007106389870761424
39.1263157 0.5914143808176293 0.007106383827387304
39.1763157 0.5914128012837724 0.007106377868028102
39.2263157 0.5914112437012053 0.007106371991505394
39.2763157 0.5914097077622094 0.007106366196657479
39.3263157 0.5914081931634291 0.007106360482339141
39.3763157 0.5914066996058099 0.007106354847421418
39.4263157 0.5914052267945363 0.007106349290791356
39.4763157 0.5914037744389711 0.007106343811351792
39.5263157 0.5914023422525949 0.007106338408021121
39.5763157 0.5914009299529478 0.007106333079733069
39.6263157 0.591399537261571 0.007106327825436478
39.6763157 0.5913981639039492 0.007106322644095088
39.7263157 0.5913968096094538 0.007106317534687325
39.7763157 0.5913954741112882 0.007106312496206084
39.8263157 0.591394157146432 0.007106307527658527
39.8763157 0.5913928584555869 0.007106302628065878
39.9263157 0.5913915777831239 0.007106297796463217
39.9763157 0.5913903148770305 0.007106293031899285
40.0263157 0.5913890694888591 0.007106288333436291
40.0763157 0.5913878413736753 0.007106283700149713
40.1263157 0.5913866302900087 0.007106279131128108
40.1763157 0.5913854359998026 0.007106274625472931
40.2263157 0.5913842582683654 0.007106270182298344
40.2763157 0.5913830968643222 0.007106265800731037
40.3263157 0.591381951559568 0.007106261479910048
40.3763157 0.5913808221292203 0.007106257218986589
40.4263157 0.5913797083515735 0.007106253017123865
40.4763157 0.5913786100080534 0.007106248873496908
40.5263157 0.5913775268831721 0.007106244787292408
40.5763157 0.5913764587644847 0.007106240757708545
40.6263157 0.5913754054425452 0.007106236783954822
40.6763157 0.5913743667108636 0.007106232865251909
40.7263157 0.5913733423658645 0.007106229000831477
40.7763157 0.5913723322068446 0.007106225189936047
40.8263157 0.5913713360359324 0.007106221431818832
40.8763157 0.5913703536580476 0.007106217725743583
40.9263157 0.591369384880861 0.007106214070984442
40.9763157 0.5913684295147557 0.00710621046682579
41.0263157 0.5913674873727882 0.007106206912562103
41.0763157 0.5913665582706507 0.007106203407497811
41.1263157 0.5913656420266326 0.007106199950947148
41.1763157 0.5913647384615847 0.007106196542234021
41.2263157 0.5913638473988818 0.007106193180691866
41.2763157 0.5913629686643873 0.007106189865663515
41.3263157 0.5913621020864177 0.007106186596501063
41.3763157 0.5913612474957073 0.00710618337256573
41.4263157 0.5913604047253742 0.007106180193227743
41.4763157 0.5913595736108864 0.007106177057866193
41.5263157 0.5913587539900281 0.00710617396586892
41.5763157 0.591357945702867 0.007106170916632386
41.6263157 0.5913571485917217 0.007106167909561549
41.6763157 0.5913563625011297 0.007106164944069741
41.7263157 0.5913555872778159 0.007106162019578558
41.7763157 0.5913548227706616 0.007106159135517733
41.8263157 0.591354068830674 0.007106156291325027
41.8763157 0.5913533253109555 0.007106153486446108
41.9263157 0.5913525920666746 0.007106150720334443
41.9763157 0.5913518689550358 0.007106147992451189
42.0263157 0.5913511558352516 0.00710614530226508
42.0763157 0.5913504525685132 0.00710614264925232
42.1263157 0.5913497590179631 0.00710614003289648
42.1763157 0.5913490750486667 0.007106137452688389
42.2263157 0.591348400527586 0.007106134908126033
42.2763157 0.5913477353235516 0.007106132398714457
42.3263157 0.591347079307237 0.007106129923965657
42.3763157 0.5913464323511323 0.007106127483398489
42.4263157 0.5913457943295183 0.007106125076538568
42.4763157 0.5913451651184413 0.007106122702918174
42.5263157 0.5913445445956879 0.007106120362076153
42.5763157 0.5913439326407606 0.007106118053557831
42.6263157 0.5913433291348534 0.007106115776914915
42.6763157 0.5913427339608279 0.007106113531705411
42.7263157 0.5913421470031895 0.007106111317493525
42.7763157 0.5913415681480646 0.007106109133849586
42.8263157 0.5913409972831769 0.007106106980349948
42.8763157 0.5913404342978257 0.00710610485657691
42.9263157 0.591339879082863 0.00710610276211864
42.9763157 0.591339331530672 0.007106100696569076
43.0263157 0.5913387915351449 0.007106098659527856
43.0763157 0.5913382589916621 0.007106096650600234
43.1263157 0.591337733797071 0.007106094669397002
43.1763157 0.591337215849665 0.007106092715534407
43.2263157 0.5913367050491637 0.007106090788634079
43.2763157 0.5913362012966922 0.007106088888322956
43.3263157 0.5913357044947614 0.007106087014233201
43.3763157 0.5913352145472486 0.007106085166002138
43.4263157 0.5913347313593783 0.007106083343272174
43.4763157 0.5913342548377027 0.007106081545690725
43.5263157 0.5913337848900836 0.007106079772910154
43.5763157 0.5913333214256735 0.007106078024587688
43.6263157 0.5913328643548975 0.007106076300385364
43.6763157 0.5913324135894356 0.007106074599969952
43.7263157 0.5913319690422045 0.007106072923012887
43.7763157 0.591331530627341 0.00710607126919021
43.8263157 0.5913310982601839 0.0071060696381825
43.8763157 0.5913306718572577 0.00710606802967481
43.9263157 0.5913302513362558 0.007106066443356601
43.9763157 0.5913298366160238 0.007106064878921686
44.0263157 0.5913294276165434 0.007106063336068162
44.0763157 0.5913290242589166 0.007106061814498358
44.1263157 0.59132862646535 0.007106060313918767
44.1763157 0.5913282341591386 0.007106058834039992
44.2263157 0.5913278472646515 0.007106057374576687
44.2763157 0.5913274657073159 0.007106055935247503
44.3263157 0.5913270894136028 0.007106054515775024
44.3763157 0.5913267183110121 0.007106053115885723
44.4263157 0.5913263523280583 0.007106051735309896
44.4763157 0.5913259913942559 0.007106050373781616
44.5263157 0.5913256354401061 0.007106049031038679
44.5763157 0.591325284397082 0.007106047706822547
44.6263157 0.5913249381976157 0.007106046400878302
44.6763157 0.5913245967750845 0.007106045112954594
44.7263157 0.5913242600637978 0.007106043842803584
44.7763157 0.5913239279989839 0.007106042590180909
44.8263157 0.5913236005167771 0.00710604135484562
44.8763157 0.5913232775542053 0.007106040136560139
44.9263157 0.5913229590491771 0.007106038935090213
44.9763157 0.5913226449404696 0.007106037750204867
45.0263157 0.5913223351677165 0.007106036581676358
45.0763157 0.5913220296713957 0.007106035429280125
45.1263157 0.5913217283928176 0.007106034292794752
45.1763157 0.5913214312741139 0.007106033172001921
45.2263157 0.5913211382582252 0.007106032066686366
45.2763157 0.5913208492888905 0.007106030976635834
45.3263157 0.5913205643106357 0.007106029901641041
45.3763157 0.5913202832687627 0.007106028841495629
45.4263157 0.5913200061093385 0.007106027795996131
45.4763157 0.5913197327791846 0.007106026764941923
45.5263157 0.5913194632258663 0.007106025748135188
45.5763157 0.5913191973976822 0.00710602474538088
45.6263157 0.5913189352436548 0.007106023756486677
45.6763157 0.5913186767135189 0.007106022781262953
45.7263157 0.5913184217577133 0.007106021819522733
45.7763157 0.5913181703273699 0.007106020871081657
45.8263157 0.5913179223743044 0.007106019935757946
45.8763157 0.5913176778510065 0.007106019013372366
45.9263157 0.5913174367106311 0.00710601810374819
45.9763157 0.5913171989069885 0.007106017206711166
46.0263157 0.5913169643945356 0.00710601632208948
46.0763157 0.5913167331283665 0.007106015449713722
46.1263157 0.5913165050642042 0.007106014589416857
46.1763157 0.5913162801583912 0.007106013741034186
46.2263157 0.5913160583678814 0.007106012904403314
46.2763157 0.5913158396502314 0.007106012079364127
46.3263157 0.5913156239635922 0.007106011265758747
46.3763157 0.5913154112667008 0.007106010463431511
46.4263157 0.5913152015188724 0.007106009672228934
46.4763157 0.5913149946799917 0.007106008891999681
46.5263157 0.5913147907105057 0.007106008122594543
46.5763157 0.5913145895714159 0.007106007363866393
46.6263157 0.5913143912242698 0.007106006615670174
46.6763157 0.5913141956311542 0.007106005877862861
46.7263157 0.5913140027546873 0.00710600515030343
46.7763157 0.5913138125580115 0.007106004432852838
46.8263157 0.5913136250047861 0.007106003725373992
46.8763157 0.5913134400591803 0.007106003027731723
46.9263157 0.5913132576858655 0.007106002339792755
46.9763157 0.5913130778500093 0.007106001661425686
47.0263157 0.5913129005172679 0.007106000992500956
47.0763157 0.5913127256537799 0.007106000332890824
47.1263157 0.5913125532261591 0.007105999682469347
47.1763157 0.5913123832014884 0.007105999041112343
47.2263157 0.5913122155473131 0.007105998408697385
47.2763157 0.5913120502316344 0.007105997785103757
47.3263157 0.5913118872229035 0.007105997170212447
47.3763157 0.5913117264900152 0.007105996563906112
47.4263157 0.5913115680023017 0.007105995966069062
47.4763157 0.5913114117295265 0.007105995376587232
47.5263157 0.5913112576418788 0.007105994795348166
47.5763157 0.5913111057099673 0.00710599422224099
47.6263157 0.5913109559048148 0.007105993657156388
47.6763157 0.5913108081978522 0.007105993099986588
47.7263157 0.591310662560913 0.007105992550625337
47.7763157 0.591310518966228 0.007105992008967878
47.8263157 0.5913103773864192 0.007105991474910933
47.8763157 0.5913102377944953 0.007105990948352682
47.9263157 0.5913101001638458 0.007105990429192738
47.9763157 0.591309964468236 0.007105989917332137
48.0263157 0.5913098306818019 0.007105989412673311
48.0763157 0.5913096987790448 0.007105988915120069
48.1263157 0.5913095687348269 0.007105988424577585
48.1763157 0.5913094405243656 0.007105987940952368
48.2263157 0.5913093141232297 0.007105987464152259
48.2763157 0.5913091895073337 0.007105986994086398
48.3263157 0.591309066652933 0.007105986530665214
48.3763157 0.5913089455366204 0.007105986073800405
48.4263157 0.5913088261353202 0.007105985623404925
48.4763157 0.5913087084262846 0.007105985179392963
48.5263157 0.5913085923870885 0.007105984741679921
48.5763157 0.5913084779956258 0.007105984310182411
48.6263157 0.5913083652301048 0.007105983884818228
48.6763157 0.5913082540690439 0.007105983465506336
48.7263157 0.5913081444912672 0.007105983052166856
48.7763157 0.5913080364759009 0.007105982644721042
48.8263157 0.5913079300023686 0.007105982243091277
48.8763157 0.5913078250503878 0.007105981847201049
48.9263157 0.5913077215999658 0.007105981456974939
48.9763157 0.5913076196313953 0.007105981072338608
49.0263157 0.5913075191252515 0.007105980693218778
49.0763157 0.5913074200623872 0.007105980319543222
49.1263157 0.59130732242393 0.007105979951240748
49.1763157 0.5913072261912783 0.007105979588241184
49.2263157 0.5913071313460971 0.00710597923047537
49.2763157 0.5913070378703156 0.007105978877875133
49.3263157 0.5913069457461223 0.007105978530373288
49.3763157 0.5913068549559626 0.007105978187903612
49.4263157 0.5913067654825351 0.007105977850400839
49.4763157 0.5913066773087878 0.007105977517800649
49.5263157 0.5913065904179152 0.007105977190039643
49.5763157 0.5913065047933549 0.007105976867055345
49.6263157 0.5913064204187843 0.007105976548786184
49.6763157 0.5913063372781175 0.007105976235171478
49.7263157 0.5913062553555022 0.007105975926151429
49.7763157 0.5913061746353163 0.007105975621667105
49.8263157 0.5913060951021655 0.00710597532166044
49.8763157 0.5913060167408793 0.007105975026074204
49.9263157 0.5913059395365092 0.007105974734852008
49.9763157 0.5913058634743248 0.007105974447938286
50.0263157 0.5913057885398114 0.007105974165278285
50.0763157 0.5913057147186673 0.007105973886818056
50.1263157 0.5913056419968005 0.007105973612504443
50.1763157 0.5913055703603264 0.007105973342285067
50.2263157 0.5913054997955649 0.007105973076108325
50.2763157 0.5913054302890377 0.007105972813923376
50.3263157 0.5913053618274658 0.007105972555680126
50.3763157 0.5913052943977669 0.007105972301329227
50.4263157 0.5913052279870528 0.007105972050822061
50.4763157 0.5913051625826266 0.007105971804110735
50.5263157 0.5913050981719805 0.007105971561148066
50.5763157 0.5913050347427937 0.007105971321887576
50.6263157 0.5913049722829293 0.007105971086283485
50.6763157 0.5913049107804325 0.007105970854290695
50.7263157 0.5913048502235276 0.007105970625864787
50.7763157 0.5913047906006167 0.007105970400962012
50.8263157 0.5913047319002764 0.007105970179539275
50.8763157 0.5913046741112563 0.007105969961554142
50.9263157 0.5913046172224764 0.007105969746964815
50.9763157 0.5913045612230249 0.007105969535730133
51.0263157 0.5913045061021565 0.007105969327809563
51.0763157 0.5913044518492897 0.007105969123163188
51.1263157 0.5913043984540054 0.007105968921751708
51.1763157 0.5913043459060443 0.007105968723536422
51.2263157 0.5913042941953051 0.007105968528479225
51.2763157 0.5913042433118425 0.007105968336542604
51.3263157 0.5913041932458654 0.007105968147689622
51.3763157 0.5913041439877348 0.007105967961883922
51.4263157 0.5913040955279618 0.007105967779089709
51.4763157 0.5913040478572062 0.00710596759927175
51.5263157 0.5913040009662742 0.007105967422395364
51.5763157 0.5913039548461166 0.007105967248426418
51.6263157 0.5913039094878276 0.007105967077331314
51.6763157 0.5913038648826422 0.007105966909076993
51.7263157 0.5913038210219352 0.007105966743630917
51.7763157 0.5913037778972192 0.007105966580961073
51.8263157 0.5913037355001428 0.007105966421035954
51.8763157 0.5913036938224894 0.007105966263824568
51.9263157 0.5913036528561749 0.007105966109296421
51.9763157 0.5913036125932468 0.007105965957421514
52.0263157 0.5913035730258824 0.007105965808170338
52.0763157 0.5913035341463869 0.00710596566151387
52.1263157 0.5913034959471924 0.007105965517423559
52.1763157 0.5913034584208563 0.007105965375871332
52.2263157 0.5913034215600592 0.007105965236829578
52.2763157 0.5913033853576046 0.007105965100271154
52.3263157 0.5913033498064166 0.007105964966169364
52.3763157 0.5913033148995387 0.007105964834497972
52.4263157 0.5913032806301324 0.007105964705231177
52.4763157 0.5913032469914761 0.007105964578343629
52.5263157 0.5913032139769635 0.007105964453810405
52.5763157 0.5913031815801025 0.007105964331607017
52.6263157 0.5913031497945136 0.007105964211709401
52.6763157 0.5913031186139289 0.007105964094093913
52.7263157 0.5913030880321908 0.007105963978737325
52.7763157 0.5913030580432507 0.007105963865616822
52.8263157 0.591303028641168 0.007105963754709995
52.8763157 0.5913029998201086 0.007105963645994836
52.9263157 0.5913029715743439 0.007105963539449737
52.9763157 0.5913029438982496 0.007105963435053482
53.0263157 0.5913029167863048 0.007105963332785245
53.0763157 0.5913028902330906 0.007105963232624586
53.1263157 0.5913028642332891 0.007105963134551446
53.1763157 0.5913028387816825 0.00710596303854614
53.2263157 0.5913028138731519 0.007105962944589362
53.2763157 0.5913027895026761 0.007105962852662169
53.3263157 0.5913027656653309 0.007105962762745987
53.3763157 0.591302742356288 0.007105962674822604
53.4263157 0.5913027195708138 0.007105962588874163
53.4763157 0.5913026973042691 0.007105962504883165
53.5263157 0.5913026755521071 0.00710596242283246
53.5763157 0.5913026543098736 0.007105962342705243
53.6263157 0.5913026335732051 0.007105962264485056
53.6763157 0.5913026133378289 0.007105962188155783
53.7263157 0.5913025935995611 0.007105962113701641
53.7763157 0.5913025743543068 0.007105962041107183
53.8263157 0.5913025555980588 0.007105961970357295
53.8763157 0.5913025373268965 0.007105961901437185
53.9263157 0.5913025195369856 0.007105961834332393
53.9763157 0.5913025022245771 0.007105961769028774
54.0263157 0.5913024853860063 0.007105961705512507
54.0763157 0.5913024690176921 0.007105961643770084
54.1263157 0.5913024531161369 0.007105961583788309
54.1763157 0.5913024376779252 0.007105961525554299
54.2263157 0.5913024226997228 0.007105961469055479
54.2763157 0.5913024081782766 0.007105961414279577
54.3263157 0.5913023941104135 0.007105961361214622
54.3763157 0.59130238049304 0.007105961309848947
54.4263157 0.5913023673231412 0.007105961260171178
54.4763157 0.5913023545977808 0.007105961212170241
54.5263157 0.5913023423140997 0.007105961165835349
54.5763157 0.591302330469316 0.00710596112115601
54.6263157 0.5913023190607239 0.007105961078122017
54.6763157 0.5913023080856937 0.007105961036723448
54.7263157 0.5913022975416705 0.00710596099695067
54.7763157 0.5913022874261742 0.007105960958794325
54.8263157 0.5913022777367987 0.007105960922245337
54.8763157 0.5913022684712116 0.007105960887294908
54.9263157 0.5913022596271535 0.007105960853934518
54.9763157 0.5913022512024375 0.007105960822155914
55.0263157 0.5913022431949485 0.007105960791951119
55.0763157 0.5913022356026433 0.007105960763312426
55.1263157 0.5913022284235494 0.007105960736232396
55.1763157 0.5913022216557654 0.007105960710703853
55.2263157 0.5913022152974596 0.007105960686719892
55.2763157 0.5913022093468704 0.007105960664273865
55.3263157 0.5913022038023052 0.007105960643359389
55.3763157 0.5913021986621406 0.007105960623970339
55.4263157 0.5913021939248218 0.007105960606100851
55.4763157 0.5913021895888616 0.007105960589745315
55.5263157 0.5913021856528412 0.007105960574898379
55.5763157 0.591302182115409 0.007105960561554945
55.6263157 0.5913021789752804 0.007105960549710168
55.6763157 0.5913021762312376 0.007105960539359453
55.7263157 0.5913021738821291 0.007105960530498457
55.7763157 0.5913021719268698 0.007105960523123086
55.8263157 0.5913021703644401 0.007105960517229495
55.8763157 0.591302169193886 0.007105960512814086
55.9263157 0.5913021684143187 0.007105960509873505
55.9763157 0.5913021680249146 0.007105960508404646
56.0263157 0.5913021680249146 0.007105960508404646
