6.2894735 5.157343813651336 0.5230476638835482
6.3394735 4.988622255744255 0.4418472964169101
6.389473499999999 4.832242169315016 0.3778893039573109
6.4394735 4.686575313794017 0.3266717764449596
6.4894735 4.550303804591572 0.2850632358900487
6.5394735 4.422345407716072 0.2508324488970372
6.5894735 4.301800055947977 0.2223558714469975
6.639473499999999 4.187910743546613 0.1984300662934005
6.6894735 4.080034398376442 0.1781482092160416
6.7394735 3.977619825087749 0.1608168632756966
6.7894735 3.880190754618737 0.1458987075936233
6.8394735 3.787332643804048 0.1329723808587737
6.889473499999999 3.698682271196113 0.121703844432465
6.9394735 3.613919446716488 0.11182564432341
6.9894735 3.532760339420069 0.1031216814928121
7.0394735 3.454952058174099 0.09541588306495259
7.0894735 3.380268212731901 0.08856367538643523
7.139473499999999 3.308505249426143 0.08244549585463737
7.1894735 3.239479404404012 0.07696180616781924
7.2394735 3.173024153286005 0.07202922363187124
7.2894735 3.108988062980264 0.06757749368407918
7.3394735 3.047232971641197 0.06354710145621012
7.389473499999999 2.987632438191405 0.05988737316759783
7.4394735 2.930070414685885 0.05655495614493648
7.4894735 2.874440103990098 0.05351259382605661
7.5394735 2.820642972425252 0.05072813229026063
7.5894735 2.768587892686561 0.04817370977995739
7.639473499999999 2.718190396820236 0.04582509180690194
7.6894735 2.669372022619181 0.0436611228046877
7.7394735 2.622059739666731 0.04166327163123127
7.7894735 2.576185443574885 0.03981525306710752
7.8394735 2.53168550884521 0.03810271117847123
7.889473499999999 2.488500392316746 0.03651295329472368
7.9394735 2.446574280425701 0.03503472559535731
7.9894735 2.405854774540948 0.03365802305894971
8.0394735 2.366292609500036 0.03237392791311305
8.0894735 2.327841401186453 0.03117447182229579
8.139473499999999 2.290457419586951 0.03005251792496735
8.1894735 2.254099384269413 0.02900165953183906
8.239473499999999 2.218728279644021 0.02801613285987995
8.2894735 2.184307187727355 0.02709074163185473
8.3394735 2.150801136431624 0.02622079174032239
8.389473499999999 2.118176961658683 0.02540203447590669
8.4394735 2.086403181698242 0.02463061706582279
8.489473499999999 2.055449882617807 0.02390303947084334
8.5394735 2.025288613493506 0.02321611655558454
8.5894735 1.995892290470102 0.0225669448849142
8.639473499999999 1.967235108758706 0.02195287351379294
8.6894735 1.939292461784793 0.02137147823324393
8.739473499999999 1.912040866789496 0.02082053881485769
8.7894735 1.885457896265829 0.02029801886305694
8.8394735 1.859522114680126 0.01980204794052482
8.889473499999999 1.834213019988987 0.01933090567957007
8.9394735 1.809510989514696 0.01888300763225564
8.989473499999999 1.785397229788225 0.01845689264607702
9.0394735 1.761853730009696 0.01805121158084292
9.0894735 1.73886321881202 0.01766471720701205
9.139473499999999 1.716409124045189 0.01729625514675626
9.1894735 1.694475535326775 0.01694475573701749
9.239473499999999 1.673047169129137 0.01660922670927293
9.2894735 1.65210933619599 0.01628874659401139
9.3394735 1.631647911100711 0.01598245876937942
9.389473499999999 1.611649303776383 0.01568956608335292
9.4394735 1.592100432863288 0.01540932598735764
9.489473499999999 1.57298870073363 0.01514104612669405
9.5394735 1.554301970065904 0.01488408033958123
9.5894735 1.536028541852629 0.01463782502225869
9.639473499999999 1.518157134735366 0.01440171582249135
9.6894735 1.500676865570091 0.0141752246281109
9.739473499999999 1.483577231134277 0.01395785682097997
9.7894735 1.466848090894489 0.01374914877005749
9.8394735 1.450479650760053 0.01354866554013458
9.889473499999999 1.434462447754464 0.01335599879535413
9.9394735 1.418787335541743 0.01317076487886853
9.989473499999999 1.40344547074997 0.01299260305196809
10.0394735 1.388428300038793 0.01282117387776098
10.0894735 1.37372754786188 0.012656157736033
10.1394735 1.359335204879038 0.01249725345728711
10.1894735 1.345243516976211 0.01234417706518026
10.2394735 1.331444974854688 0.01219666061765719
10.2894735 1.317932304153755 0.01205445113804404
10.3394735 1.304698456073653 0.01191730962822319
10.3894735 1.291736598468117 0.01178501015677622
10.4394735 1.279040107377971 0.0116573390156668
10.4894735 1.26660255897932 0.01153409393964699
10.5394735 1.254417721921701 0.01141508338311879
10.5894735 1.242479550033308 0.01130012584967437
10.6394735 1.230782175371958 0.01118904926997966
10.6894735 1.219319901601929 0.01108169042406239
10.7394735 1.20808719767815 0.01097789440442251
10.7894735 1.197078691820442 0.01087751411670413
10.8394735 1.186289165761674 0.01078040981495781
10.8894735 1.175713549254721 0.01068644866878351
10.9394735 1.165346914824128 0.0105955043598804
10.9894735 1.155184472749265 0.01050745670574367
11.0394735 1.145221566266589 0.01042219130844142
11.0894735 1.135453666979427 0.01033959922658015
11.1394735 1.125876370464412 0.01025957666872609
11.1894735 1.116485392064347 0.01018202470669363
11.2394735 1.107276562857942 0.0101068490072435
11.2894735 1.098245825797395 0.01003395958085209
11.3394735 1.089389232005375 0.009963270546321942
11.3894735 1.080702937223434 0.009894699910102171
11.4394735 1.072183198404355 0.009828169359277545
11.4894735 1.063826370441377 0.009763604067267222
11.5394735 1.05562890302766 0.009700932511349108
11.5894735 1.047587337639694 0.009640086301194362
11.6394735 1.039698304638766 0.009581000017659358
11.6894735 1.031958520484876 0.009523611061139735
11.7394735 1.024364785057854 0.009467859508843851
11.7894735 1.016913979080671 0.009413687980391073
11.8394735 1.009603061640262 0.009361041511184637
11.8894735 1.002429067801385 0.009309867433049384
11.9394735 0.9953891063093118 0.009260115261661981
11.9894735 0.9884803573773706 0.009211736590335555
12.0394735 0.9817000705555385 0.009164684989752156
12.0894735 0.9750455626765256 0.009118915913265654
12.1394735 0.9685142158759455 0.009074386607424219
12.1894735 0.9621034756833559 0.00903105602738646
12.2394735 0.9558108491811136 0.008988884756927785
12.2894735 0.9496339032281468 0.008947834932754814
12.3394735 0.9435702627458877 0.008907870172864835
12.3894735 0.9376176090637524 0.008868955508705412
12.4394735 0.9317736783216796 0.008831057320905717
12.4894735 0.9260362599273654 0.008794143278366546
12.5394735 0.9204031950659433 0.008758182280510198
12.5894735 0.9148723752599714 0.008723144402504499
12.6394735 0.9094417409776887 0.008689000843287513
12.6894735 0.9041092802875991 0.008655723876230767
12.7394735 0.8988730275575362 0.0086232868022893
12.7894735 0.8937310621964474 0.008591663905496627
12.8394735 0.888681507437216 0.008560830410671747
12.8894735 0.8837225291589214 0.00853076244321373
12.9394735 0.8788523347470073 0.008501436990867294
12.9894735 0.8740691719899016 0.008472831867349977
13.0394735 0.8693713280106924 0.00844492567773842
13.0894735 0.8647571282325325 0.008417697785517451
13.1394735 0.8602249353765008 0.008391128281201679
13.1894735 0.8557731484907058 0.008365197952444671
13.2394735 0.8514002020094709 0.00833988825555604
13.2894735 0.84710456484149 0.008315181288351405
13.3394735 0.8428847394858936 0.008291059764264787
13.3894735 0.838739261175206 0.008267506987657063
13.4394735 0.834666697044223 0.008244506830258047
13.4894735 0.8306656453238772 0.008222043708683416
13.5394735 0.8267347345591995 0.008200102562971094
13.5894735 0.8228726228505218 0.008178668836084872
13.6394735 0.8190779971171004 0.008157728454336075
13.6894735 0.8153495723823772 0.008137267808676862
13.7394735 0.8116860910801226 0.008117273736821346
13.7894735 0.8080863223807407 0.008097733506153226
13.8394735 0.8045490615370418 0.008078634797380869
13.8894735 0.8010731292488166 0.008059965688903017
13.9394735 0.7976573710455768 0.008041714641850229
13.9894735 0.794300656686845 0.008023870485769182
14.0394735 0.7910018795794079 0.008006422404918662
14.0894735 0.7877599562109653 0.007989359925147774
14.1394735 0.7845738255996328 0.007972672901328566
14.1894735 0.781442448758775 0.007956351505316582
14.2394735 0.7783648081766658 0.007940386214414466
14.2894735 0.7753399073104946 0.007924767800314876
14.3394735 0.7723667700942523 0.007909487318500323
14.3894735 0.7694444404600504 0.007894536098078676
14.4394735 0.766571981872443 0.007879905732034165
14.4894735 0.763748476875337 0.00786558806787481
14.5394735 0.7609730266510927 0.007851575198658095
14.5894735 0.7582447505914294 0.007837859454377706
14.6394735 0.7555627858797676 0.007824433393695023
14.6894735 0.7529262870846498 0.007811289795999768
14.7394735 0.7503344257638981 0.007798421653785189
14.7894735 0.7477863900791757 0.007785822165323688
14.8394735 0.745281384420635 0.007773484727629625
14.8894735 0.7428186290413429 0.007761402929696638
14.9394735 0.740397359701188 0.007749570545997467
14.9894735 0.738016827319982 0.007737981530234802
15.0394735 0.7356762976394794 0.007726630009332301
15.0894735 0.7333750508940502 0.007715510277655387
15.1394735 0.7311123814897459 0.007704616791451991
15.1894735 0.7288875976915121 0.007693944163503798
15.2394735 0.7267000213183071 0.007683487157979093
15.2894735 0.7245489874458947 0.00767324068547866
15.3394735 0.7224338441170879 0.007663199798266594
15.3894735 0.7203539520592264 0.007653359685678318
15.4394735 0.7183086844086798 0.007643715669698376
15.4894735 0.7162974264421735 0.007634263200700996
15.5394735 0.714319575314743 0.007624997853346677
15.5894735 0.7123745398041269 0.007615915322628399
15.6394735 0.710461740061417 0.007607011420061348
15.6894735 0.7085806073677883 0.007598282070010293
15.7394735 0.7067305838971371 0.007589723306149048
15.7894735 0.7049111224844649 0.007581331268046708
15.8394735 0.7031216863998442 0.007573102197875533
15.8894735 0.7013617491278149 0.007565032437235657
15.9394735 0.699630794152059 0.007557118424091952
15.9894735 0.6979283147452098 0.007549356689818619
16.0394735 0.6962538137636552 0.007541743856347239
16.0894735 0.6946068034471979 0.007534276633414248
16.1394735 0.692986805223442 0.007526951815903939
16.1894735 0.6913933495167773 0.007519766281283264
16.2394735 0.6898259755618389 0.007512716987124913
16.2894735 0.6882842312213204 0.007505800968715216
16.3394735 0.6867676728080264 0.007499015336743656
16.3894735 0.6852758649110504 0.00749235727507086
16.4394735 0.683808380225969 0.007485824038572056
16.4894735 0.6823647993889479 0.007479412951053169
16.5394735 0.680944710814655 0.007473121403236796
16.5894735 0.6795477105378827 0.007466946850815431
16.6394735 0.6781734020587814 0.007460886812569427
16.6894735 0.6768213961916125 0.007454938868547293
16.7394735 0.6754913109169274 0.007449100658305982
16.7894735 0.6741827712370865 0.007443369879208983
16.8394735 0.6728954090350311 0.007437744284780065
16.8894735 0.6716288629362265 0.007432221683110655
16.9394735 0.6703827781736934 0.007426799935318858
16.9894735 0.669156806456052 0.007421476954058284
17.0394735 0.6679506058385003 0.007416250702074823
17.0894735 0.6667638405966547 0.007411119190809694
17.1394735 0.6655961811031791 0.007406080479047066
17.1894735 0.6644473037071347 0.00740113267160466
17.2394735 0.6633168906159818 0.007396273918065815
17.2894735 0.6622046297801676 0.007391502411551535
17.3394735 0.661110214780237 0.007386816387531095
17.3894735 0.6600333447164028 0.007382214122669856
17.4394735 0.6589737241005166 0.007377693933712983
17.4894735 0.6579310627503802 0.007373254176403806
17.5394735 0.6569050756863416 0.007368893244435614
17.5894735 0.655895483030119 0.007364609568435727
17.6394735 0.6549020099057997 0.007360401614980732
17.6894735 0.653924386342961 0.00735626788564179
17.7394735 0.6529623471818619 0.007352206916059019
17.7894735 0.6520156319806566 0.007348217275043912
17.8394735 0.6510839849245805 0.007344297563708876
17.8894735 0.6501671547370628 0.007340446414622945
17.9394735 0.6492648945927186 0.007336662490992798
17.9894735 0.6483769620321781 0.007332944485868214
18.0394735 0.6475031188787066 0.007329291121371162
18.0894735 0.6466431311565759 0.007325701147947715
18.1394735 0.6457967690111448 0.007322173343642047
18.1894735 0.6449638066306089 0.007318706513391763
18.2394735 0.6441440221693804 0.007315299488343876
18.2894735 0.6433371976730609 0.007311951125190721
18.3394735 0.6425431190049694 0.007308660305525189
18.3894735 0.6417615757741907 0.007305425935214609
18.4394735 0.6409923612651074 0.007302246943792701
18.4894735 0.6402352723683836 0.007299122283869004
18.5394735 0.6394901095133656 0.007296050930555196
18.5894735 0.6387566766018671 0.007293031880907796
18.6394735 0.6380347809433093 0.007290064153386677
18.6894735 0.6373242331911826 0.007287146787328935
18.7394735 0.6366248472808014 0.00728427884243757
18.7894735 0.6359364403683232 0.007281459398284553
18.8394735 0.6352588327710026 0.007278687553827794
18.8894735 0.6345918479086531 0.007275962426941589
18.9394735 0.6339353122462887 0.007273283153960115
18.9894735 0.6332890552379213 0.007270648889233553
19.0394735 0.6326529092714848 0.007268058804696475
19.0894735 0.6320267096148638 0.007265512089448073
19.1394735 0.6314102943630012 0.007263007949343897
19.1894735 0.6308035043860609 0.007260545606598724
19.2394735 0.6302061832786229 0.007258124299400232
19.2894735 0.6296181773098866 0.007255743281533127
19.3394735 0.6290393353748631 0.007253401822013419
19.3894735 0.6284695089465318 0.007251099204732534
19.4394735 0.6279085520289421 0.007248834728110966
19.4894735 0.6273563211112395 0.007246607704761157
19.5394735 0.6268126751225952 0.007244417461159367
19.5894735 0.6262774753880208 0.007242263337326235
19.6394735 0.625750585585048 0.00724014468651576
19.6894735 0.6252318717012556 0.007238060874912495
19.7394735 0.6247212019926248 0.00723601128133666
19.7894735 0.6242184469427055 0.007233995296956973
19.8394735 0.6237234792225762 0.007232012325010946
19.8894735 0.6232361736515811 0.007230061780532452
19.9394735 0.6227564071588264 0.00722814309008633
19.9894735 0.6222840587454214 0.007226255691509819
20.0394735 0.6218190094474476 0.007224399033660646
20.0894735 0.6213611422996416 0.007222572576171544
20.1394735 0.6209103422997742 0.007220775789211038
20.1894735 0.6204664963737146 0.00721900815325031
20.2394735 0.6200294933411628 0.007217269158835945
20.2894735 0.6195992238820364 0.007215558306368449
20.3394735 0.6191755805034997 0.007213875105886293
20.3894735 0.6187584575076209 0.007212219076855399
20.4394735 0.6183477509596425 0.007210589747963865
20.4894735 0.6179433586568558 0.00720898665692181
20.5394735 0.6175451800980646 0.007207409350266172
20.5894735 0.6171531164536255 0.00720585738317033
20.6394735 0.6167670705360553 0.00720433031925843
20.6894735 0.6163869467711914 0.007202827730424246
20.7394735 0.6160126511698952 0.007201349196654491
20.7894735 0.6156440913002874 0.007199894305856428
20.8394735 0.6152811762605035 0.007198462653689664
20.8894735 0.6149238166519598 0.007197053843402028
20.9394735 0.6145719245531189 0.007195667485669403
20.9894735 0.6142254134937453 0.007194303198439415
21.0394735 0.6138841984296397 0.007192960606778862
21.0894735 0.6135481957178448 0.007191639342724804
21.1394735 0.6132173230923103 0.007190339045139174
21.1894735 0.6128914996400094 0.007189059359566872
21.2394735 0.6125706457774988 0.007187799938097188
21.2894735 0.6122546832279098 0.007186560439228509
21.3394735 0.6119435349983662 0.007185340527736201
21.3894735 0.6116371253578171 0.007184139874543587
21.4394735 0.611335379815278 0.007182958156595936
21.4894735 0.6110382250984719 0.007181795056737392
21.5394735 0.6107455891328623 0.007180650263590746
21.5894735 0.6104574010210688 0.007179523471440003
21.6394735 0.6101735910226624 0.007178414380115641
21.6894735 0.6098940905343263 0.007177322694882522
21.7394735 0.609618832070381 0.00717624812633036
21.7894735 0.6093477492436631 0.007175190390266693
21.8394735 0.6090807767467513 0.007174149207612289
21.8894735 0.608817850333535 0.007173124304298935
21.9394735 0.6085589068011152 0.007172115411169522
21.9894735 0.6083038839720348 0.007171122263880395
22.0394735 0.6080527206768289 0.007170144602805896
22.0894735 0.607805356736891 0.007169182172945043
22.1394735 0.6075617329476476 0.007168234723830296
22.1894735 0.6073217910620368 0.00716730200943835
22.2394735 0.6070854737742827 0.007166383788102918
22.2894735 0.606852724703962 0.007165479822429441
22.3394735 0.6066234883803565 0.007164589879211673
22.3894735 0.606397710227085 0.007163713729350108
22.4394735 0.6061753365470109 0.007162851147772199
22.4894735 0.6059563145074194 0.007162001913354317
22.5394735 0.6057405921254583 0.007161165808845406
22.5894735 0.6055281182538393 0.007160342620792319
22.6394735 0.6053188425667929 0.007159532139466741
22.6894735 0.6051127155462732 0.007158734158793719
22.7394735 0.6049096884684079 0.00715794847628172
22.7894735 0.6047097133901873 0.007157174892954189
22.8394735 0.6045127431363908 0.007156413213282579
22.8894735 0.6043187312867428 0.007155663245120817
22.9394735 0.6041276321632966 0.007154924799641143
22.9894735 0.6039394008180399 0.007154197691271343
23.0394735 0.6037539930207196 0.007153481737633288
23.0894735 0.6035713652468799 0.00715277675948278
23.1394735 0.6033914746661115 0.007152082580650664
23.1894735 0.6032142791305063 0.007151399027985177
23.2394735 0.6030397371633144 0.0071507259312955
23.2894735 0.6028678079478011 0.007150063123296498
23.3394735 0.6026984513162973 0.007149410439554599
23.3894735 0.6025316277394412 0.007148767718434812
23.4394735 0.6023672983156092 0.00714813480104882
23.4894735 0.602205424760529 0.00714751153120417
23.5394735 0.6020459693970753 0.007146897755354495
23.5894735 0.6018888951452421 0.007146293322550761
23.6394735 0.6017341655122889 0.007145698084393514
23.6894735 0.6015817445830584 0.007145111894986103
23.7394735 0.601431597010462 0.007144534610888858
23.7894735 0.6012836880061296 0.00714396609107419
23.8394735 0.6011379833312214 0.007143406196882618
23.8894735 0.6009944492873982 0.007142854791979672
23.9394735 0.600853052707948 0.007142311742313666
23.9894735 0.6007137609490646 0.007141776916074326
24.0394735 0.6005765418812775 0.007141250183652252
24.0894735 0.6004413638810281 0.007140731417599169
24.1394735 0.6003081958223914 0.007140220492589002
24.1894735 0.6001770070689394 0.007139717285379706
24.2394735 0.6000477674657443 0.00713922167477586
24.2894735 0.5999204473315179 0.007138733541592003
24.3394735 0.5997950174508868 0.007138252768616689
24.3894735 0.5996714490667981 0.007137779240577262
24.4394735 0.5995497138730562 0.007137312844105312
24.4894735 0.5994297840069857 0.007136853467702817
24.5394735 0.5993116320422197 0.007136401001708942
24.5894735 0.5991952309816118 0.00713595533826749
24.6394735 0.5990805542502667 0.007135516371294986
24.6894735 0.5989675756886911 0.007135083996449381
24.7394735 0.5988562695460595 0.007134658111099362
24.7894735 0.5987466104735952 0.007134238614294261
24.8394735 0.5986385735180625 0.007133825406734531
24.8894735 0.5985321341153693 0.00713341839074281
24.9394735 0.5984272680842785 0.007133017470235524
24.9894735 0.5983239516202247 0.007132622550695043
25.0394735 0.5982221612892354 0.007132233539142369
25.0894735 0.5981218740219556 0.00713185034411034
25.1394735 0.5980230671077715 0.007131472875617344
25.1894735 0.5979257181890343 0.007131101045141552
25.2394735 0.5978298052553804 0.007130734765595601
25.2894735 0.5977353066381478 0.007130373951301797
25.3394735 0.5976422010048846 0.007130018517967754
25.3894735 0.5975504673539518 0.00712966838266251
25.4394735 0.5974600850092142 0.007129323463793085
25.4894735 0.597371033614822 0.007128983681081486
25.5394735 0.5972832931300786 0.007128648955542123
25.5894735 0.5971968438243939 0.007128319209459675
25.6394735 0.597111666272323 0.007127994366367342
25.6894735 0.5970277413486866 0.007127674351025516
25.7394735 0.5969450502237731 0.007127359089400849
25.7894735 0.59686357435862 0.007127048508645695
25.8394735 0.5967832955003751 0.007126742537077948
25.8894735 0.5967041956777329 0.007126441104161243
25.9394735 0.5966262571964487 0.007126144140485522
25.9894735 0.5965494626349254 0.00712585157774796
26.0394735 0.5964737948398746 0.007125563348734236
26.0894735 0.5963992369220493 0.007125279387300152
26.1394735 0.5963257722520469 0.007124999628353584
26.1894735 0.5962533844561814 0.007124724007836768
26.2394735 0.5961820574124247 0.007124452462708892
26.2894735 0.596111775246414 0.00712418493092903
26.3394735 0.5960425223275256 0.007123921351439356
26.3894735 0.5959742832650128 0.007123661664148693
26.4394735 0.5959070429042079 0.007123405809916326
26.4894735 0.5958407863227868 0.007123153730536136
26.5394735 0.5957754988270942 0.007122905368721
26.5894735 0.5957111659485304 0.007122660668087482
26.6394735 0.5956477734399955 0.007122419573140786
26.6894735 0.5955853072723944 0.007122182029260001
26.7394735 0.595523753631197 0.00712194798268358
26.7894735 0.5954630989130557 0.007121717380495104
26.8394735 0.5954033297224778 0.00712149017060928
26.8894735 0.5953444328685529 0.007121266301758202
26.9394735 0.5952863953617331 0.007121045723477851
26.9894735 0.5952292044106662 0.007120828386094825
27.0394735 0.5951728474190801 0.007120614240713322
27.0894735 0.5951173119827187 0.007120403239202332
27.1394735 0.5950625858863268 0.007120195334183069
27.1894735 0.5950086571006851 0.007119990479016628
27.2394735 0.5949555137796922 0.007119788627791835
27.2894735 0.5949031442574952 0.007119589735313338
27.3394735 0.5948515370456664 0.007119393757089887
27.3894735 0.594800680830425 0.007119200649322835
27.4394735 0.5947505644699058 0.007119010368894818
27.4894735 0.5947011769914702 0.007118822873358655
27.5394735 0.5946525075890614 0.007118638120926425
27.5894735 0.5946045456206034 0.007118456070458744
27.6394735 0.5945572806054402 0.007118276681454218
27.6894735 0.5945107022218179 0.007118099914039092
27.7394735 0.5944648003044067 0.007117925728957059
27.7894735 0.5944195648418635 0.007117754087559266
27.8394735 0.5943749859744326 0.007117584951794477
27.8894735 0.5943310539915866 0.007117418284199411
27.9394735 0.5942877593297039 0.007117254047889245
27.9894735 0.594245092569785 0.007117092206548284
28.0394735 0.5942030444352038 0.007116932724420781
28.0894735 0.5941616057894965 0.007116775566301926
28.1394735 0.5941207676341854 0.007116620697528979
28.1894735 0.5940805211066377 0.007116468083972559
28.2394735 0.5940408574779583 0.007116317692028087
28.2894735 0.5940017681509172 0.007116169488607359
28.3394735 0.593963244657909 0.00711602344113028
28.3894735 0.593925278658946 0.007115879517516721
28.4394735 0.5938878619396829 0.007115737686178531
28.4894735 0.5938509864094735 0.007115597916011676
28.5394735 0.5938146440994577 0.007115460176388502
28.5894735 0.5937788271606798 0.007115324437150146
28.6394735 0.5937435278622359 0.007115190668599064
28.6894735 0.5937087385894528 0.007115058841491686
28.7394735 0.593674451842093 0.007114928927031194
28.7894735 0.5936406602325907 0.007114800896860429
28.8394735 0.5936073564843147 0.007114674723054905
28.8894735 0.5935745334298596 0.007114550378115944
28.9394735 0.5935421840093631 0.007114427834963933
28.9894735 0.5935103012688515 0.007114307066931686
29.0394735 0.5934788783586101 0.00711418804775792
29.0894735 0.5934479085315805 0.007114070751580834
29.1394735 0.5934173851417822 0.007113955152931805
29.1894735 0.5933873016427605 0.00711384122672918
29.2394735 0.5933576515860579 0.007113728948272171
29.2894735 0.5933284286197102 0.007113618293234867
29.3394735 0.5932996264867665 0.007113509237660317
29.3894735 0.5932712390238321 0.007113401757954739
29.4394735 0.5932432601596348 0.007113295830881801
29.4894735 0.593215683913614 0.00711319143355702
29.5394735 0.5931885043945316 0.007113088543442229
29.5894735 0.5931617157991048 0.007112987138340158
29.6394735 0.5931353124106609 0.007112887196389084
29.6894735 0.5931092885978131 0.007112788696057584
29.7394735 0.5930836388131572 0.007112691616139368
29.7894735 0.5930583575919881 0.007112595935748194
29.8394735 0.5930334395510378 0.007112501634312868
29.8894735 0.5930088793872322 0.007112408691572336
29.9394735 0.5929846718764678 0.007112317087570837
29.9894735 0.5929608118724071 0.007112226802653152
30.0394735 0.5929372943052944 0.007112137817459919
30.0894735 0.592914114180788 0.007112050112923035
30.1394735 0.5928912665788123 0.00711196367026112
30.1894735 0.5928687466524277 0.00711187847097507
30.2394735 0.5928465496267172 0.007111794496843669
30.2894735 0.5928246707976915 0.007111711729919274
30.3394735 0.5928031055312111 0.007111630152523581
30.3894735 0.5927818492619241 0.007111549747243449
30.4394735 0.5927608974922227 0.007111470496926789
30.4894735 0.5927402457912136 0.007111392384678531
30.5394735 0.5927198897937064 0.007111315393856649
30.5894735 0.5926998251992163 0.007111239508068247
30.6394735 0.5926800477709838 0.007111164711165718
30.6894735 0.5926605533350084 0.007111090987242952
30.7394735 0.5926413377790982 0.007111018320631618
30.7894735 0.5926223970519336 0.007110946695897497
30.8394735 0.5926037271621463 0.007110876097836874
30.8894735 0.5925853241774117 0.007110806511472995
30.9394735 0.5925671842235566 0.007110737922052574
30.9894735 0.5925493034836795 0.007110670315042355
31.0394735 0.5925316781972857 0.007110603676125738
31.0894735 0.5925143046594348 0.007110537991199448
31.1394735 0.5924971792199022 0.007110473246370268
31.1894735 0.5924802982823529 0.007110409427951805
31.2394735 0.5924636583035292 0.007110346522461339
31.2894735 0.5924472557924495 0.00711028451661669
31.3394735 0.5924310873096206 0.007110223397333155
31.3894735 0.5924151494662621 0.00711016315172049
31.4394735 0.5923994389235419 0.007110103767079923
31.4894735 0.5923839523918247 0.007110045230901252
31.5394735 0.5923686866299316 0.007109987530859944
31.5894735 0.5923536384444106 0.007109930654814318
31.6394735 0.5923388046888193 0.007109874590802744
31.6894735 0.5923241822630178 0.007109819327040907
31.7394735 0.5923097681124734 0.007109764851919105
31.7894735 0.5922955592275754 0.007109711153999585
31.8394735 0.59228155264296 0.007109658222013935
31.8894735 0.5922677454368471 0.0071096060448605
31.9394735 0.5922541347303858 0.007109554611601858
31.9894735 0.5922407176870104 0.007109503911462314
32.0394735 0.5922274915118068 0.007109453933825452
32.0894735 0.5922144534508883 0.007109404668231716
32.1394735 0.592201600790781 0.007109356104376035
32.18947350000001 0.592188930857818 0.007109308232105473
32.2394735 0.5921764410175442 0.007109261041416932
32.2894735 0.5921641286741292 0.007109214522454879
32.3394735 0.5921519912697896 0.007109168665509118
32.3894735 0.5921400262842199 0.007109123461012584
32.43947350000001 0.5921282312340327 0.007109078899539188
32.4894735 0.5921166036722064 0.007109034971801678
32.5394735 0.592105141187543 0.00710899166864955
32.5894735 0.592093841404132 0.007108948981066982
32.6394735 0.5920827019808247 0.007108906900170801
32.68947350000001 0.5920717206107151 0.007108865417208479
32.7394735 0.5920608950206291 0.00710882452355617
32.7894735 0.5920502229706216 0.007108784210716776
32.8394735 0.5920397022534816 0.007108744470318023
32.8894735 0.592029330694244 0.007108705294110599
32.93947350000001 0.5920191061497097 0.007108666673966294
32.9894735 0.592009026507972 0.007108628601876182
33.0394735 0.5919990896879522 0.007108591069948835
33.0894735 0.5919892936389393 0.007108554070408549
33.1394735 0.5919796363401394 0.007108517595593609
33.18947350000001 0.5919701158002307 0.007108481637954585
33.2394735 0.5919607300569253 0.007108446190052637
33.2894735 0.5919514771765378 0.007108411244557869
33.3394735 0.5919423552535609 0.007108376794247688
33.3894735 0.5919333624102463 0.007108342832005199
33.43947350000001 0.5919244967961933 0.007108309350817624
33.4894735 0.591915756587943 0.007108276343774746
33.5394735 0.5919071399885784 0.007108243804067368
33.5894735 0.5918986452273308 0.007108211724985812
33.6394735 0.5918902705591927 0.007108180099918422
33.68947350000001 0.5918820142645358 0.007108148922350109
33.7394735 0.5918738746487349 0.007108118185860905
33.7894735 0.5918658500417978 0.00710808788412454
33.8394735 0.5918579387980011 0.007108058010907052
33.8894735 0.5918501392955301 0.007108028560065404
33.93947350000001 0.5918424499361264 0.007107999525546133
33.9894735 0.5918348691447384 0.007107970901384016
34.0394735 0.5918273953691787 0.007107942681700749
34.0894735 0.5918200270797866 0.007107914860703662
34.1394735 0.5918127627690944 0.007107887432684439
34.18947350000001 0.5918056009515007 0.007107860392017868
34.2394735 0.5917985401629464 0.007107833733160602
34.2894735 0.5917915789605979 0.007107807450649942
34.3394735 0.5917847159225329 0.007107781539102642
34.3894735 0.5917779496474329 0.00710775599321373
34.43947350000001 0.5917712787542788 0.007107730807755341
34.4894735 0.5917647018820519 0.007107705977575578
34.5394735 0.5917582176894388 0.007107681497597382
34.5894735 0.5917518248545416 0.007107657362817424
34.6394735 0.591745522074592 0.007107633568305018
34.68947350000001 0.591739308065669 0.007107610109201032
34.7394735 0.5917331815624224 0.007107586980716842
34.7894735 0.591727141317799 0.007107564178133279
34.8394735 0.5917211861027738 0.007107541696799608
34.8894735 0.5917153147060843 0.007107519532132511
34.93947350000001 0.5917095259339702 0.007107497679615093
34.9894735 0.5917038186099158 0.0071074761347959
35.0394735 0.5916981915743967 0.007107454893287951
35.0894735 0.5916926436846304 0.007107433950767786
35.1394735 0.5916871738143301 0.007107413302974535
35.18947350000001 0.5916817808534631 0.007107392945708982
35.2394735 0.5916764637080122 0.007107372874832665
35.2894735 0.5916712212997404 0.00710735308626698
35.3394735 0.5916660525659597 0.007107333575992291
35.3894735 0.5916609564593036 0.00710731434004707
35.43947350000001 0.591655931947502 0.007107295374527038
35.4894735 0.5916509780131601 0.007107276675584321
35.5394735 0.5916460936535407 0.007107258239426619
35.5894735 0.5916412778803495 0.007107240062316391
35.6394735 0.5916365297195237 0.007107222140570051
35.68947350000001 0.5916318482110239 0.007107204470557168
35.7394735 0.5916272324086285 0.007107187048699693
35.7894735 0.5916226813797318 0.007107169871471181
35.8394735 0.5916181942051454 0.007107152935396042
35.8894735 0.5916137699789012 0.007107136237048789
35.93947350000001 0.591609407808059 0.0071071197730533
35.9894735 0.5916051068125158 0.007107103540082102
36.0394735 0.5916008661248182 0.007107087534855653
36.0894735 0.5915966848899782 0.007107071754141633
36.1394735 0.5915925622652907 0.007107056194754265
36.18947350000001 0.5915884974201544 0.007107040853553622
36.2394735 0.5915844895358957 0.007107025727444961
36.2894735 0.5915805378055942 0.007107010813378061
36.3394735 0.5915766414339111 0.007106996108346566
36.3894735 0.5915727996369214 0.007106981609387351
36.43947350000001 0.5915690116419469 0.007106967313579886
36.4894735 0.591565276687392 0.007106953218045613
36.5394735 0.591561594022583 0.00710693931994733
36.5894735 0.5915579629076089 0.007106925616488592
36.6394735 0.5915543826131643 0.007106912104913113
36.68947350000001 0.5915508524203957 0.007106898782504179
36.7394735 0.5915473716207492 0.007106885646584069
36.7894735 0.5915439395158203 0.007106872694513489
36.8394735 0.5915405554172067 0.007106859923691011
36.8894735 0.5915372186463633 0.007106847331552518
36.93947350000001 0.5915339285344581 0.007106834915570662
36.9894735 0.5915306844222314 0.007106822673254329
37.0394735 0.5915274856598574 0.007106810602148106
37.0894735 0.591524331606806 0.00710679869983177
37.1394735 0.5915212216317091 0.007106786963919766
37.18947350000001 0.5915181551122266 0.007106775392060707
37.2394735 0.5915151314349162 0.007106763981936879
37.2894735 0.5915121499951038 0.007106752731263746
37.3394735 0.5915092101967565 0.007106741637789469
37.3894735 0.5915063114523573 0.00710673069929443
37.43947350000001 0.591503453182782 0.007106719913590772
37.4894735 0.591500634817177 0.007106709278521921
37.5394735 0.5914978557928398 0.007106698791962147
37.5894735 0.5914951155551009 0.007106688451816106
37.6394735 0.5914924135572077 0.007106678256018406
37.68947350000001 0.5914897492602095 0.007106668202533167
37.7394735 0.5914871221328448 0.007106658289353595
37.7894735 0.59148453165143 0.00710664851450156
37.8394735 0.5914819772997499 0.007106638876027178
37.8894735 0.5914794585689497 0.007106629372008406
37.93947350000001 0.5914769749574281 0.007106620000550635
37.9894735 0.5914745259707334 0.007106610759786293
38.0394735 0.591472111121459 0.007106601647874455
38.0894735 0.5914697299291428 0.007106592663000455
38.1394735 0.591467381920166 0.007106583803375505
38.18947350000001 0.5914650666276547 0.007106575067236324
38.2394735 0.5914627835913827 0.007106566452844767
38.2894735 0.591460532357675 0.007106557958487462
38.3394735 0.5914583124793138 0.007106549582475448
38.3894735 0.5914561235154449 0.007106541323143829
38.4394735 0.5914539650314862 0.007106533178851421
38.4894735 0.5914518365990373 0.007106525147980409
38.5394735 0.5914497377957906 0.007106517228936014
38.5894735 0.5914476682054425 0.007106509420146154
38.6394735 0.5914456274176082 0.007106501720061122
38.6894735 0.5914436150277356 0.007106494127153261
38.7394735 0.5914416306370214 0.007106486639916645
38.7894735 0.5914396738523287 0.007106479256866765
38.8394735 0.591437744286105 0.007106471976540222
38.8894735 0.591435841556302 0.007106464797494424
38.9394735 0.5914339652862968 0.007106457718307277
38.9894735 0.591432115104813 0.007106450737576907
39.0394735 0.5914302906458446 0.007106443853921346
39.0894735 0.5914284915485798 0.007106437065978266
39.1394735 0.5914267174573264 0.007106430372404683
39.1894735 0.5914249680214385 0.007106423771876687
39.2394735 0.5914232428952435 0.00710641726308916
39.2894735 0.5914215417379711 0.00710641084475551
39.3394735 0.5914198642136829 0.007106404515607404
39.3894735 0.5914182099912024 0.007106398274394504
39.4394735 0.5914165787440476 0.00710639211988421
39.4894735 0.5914149701503628 0.007106386050861404
39.5394735 0.5914133838928527 0.007106380066128199
39.5894735 0.5914118196587168 0.007106374164503691
39.6394735 0.591410277139585 0.007106368344823717
39.6894735 0.5914087560314542 0.00710636260594061
39.7394735 0.5914072560346251 0.007106356946722968
39.7894735 0.5914057768536415 0.007106351366055415
39.8394735 0.5914043181972286 0.007106345862838378
39.8894735 0.5914028797782337 0.007106340435987853
39.9394735 0.5914014613135667 0.007106335084435183
39.9894735 0.5914000625241426 0.007106329807126843
40.0394735 0.5913986831348232 0.007106324603024221
40.0894735 0.5913973228743615 0.007106319471103397
40.1394735 0.5913959814753454 0.007106314410354944
40.1894735 0.5913946586741434 0.007106309419783711
40.2394735 0.59139335421085 0.007106304498408628
40.2894735 0.5913920678292327 0.007106299645262491
40.3394735 0.5913907992766795 0.007106294859391777
40.3894735 0.5913895483041469 0.00710629013985644
40.4394735 0.5913883146661093 0.007106285485729724
40.4894735 0.5913870981205084 0.007106280896097963
40.5394735 0.5913858984287038 0.007106276370060407
40.5894735 0.5913847153554241 0.007106271906729025
40.6394735 0.5913835486687192 0.007106267505228333
40.6894735 0.5913823981399122 0.00710626316469521
40.7394735 0.5913812635435532 0.007106258884278717
40.7894735 0.5913801446573732 0.007106254663139936
40.8394735 0.5913790412622385 0.007106250500451782
40.8894735 0.5913779531421062 0.007106246395398847
40.9394735 0.5913768800839799 0.00710624234717723
40.9894735 0.5913758218778666 0.007106238354994363
41.0394735 0.5913747783167336 0.007106234418068865
41.0894735 0.5913737491964662 0.007106230535630373
41.1394735 0.5913727343158269 0.007106226706919389
41.1894735 0.5913717334764134 0.007106222931187116
41.2394735 0.5913707464826186 0.007106219207695318
41.2894735 0.5913697731415911 0.007106215535716163
41.3394735 0.591368813263196 0.007106211914532077
41.3894735 0.5913678666599754 0.007106208343435589
41.4394735 0.5913669331471113 0.007106204821729203
41.4894735 0.5913660125423876 0.007106201348725246
41.5394735 0.5913651046661531 0.007106197923745725
41.5894735 0.5913642093412849 0.007106194546122195
41.6394735 0.5913633263931528 0.007106191215195626
41.6894735 0.5913624556495837 0.007106187930316263
41.7394735 0.5913615969408266 0.007106184690843494
41.7894735 0.5913607500995182 0.007106181496145725
41.8394735 0.591359914960649 0.007106178345600245
41.8894735 0.5913590913615301 0.007106175238593106
41.9394735 0.5913582791417598 0.007106172174518998
41.9894735 0.5913574781431915 0.007106169152781121
42.0394735 0.5913566882099017 0.007106166172791069
42.0894735 0.5913559091881582 0.007106163233968707
42.1394735 0.591355140926389 0.007106160335742059
42.1894735 0.591354383275152 0.007106157477547188
42.2394735 0.5913536360871045 0.007106154658828079
42.2894735 0.5913528992169735 0.007106151879036537
42.3394735 0.5913521725215266 0.007106149137632065
42.3894735 0.5913514558595425 0.007106146434081759
42.4394735 0.5913507490917831 0.007106143767860203
42.4894735 0.591350052080965 0.007106141138449359
42.5394735 0.5913493646917324 0.007106138545338465
42.5894735 0.5913486867906289 0.00710613598802393
42.6394735 0.5913480182460713 0.007106133466009232
42.6894735 0.5913473589283228 0.007106130978804821
42.7394735 0.591346708709467 0.007106128525928018
42.7894735 0.5913460674633824 0.007106126106902917
42.8394735 0.591345435065716 0.007106123721260291
42.8894735 0.5913448113938595 0.007106121368537496
42.9394735 0.5913441963269241 0.007106119048278378
42.9894735 0.5913435897457162 0.007106116760033184
43.0394735 0.5913429915327131 0.007106114503358466
43.0894735 0.5913424015720402 0.007106112277817
43.1394735 0.591341819749447 0.007106110082977686
43.1894735 0.5913412459522845 0.007106107918415473
43.2394735 0.5913406800694824 0.007106105783711267
43.2894735 0.591340121991527 0.007106103678451852
43.3394735 0.591339571610439 0.007106101602229801
43.3894735 0.5913390288197522 0.007106099554643397
43.4394735 0.5913384935144916 0.007106097535296551
43.4894735 0.5913379655911531 0.00710609554379873
43.5394735 0.5913374449476821 0.007106093579764865
43.5894735 0.5913369314834533 0.007106091642815289
43.6394735 0.5913364250992506 0.007106089732575645
43.6894735 0.591335925697247 0.007106087848676827
43.7394735 0.5913354331809857 0.007106085990754895
43.7894735 0.5913349474553596 0.007106084158451001
43.8394735 0.5913344684265938 0.00710608235141133
43.8894735 0.5913339960022251 0.007106080569287018
43.9394735 0.5913335300910855 0.007106078811734084
43.9894735 0.591333070603282 0.007106077078413361
44.0394735 0.5913326174501803 0.007106075368990431
44.0894735 0.591332170544386 0.007106073683135559
44.1394735 0.5913317297997276 0.007106072020523622
44.1894735 0.5913312951312394 0.007106070380834048
44.2394735 0.5913308664551441 0.007106068763750749
44.2894735 0.5913304436888366 0.007106067168962063
44.3394735 0.5913300267508671 0.007106065596160686
44.3894735 0.5913296155609253 0.007106064045043615
44.4394735 0.5913292100398242 0.007106062515312084
44.4894735 0.591328810109484 0.007106061006671508
44.5394735 0.5913284156929169 0.007106059518831424
44.5894735 0.591328026714212 0.007106058051505427
44.6394735 0.5913276430985196 0.00710605660441112
44.68947350000001 0.5913272647720367 0.007106055177270061
44.7394735 0.5913268916619921 0.007106053769807693
44.7894735 0.5913265236966323 0.007106052381753302
44.8394735 0.5913261608052067 0.007106051012839962
44.8894735 0.591325802917954 0.007106049662804478
44.93947350000001 0.591325449966088 0.007106048331387332
44.9894735 0.5913251018817844 0.007106047018332637
45.0394735 0.5913247585981667 0.007106045723388089
45.0894735 0.5913244200492933 0.0071060444463049
45.1394735 0.5913240861701444 0.007106043186837771
45.18947350000001 0.5913237568966092 0.007106041944744826
45.2394735 0.5913234321654727 0.007106040719787573
45.2894735 0.5913231119144038 0.007106039511730854
45.3394735 0.5913227960819424 0.007106038320342799
45.3894735 0.5913224846074876 0.007106037145394777
45.43947350000001 0.5913221774312855 0.007106035986661355
45.4894735 0.5913218744944173 0.007106034843920251
45.5394735 0.5913215757387881 0.007106033716952292
45.5894735 0.5913212811071146 0.007106032605541367
45.6394735 0.5913209905429144 0.007106031509474389
45.68947350000001 0.5913207039904947 0.007106030428541246
45.7394735 0.591320421394941 0.007106029362534764
45.7894735 0.5913201427021064 0.00710602831125067
45.8394735 0.5913198678586012 0.007106027274487543
45.8894735 0.5913195968117818 0.007106026252046777
45.93947350000001 0.5913193295097408 0.007106025243732548
45.9894735 0.5913190659012961 0.007106024249351766
46.0394735 0.5913188059359819 0.007106023268714043
46.0894735 0.5913185495640373 0.00710602230163165
46.1394735 0.5913182967363976 0.007106021347919489
46.18947350000001 0.5913180474046841 0.007106020407395047
46.2394735 0.5913178015211947 0.007106019479878364
46.2894735 0.5913175590388946 0.007106018565192
46.3394735 0.5913173199114067 0.007106017663160991
46.3894735 0.5913170840930027 0.00710601677361283
46.43947350000001 0.5913168515385939 0.007106015896377414
46.4894735 0.5913166222037227 0.007106015031287027
46.5394735 0.5913163960445533 0.007106014178176296
46.5894735 0.5913161730178635 0.007106013336882166
46.6394735 0.591315953081036 0.00710601250724386
46.68947350000001 0.5913157361920501 0.007106011689102857
46.7394735 0.5913155223094732 0.007106010882302853
46.7894735 0.5913153113924527 0.007106010086689729
46.8394735 0.5913151034007084 0.007106009302111529
46.8894735 0.591314898294524 0.007106008528418426
46.93947350000001 0.5913146960347396 0.007106007765462688
46.9894735 0.591314496582744 0.007106007013098657
47.0394735 0.5913142999004669 0.007106006271182711
47.0894735 0.5913141059503716 0.007106005539573247
47.1394735 0.5913139146954475 0.007106004818130643
47.18947350000001 0.5913137260992031 0.007106004106717237
47.2394735 0.5913135401256583 0.007106003405197297
47.2894735 0.591313356739338 0.007106002713436994
47.3394735 0.5913131759052648 0.007106002031304377
47.3894735 0.5913129975889516 0.007106001358669348
47.43947350000001 0.5913128217563961 0.007106000695403635
47.4894735 0.5913126483740728 0.007106000041380766
47.5394735 0.5913124774089273 0.007105999396476045
47.5894735 0.5913123088283696 0.00710599876056653
47.6394735 0.5913121426002674 0.007105998133531006
47.68947350000001 0.5913119786929403 0.00710599751524996
47.7394735 0.591311817075153 0.007105996905605561
47.7894735 0.5913116577161097 0.007105996304481634
47.8394735 0.5913115005854479 0.007105995711763642
47.8894735 0.5913113456532323 0.007105995127338657
47.93947350000001 0.5913111928899492 0.007105994551095341
47.9894735 0.5913110422665003 0.007105993982923926
48.0394735 0.5913108937541977 0.007105993422716188
48.0894735 0.5913107473247573 0.007105992870365433
48.1394735 0.5913106029502944 0.007105992325766466
48.18947350000001 0.591310460603317 0.00710599178881558
48.2394735 0.5913103202567219 0.00710599125941053
48.2894735 0.5913101818837879 0.007105990737450516
48.3394735 0.5913100454581716 0.007105990222836161
48.3894735 0.5913099109539015 0.007105989715469493
48.43947350000001 0.5913097783453739 0.007105989215253924
48.4894735 0.5913096476073468 0.007105988722094234
48.5394735 0.5913095187149359 0.00710598823589655
48.5894735 0.5913093916436089 0.007105987756568331
48.6394735 0.5913092663691814 0.007105987284018343
48.68947350000001 0.5913091428678118 0.007105986818156647
48.7394735 0.5913090211159966 0.007105986358894584
48.7894735 0.5913089010905662 0.00710598590614475
48.8394735 0.59130878276868 0.00710598545982098
48.8894735 0.591308666127822 0.007105985019838341
48.93947350000001 0.5913085511457962 0.0071059845861131
48.9894735 0.5913084378007231 0.007105984158562723
49.0394735 0.5913083260710345 0.007105983737105847
49.0894735 0.5913082159354696 0.00710598332166227
49.1394735 0.5913081073730709 0.007105982912152937
49.18947350000001 0.5913080003631803 0.007105982508499916
49.2394735 0.5913078948854347 0.007105982110626394
49.2894735 0.591307790919762 0.007105981718456653
49.3394735 0.5913076884463777 0.007105981331916059
49.3894735 0.5913075874457806 0.007105980950931049
49.43947350000001 0.5913074878987491 0.007105980575429115
49.4894735 0.5913073897863373 0.007105980205338788
49.5394735 0.5913072930898717 0.007105979840589624
49.5894735 0.5913071977909472 0.007105979481112197
49.6394735 0.5913071038714236 0.007105979126838076
49.68947350000001 0.591307011313422 0.007105978777699818
49.7394735 0.5913069200993218 0.007105978433630953
49.7894735 0.5913068302117565 0.00710597809456597
49.8394735 0.5913067416336106 0.007105977760440307
49.8894735 0.5913066543480168 0.007105977431190333
49.93947350000001 0.5913065683383516 0.007105977106753343
49.9894735 0.5913064835882333 0.007105976787067541
50.0394735 0.591306400081518 0.007105976472072026
50.0894735 0.5913063178022966 0.007105976161706788
50.1394735 0.5913062367348917 0.007105975855912687
50.18947350000001 0.5913061568638549 0.007105975554631447
50.2394735 0.5913060781739632 0.007105975257805644
50.2894735 0.5913060006502165 0.007105974965378696
50.3394735 0.5913059242778345 0.007105974677294847
50.3894735 0.5913058490422537 0.00710597439349916
50.43947350000001 0.5913057749291248 0.007105974113937505
50.4894735 0.5913057019243098 0.007105973838556553
50.5394735 0.591305630013879 0.007105973567303757
50.5894735 0.5913055591841088 0.007105973300127348
50.6394735 0.5913054894214785 0.007105973036976325
50.68947350000001 0.5913054207126681 0.007105972777800441
50.7394735 0.5913053530445553 0.007105972522550194
50.7894735 0.5913052864042134 0.007105972271176824
50.8394735 0.5913052207789082 0.007105972023632296
50.8894735 0.5913051561560961 0.007105971779869292
50.93947350000001 0.5913050925234211 0.0071059715398412
50.9894735 0.5913050298687129 0.007105971303502115
51.0394735 0.5913049681799843 0.007105971070806818
51.0894735 0.5913049074454287 0.007105970841710771
51.1394735 0.591304847653418 0.007105970616170111
51.18947350000001 0.5913047887925003 0.007105970394141639
51.2394735 0.5913047308513976 0.007105970175582814
51.2894735 0.5913046738190038 0.007105969960451741
51.3394735 0.5913046176843821 0.007105969748707162
51.3894735 0.5913045624367634 0.007105969540308457
51.43947350000001 0.5913045080655439 0.007105969335215625
51.4894735 0.5913044545602828 0.007105969133389282
51.5394735 0.5913044019107006 0.007105968934790652
51.5894735 0.5913043501066771 0.007105968739381558
51.6394735 0.5913042991382494 0.00710596854712442
51.68947350000001 0.5913042489956096 0.007105968357982242
51.7394735 0.5913041996691033 0.007105968171918603
51.7894735 0.5913041511492276 0.007105967988897658
51.8394735 0.5913041034266292 0.007105967808884124
51.8894735 0.5913040564921024 0.007105967631843277
51.93947350000001 0.5913040103365874 0.007105967457740942
51.9894735 0.5913039649511689 0.007105967286543486
52.0394735 0.5913039203270739 0.00710596711821782
52.0894735 0.59130387645567 0.007105966952731376
52.1394735 0.5913038333284637 0.007105966790052121
52.18947350000001 0.5913037909370992 0.007105966630148531
52.2394735 0.5913037492733562 0.0071059664729896
52.2894735 0.5913037083291484 0.007105966318544825
52.3394735 0.5913036680965221 0.007105966166784204
52.3894735 0.5913036285676546 0.007105966017678225
52.43947350000001 0.5913035897348524 0.007105965871197871
52.4894735 0.5913035515905499 0.007105965727314603
52.5394735 0.5913035141273081 0.007105965586000357
52.5894735 0.5913034773378125 0.007105965447227545
52.6394735 0.5913034412148724 0.00710596531096904
52.68947350000001 0.5913034057514192 0.007105965177198179
52.7394735 0.5913033709405043 0.007105965045888753
52.7894735 0.5913033367752992 0.007105964917015
52.8394735 0.5913033032490929 0.007105964790551607
52.8894735 0.5913032703552908 0.0071059646664737
52.93947350000001 0.591303238087414 0.007105964544756837
52.9894735 0.5913032064390974 0.007105964425377009
53.0394735 0.5913031754040885 0.00710596430831063
53.0894735 0.5913031449762463 0.007105964193534538
53.1394735 0.5913031151495401 0.00710596408102598
53.18947350000001 0.5913030859180486 0.007105963970762624
53.2394735 0.5913030572759578 0.007105963862722536
53.2894735 0.5913030292175607 0.007105963756884191
53.3394735 0.5913030017372558 0.007105963653226455
53.3894735 0.591302974829546 0.007105963551728598
53.43947350000001 0.5913029484890375 0.00710596345237027
53.4894735 0.591302922710439 0.007105963355131512
53.5394735 0.5913028974885602 0.007105963259992746
53.5894735 0.5913028728183111 0.007105963166934772
53.6394735 0.5913028486947005 0.007105963075938764
53.68947350000001 0.5913028251128356 0.007105962986986261
53.7394735 0.5913028020679207 0.007105962900059179
53.7894735 0.5913027795552561 0.007105962815139785
53.8394735 0.5913027575702374 0.007105962732210713
53.8894735 0.5913027361083545 0.007105962651254951
53.93947350000001 0.5913027151651904 0.007105962572255837
53.9894735 0.5913026947364208 0.007105962495197057
54.0394735 0.5913026748178131 0.00710596242006265
54.0894735 0.5913026554052248 0.007105962346836985
54.1394735 0.5913026364946037 0.007105962275504779
54.18947350000001 0.5913026180819865 0.007105962206051082
54.2394735 0.5913026001634981 0.007105962138461276
54.2894735 0.5913025827353507 0.007105962072721073
54.3394735 0.5913025657938432 0.00710596200881651
54.3894735 0.5913025493353602 0.007105961946733954
54.43947350000001 0.5913025333563714 0.007105961886460086
54.4894735 0.5913025178534309 0.007105961827981906
54.5394735 0.5913025028231762 0.007105961771286732
54.5894735 0.591302488262328 0.007105961716362194
54.6394735 0.5913024741676891 0.007105961663196231
54.68947350000001 0.5913024605361438 0.007105961611777092
54.7394735 0.5913024473646571 0.007105961562093327
54.7894735 0.5913024346502744 0.00710596151413379
54.8394735 0.5913024223901208 0.007105961467887638
54.8894735 0.5913024105813999 0.007105961423344323
54.93947350000001 0.591302399221394 0.007105961380493594
54.9894735 0.5913023883074634 0.007105961339325492
55.0394735 0.5913023778370451 0.007105961299830351
55.0894735 0.5913023678076528 0.00710596126199879
55.1394735 0.5913023582168765 0.00710596122582172
55.18947350000001 0.5913023490623817 0.007105961191290333
55.2394735 0.5913023403419085 0.007105961158396109
55.2894735 0.5913023320532722 0.007105961127130802
55.3394735 0.5913023241943615 0.00710596109748645
55.3894735 0.5913023167631388 0.007105961069455367
55.43947350000001 0.5913023097576398 0.007105961043030145
55.4894735 0.5913023031759723 0.007105961018203643
55.5394735 0.5913022970163169 0.007105960994968999
55.5894735 0.5913022912769252 0.007105960973319622
55.6394735 0.5913022859561208 0.007105960953249182
55.68947350000001 0.5913022810522975 0.007105960934751625
55.7394735 0.5913022765639203 0.007105960917821159
55.7894735 0.5913022724895237 0.007105960902452257
55.8394735 0.5913022688277123 0.007105960888639653
55.8894735 0.59130226557716 0.007105960876378349
55.93947350000001 0.5913022627366099 0.0071059608656636
55.9894735 0.5913022603048734 0.007105960856490923
56.0394735 0.5913022582808307 0.007105960848856096
56.0894735 0.5913022566634299 0.007105960842755149
56.1394735 0.591302255451687 0.007105960838184373
56.18947350000001 0.5913022546446854 0.007105960835140307
56.2394735 0.5913022542415759 0.007105960833619751
56.2894735 0.5913022542415759 0.007105960833619751
