6.5526314 5.163791780098448 0.5264309307160299
6.6026314 4.995631217723486 0.444954778055588
6.6526314 4.839771125853845 0.3807447920913281
6.7026314 4.69458699522872 0.3292990339933887
6.7526314 4.55876399266963 0.2874846167541392
6.8026314 4.431222447139944 0.2530683689348598
6.8526314 4.311064493046482 0.2244246896845866
6.9026314 4.197535051614738 0.2003481582440301
6.9526314 4.08999276352722 0.1799301229886449
7.0026314 3.987887975293036 0.1624755037073303
7.0526314 3.890745820215227 0.1474455215123656
7.1026314 3.798153041373736 0.1344175309727036
7.152631400000001 3.709747605137068 0.1230563667710578
7.2026314 3.625210424444053 0.1130935879414179
7.2526314 3.54425869725385 0.1043122310021981
7.3026314 3.466640495743662 0.09653546539554432
7.3526314 3.392130334284153 0.08961805247642275
7.402631400000001 3.320525510811594 0.08343984499976921
7.4526314 3.251643064805207 0.07790078965457357
7.5026314 3.185317230961408 0.07291704912082431
7.5526314 3.121397294452797 0.06841796663503327
7.6026314 3.0597457738775 0.06434367071650976
7.652631400000001 3.000236873406503 0.06064317068879484
7.7026314 2.942755157475674 0.05727283165409219
7.7526314 2.887194410546429 0.05419514515698238
7.8026314 2.833456651629159 0.05137773197588288
7.8526314 2.781451278907289 0.04879252841808784
7.902631400000001 2.731094324273218 0.04641511863613146
7.9526314 2.682307801156517 0.04422418386307354
8.0026314 2.635019131890225 0.04220104581622797
8.052631399999999 2.58916064317519 0.04032928636930757
8.1026314 2.544669120081688 0.03859442932287548
8.152631400000001 2.501485410561879 0.03698367299034413
8.2026314 2.459554073705603 0.03548566456602575
8.2526314 2.418823066010052 0.03409030900447298
8.302631399999999 2.379243460793614 0.03278860652971291
8.3526314 2.340769196599382 0.03157251399404205
8.402631400000001 2.303356851031341 0.03043482618319097
8.4526314 2.266965436967313 0.02936907386690629
8.5026314 2.231556218514628 0.02836943595889302
8.552631399999999 2.197092544431006 0.02743066360654696
8.6026314 2.163539697035378 0.02654801440140419
8.652631400000001 2.130864754890601 0.02571719520320341
8.7026314 2.099036467759528 0.02493431231756311
8.7526314 2.06802514252387 0.02419582797027104
8.802631399999999 2.037802538916722 0.02349852218856249
8.8526314 2.008341774058638 0.02283945933827049
8.902631400000001 1.979617234907246 0.02221595868074138
8.952631400000001 1.951604497834334 0.02162556840922628
9.0026314 1.92428025463468 0.02106604270454276
9.052631399999999 1.897622244349428 0.02053532141694108
9.1026314 1.871609190355397 0.02003151203756732
9.152631400000001 1.846220742231681 0.01955287367052679
9.202631400000001 1.821437421967417 0.01909780275681529
9.2526314 1.797240574120813 0.01866482033552746
9.302631399999999 1.773612319580106 0.01825256065677792
9.3526314 1.750535512613036 0.01785976098551145
9.402631400000001 1.727993700923035 0.01748525245651629
9.452631400000001 1.705971088458448 0.01712795185905924
9.5026314 1.684452500745939 0.01678685424510191
9.552631399999999 1.663423352541408 0.0164610262684283
9.6026314 1.642869617611407 0.01614960017354239
9.652631400000001 1.622777800475634 0.01585176836315542
9.702631400000001 1.60313490995676 0.015566778481707
9.7526314 1.583928434397923 0.01529392895984626
9.802631399999999 1.565146318420754 0.01503256497130265
9.8526314 1.546776941108176 0.01478207475923971
9.902631400000001 1.528809095506299 0.01454188629412661
9.952631400000001 1.511231969348922 0.0143114642294807
10.0026314 1.494035126916396 0.01409030712561593
10.0526314 1.477208491948022 0.01387794491484812
10.1026314 1.460742331533908 0.01367393658452133
10.1526314 1.444627240918291 0.013477868056783
10.2026314 1.428854129151838 0.01328935024629438
10.2526314 1.413414205535482 0.01310801727905692
10.3026314 1.398298966802859 0.0129335248572974
10.3526314 1.383500184992583 0.01276554875691513
10.4026314 1.369009895965359 0.01260378344537737
10.4526314 1.354820388524361 0.01244794080917709
10.5026314 1.340924194100457 0.0122977489810588
10.5526314 1.327314076966716 0.01215295125818939
10.6026314 1.313983024949267 0.01201330510331725
10.6526314 1.300924240603979 0.01187858122173538
10.7026314 1.288131132830627 0.01174856270755493
10.7526314 1.275597308898229 0.01162304425341311
10.8026314 1.263316566857119 0.01150183141829306
10.8526314 1.251282888314983 0.01138473994862892
10.9026314 1.239490431555699 0.01127159514831519
10.9526314 1.227933524981242 0.01116223129363956
11.0026314 1.216606660858256 0.01105649108951864
11.0526314 1.205504489352114 0.01095422516374046
11.1026314 1.194621812832462 0.01085529159621002
11.1526314 1.183953580435225 0.0107595554804584
11.2026314 1.173494882867093 0.01066688851491414
11.2526314 1.163240947439367 0.01057716862165177
11.3026314 1.153187133318872 0.01049027959052722
11.3526314 1.143328926984454 0.01040611074678715
11.4026314 1.133661937878245 0.01032455664039952
11.4526314 1.12418189424159 0.0102455167554986
11.5026314 1.114884639126126 0.01016889523846984
11.5526314 1.105766126571073 0.01009460064332063
11.6026314 1.096822417938353 0.01002254569309227
11.6526314 1.088049678397632 0.009952647056168787
11.7026314 1.079444173553863 0.009884825136428754
11.7526314 1.07100226621032 0.009819003876269661
11.8026314 1.062720413260531 0.009755110571610229
11.8526314 1.054595162702903 0.009693075698045263
11.9026314 1.046623150772162 0.009632832747391197
11.9526314 1.03880109918208 0.009574318073918488
12.0026314 1.03112581247427 0.009517470749620231
12.0526314 1.023594175468095 0.009462232427915123
12.1026314 1.016203150807042 0.009408547215227653
12.1526314 1.008949776597138 0.009356361549929464
12.2026314 1.001831164133242 0.009305624088163596
12.2526314 0.9948444957092437 0.009256285596108011
12.3026314 0.9879870225084514 0.009208298848266707
12.3526314 0.9812560625705991 0.009161618531406165
12.4026314 0.9746489988321261 0.009116201153781932
12.4526314 0.9681632772365361 0.00907200495932509
12.5026314 0.9617964049118116 0.009028989846481436
12.5526314 0.9555459484120143 0.008987117291417449
12.6026314 0.9494095320203449 0.008946350275326691
12.6526314 0.9433848361110732 0.008906653215588567
12.7026314 0.9374695955678768 0.008867991900548024
12.7526314 0.9316615982562511 0.008830333427700381
12.8026314 0.9259586835477617 0.00879364614507985
12.8526314 0.9203587408940257 0.0087578995956636
12.9026314 0.9148597084484028 0.008723064464615614
12.9526314 0.90945957173348 0.008689112529206003
13.0026314 0.9041563623525198 0.0086560166112521
13.0526314 0.8989481567431303 0.008623750531937518
13.1026314 0.893833074971496 0.008592289068874527
13.1526314 0.8888092795655858 0.008561607915283631
13.2026314 0.8838749743858271 0.008531683641172162
13.2526314 0.8790284035318036 0.008502493656401069
13.3026314 0.8742678502836002 0.008474016175535974
13.3526314 0.8695916360764813 0.008446230184384946
13.4026314 0.8649981195076445 0.008419115408131402
13.4526314 0.8604856953738522 0.00839265228097614
13.5026314 0.8560527937387917 0.008366821917207643
13.5526314 0.8516978790290676 0.008341606083624695
13.6026314 0.8474194491577766 0.008316987173239804
13.6526314 0.8432160346746613 0.008292948180196212
13.7026314 0.8390861979418813 0.008269472675835176
13.7526314 0.8350285323344815 0.008246544785853925
13.8026314 0.8310416614646758 0.008224149168498122
13.8526314 0.8271242384291037 0.008202270993735914
13.9026314 0.8232749450782473 0.008180895923363686
13.9526314 0.8194924913072376 0.008160010091996423
14.0026314 0.8157756143673018 0.008139600088898307
14.0526314 0.8121230781971422 0.00811965294061162
14.1026314 0.8085336727735597 0.008100156094344361
14.1526314 0.8050062134806663 0.008081097402079218
14.2026314 0.8015395404970569 0.008062465105368529
14.2526314 0.7981325182003336 0.008044247820781879
14.3026314 0.7947840345884025 0.00802643452597469
14.3526314 0.7914930007169836 0.008009014546348012
14.4026314 0.7882583501527978 0.007991977542271154
14.4526314 0.7850790384419154 0.007975313496840464
14.5026314 0.7819540425927693 0.007959012704148876
14.5526314 0.7788823605733571 0.007943065758042234
14.6026314 0.7758630108221721 0.007927463541339649
14.6526314 0.7728950317724238 0.007912197215496308
14.7026314 0.7699774813891214 0.007897258210688332
14.7526314 0.7671094367186122 0.007882638216300232
14.8026314 0.764289993450182 0.007868329171796635
14.8526314 0.761518265489337 0.007854323257960762
14.9026314 0.7587933845424035 0.007840612888483115
14.9526314 0.756114499712093 0.007827190701884625
15.0026314 0.7534807771036932 0.007814049553759301
15.0526314 0.75089139944156 0.007801182509322169
15.1026314 0.7483455656955931 0.007788582836249027
15.1526314 0.7458424907173934 0.007776243997795128
15.2026314 0.7433814048858085 0.007764159646180624
15.2526314 0.7409615537615831 0.007752323616231122
15.3026314 0.7385821977508432 0.007740729919262329
15.3526314 0.7362426117771489 0.007729372737198238
15.4026314 0.7339420849618634 0.007718246416912864
15.4526314 0.7316799203125927 0.007707345464785974
15.5026314 0.7294554344194576 0.007696664541463724
15.5526314 0.7272679571589723 0.007686198456815578
15.6026314 0.7251168314053051 0.007675942165079207
15.6526314 0.7230014127487101 0.007665890760185546
15.7026314 0.720921069220923 0.0076560394712565
15.7526314 0.7188751810273212 0.007646383658268118
15.8026314 0.7168631402856552 0.007636918807872464
15.8526314 0.7148843507711665 0.007627640529371623
15.9026314 0.7129382276679086 0.007618544550837657
15.9526314 0.7110241973261003 0.007609626715372571
16.0026314 0.7091416970253399 0.007600882977502618
16.0526314 0.707290174743518 0.007592309399701542
16.1026314 0.7054690889312714 0.007583902149037591
16.1526314 0.7036779082918245 0.00757565749393934
16.2026314 0.70191611156607 0.007567571801075629
16.2526314 0.7001831873227465 0.007559641532345097
16.3026314 0.698478633753573 0.007551863241970978
16.3526314 0.6968019584732069 0.007544233573697067
16.4026314 0.6951526783238953 0.007536749258080873
16.4526314 0.6935303191846912 0.007529407109880207
16.5026314 0.6919344157851166 0.007522204025529581
16.5526314 0.6903645115231493 0.007515136980702958
16.6026314 0.688820158287422 0.007508203027959548
16.6526314 0.6873009162835209 0.007501399294469474
16.7026314 0.6858063538642752 0.007494722979816266
16.7526314 0.6843360473639354 0.00748817135387329
16.8026314 0.6828895809361349 0.007481741754751301
16.8526314 0.6814665463955409 0.007475431586814478
16.9026314 0.680066543063095 0.007469238318762355
16.9526314 0.6786891776147531 0.007463159481775203
17.0026314 0.677334063933635 0.007457192667720524
17.0526314 0.6760008229654944 0.007451335527418378
17.1026314 0.6746890825774254 0.007445585768963384
17.1526314 0.6733984774197254 0.00743994115610134
17.2026314 0.67212864879083 0.007434399506658445
17.2526314 0.6708792445052475 0.007428958691021215
17.3026314 0.6696499187644129 0.007423616630665272
17.3526314 0.6684403320303921 0.007418371296731226
17.4026314 0.6672501509023622 0.007413220708645986
17.4526314 0.6660790479958014 0.007408162932787827
17.5026314 0.66492670182432 0.00740319608119373
17.5526314 0.6637927966840663 0.007398318310307394
17.6026314 0.6626770225406473 0.007393527819766588
17.6526314 0.6615790749184988 0.007388822851228384
17.7026314 0.6604986547926475 0.00738420168723096
17.7526314 0.6594354684828069 0.007379662650090721
17.8026314 0.6583892275497484 0.00737520410083347
17.8526314 0.6573596486938944 0.007370824438158476
17.9026314 0.6563464536560799 0.007366522097434296
17.9526314 0.6553493691204292 0.007362295549725248
18.0026314 0.6543681266192981 0.007358143300847488
18.0526314 0.6534024624402325 0.007354063890453703
18.1026314 0.6524521175348941 0.007350055891145397
18.1526314 0.6515168374299084 0.007346117907611895
18.2026314 0.6505963721395883 0.007342248575795095
18.2526314 0.6496904760804898 0.007338446562079179
18.3026314 0.6487989079877557 0.007334710562504365
18.3526314 0.6479214308332075 0.007331039302003959
18.4026314 0.6470578117451422 0.007327431533663904
18.4526314 0.6462078219297969 0.007323886038004079
18.5026314 0.6453712365944401 0.007320401622280638
18.5526314 0.6445478348720545 0.007316977119808698
18.6026314 0.6437373997475719 0.007313611389304686
18.6526314 0.6429397179856278 0.007310303314247734
18.7026314 0.6421545800597971 0.007307051802259481
18.7526314 0.641381780083281 0.007303855784501694
18.8026314 0.6406211157410089 0.007300714215091117
18.8526314 0.6398723882231252 0.007297626070531009
18.9026314 0.6391354021598279 0.007294590349158837
18.9526314 0.6384099655575307 0.007291606070609586
19.0026314 0.6376958897363162 0.007288672275294202
19.0526314 0.6369929892686538 0.007285788023892702
19.1026314 0.6363010819193516 0.007282952396861444
19.1526314 0.6356199885867172 0.007280164493954163
19.2026314 0.6349495332448978 0.007277423433756296
19.2526314 0.6342895428873757 0.007274728353232206
19.3026314 0.6336398474715927 0.007272078407284882
19.3526314 0.6330002798646782 0.007269472768327762
19.4026314 0.6323706757902567 0.007266910625868244
19.4526314 0.6317508737763123 0.007264391186102593
19.5026314 0.6311407151040851 0.007261913671521836
19.5526314 0.6305400437579779 0.00725947732052834
19.6026314 0.6299487063764521 0.007257081387062736
19.6526314 0.6293665522038892 0.00725472514024087
19.7026314 0.628793433043399 0.007252407864000486
19.7526314 0.6282292032105528 0.007250128856757336
19.8026314 0.6276737194880218 0.007247887431070441
19.8526314 0.6271268410811019 0.007245682913316223
19.9026314 0.6265884295741055 0.007243514643371241
19.9526314 0.6260583488876008 0.007241381974303281
20.0026314 0.6255364652364821 0.007239284272070544
20.0526314 0.6250226470888527 0.007237220915228687
20.1026314 0.6245167651257029 0.007235191294645516
20.1526314 0.624018692201366 0.007233194813223045
20.2026314 0.6235283033047369 0.007231230885626776
20.2526314 0.6230454755212363 0.007229298938021934
20.3026314 0.6225700879955054 0.007227398407816476
20.3526314 0.6221020218948147 0.007225528743410689
20.4026314 0.6216411603731733 0.007223689403953145
20.4526314 0.6211873885361233 0.00722187985910289
20.5026314 0.6207405934062055 0.007220099588797626
20.5526314 0.6203006638890809 0.007218348083027759
20.6026314 0.6198674907402971 0.007216624841616118
20.6526314 0.6194409665326835 0.007214929374003198
20.7026314 0.6190209856243646 0.007213261199037776
20.7526314 0.618607444127376 0.007211619844772713
20.8026314 0.6182002398768741 0.007210004848265847
20.8526314 0.6177992724009238 0.00720841575538579
20.9026314 0.6174044428908554 0.007206852120622515
20.9526314 0.6170156541721765 0.007205313506902593
21.0026314 0.6166328106760298 0.007203799485408949
21.0526314 0.6162558184111838 0.007202309635405013
21.1026314 0.6158845849365467 0.007200843544063148
21.1526314 0.6155190193341933 0.007199400806297227
21.2026314 0.6151590321828921 0.007197981024599254
21.2526314 0.6148045355321268 0.007196583808879925
21.3026314 0.6144554428765967 0.00719520877631299
21.3526314 0.6141116691311921 0.007193855551183364
21.4026314 0.6137731306064304 0.007192523764738825
21.4526314 0.6134397449843466 0.007191213055045262
21.5026314 0.6131114312948284 0.007189923066845327
21.5526314 0.6127881098923859 0.00718865345142043
21.6026314 0.6124697024333492 0.007187403866455977
21.6526314 0.6121561318534838 0.007186173975909768
21.7026314 0.6118473223460164 0.007184963449883463
21.7526314 0.6115431993400618 0.007183771964497052
21.8026314 0.6112436894794456 0.007182599201766216
21.8526314 0.6109487206019112 0.007181444849482553
21.9026314 0.6106582217187067 0.007180308601096546
21.9526314 0.6103721229945426 0.007179190155603226
22.0026314 0.6100903557279138 0.007178089217430456
22.0526314 0.6098128523317777 0.007177005496329766
22.1026314 0.6095395463145828 0.00717593870726967
22.1526314 0.6092703722616402 0.007174888570331415
22.2026314 0.6090052658168308 0.00717385481060707
22.2526314 0.6087441636646438 0.007172837158099931
22.3026314 0.6084870035125369 0.007171835347627158
22.3526314 0.6082337240736149 0.007170849118724589
22.4026314 0.6079842650496184 0.007169878215553691
22.4526314 0.6077385671142188 0.00716892238681058
22.5026314 0.6074965718966109 0.007167981385637056
22.5526314 0.6072582219653998 0.007167054969533609
22.6026314 0.6070234608127758 0.007166142900274362
22.6526314 0.606792232838971 0.007165244943823859
22.7026314 0.6065644833369925 0.007164360870255692
22.7526314 0.6063401584776283 0.00716349045367291
22.8026314 0.6061192052947187 0.007162633472130168
22.8526314 0.605901571670689 0.007161789707557547
22.9026314 0.6056872063223389 0.007160958945686051
22.9526314 0.6054760587868832 0.007160140975974704
23.0026314 0.6052680794082397 0.007159335591539208
23.0526314 0.6050632193235586 0.007158542589082154
23.1026314 0.6048614304499891 0.007157761768824713
23.1526314 0.6046626654716803 0.007156992934439791
23.2026314 0.6044668778270096 0.007156235892986611
23.2526314 0.6042740216960354 0.007155490454846679
23.3026314 0.6040840519881711 0.007154756433661113
23.3526314 0.6038969243300735 0.007154033646269284
23.4026314 0.6037125950537449 0.007153321912648768
23.4526314 0.6035310211848413 0.007152621055856536
23.5026314 0.6033521604311868 0.007151930901971399
23.5526314 0.6031759711714866 0.007151251280037635
23.6026314 0.6030024124442372 0.007150582022009805
23.6526314 0.6028314439368304 0.007149922962698702
23.7026314 0.6026630259748451 0.007149273939718433
23.7526314 0.6024971195115266 0.007148634793434584
23.8026314 0.6023336861174469 0.007148005366913456
23.8526314 0.6021726879703451 0.007147385505872345
23.9026314 0.6020140878451432 0.007146775058630839
23.9526314 0.6018578491041346 0.00714617387606311
24.0026314 0.6017039356873418 0.00714558181155118
24.0526314 0.6015523121030402 0.007144998720939138
24.1026314 0.6014029434184456 0.00714442446248828
24.1526314 0.6012557952505617 0.007143858896833158
24.2026314 0.601110833757185 0.00714330188693852
24.2526314 0.6009680256280638 0.007142753298057111
24.3026314 0.6008273380762094 0.007142212997688323
24.3526314 0.6006887388293555 0.007141680855537668
24.4026314 0.6005521961215643 0.007141156743477066
24.4526314 0.6004176786849762 0.007140640535505927
24.5026314 0.6002851557416997 0.007140132107712988
24.5526314 0.6001545969958404 0.007139631338238925
24.6026314 0.6000259726256655 0.007139138107239701
24.6526314 0.5998992532759017 0.007138652296850624
24.7026314 0.5997744100501643 0.007138173791151125
24.7526314 0.5996514145035152 0.007137702476130221
24.8026314 0.599530238635146 0.007137238239652657
24.8526314 0.5994108548811868 0.007136780971425702
24.9026314 0.599293236107636 0.007136330562966602
24.9526314 0.5991773556034095 0.007135886907570658
25.0026314 0.599063187073508 0.007135449900279919
25.0526314 0.5989507046322997 0.0071350194378525
25.1026314 0.5988398827969157 0.007134595418732462
25.1526314 0.5987306964807576 0.007134177743020295
25.2026314 0.5986231209871139 0.007133766312443965
25.2526314 0.598517132002884 0.007133361030330501
25.3026314 0.5984127055924078 0.007132961801578143
25.3526314 0.5983098181913984 0.007132568532629012
25.4026314 0.5982084466009777 0.007132181131442298
25.4526314 0.5981085679818108 0.007131799507467965
25.5026314 0.5980101598483395 0.007131423571620948
25.5526314 0.5979132000631115 0.007131053236255837
25.6026314 0.5978176668312057 0.007130688415142047
25.6526314 0.597723538694749 0.007130329023439443
25.7026314 0.5976307945275258 0.007129974977674435
25.7526314 0.5975394135296767 0.007129626195716508
25.8026314 0.5974493752224863 0.007129282596755206
25.8526314 0.5973606594432569 0.00712894410127753
25.9026314 0.5972732463402676 0.00712861063104577
25.9526314 0.5971871163678177 0.007128282109075741
26.0026314 0.5971022502813522 0.007127958459615426
26.0526314 0.5970186291326675 0.00712763960812401
26.1026314 0.5969362342651972 0.00712732548125131
26.1526314 0.596855047309376 0.00712701600681757
26.2026314 0.59677505017808 0.007126711113793647
26.2526314 0.5966962250621423 0.007126410732281542
26.3026314 0.596618554425943 0.007126114793495297
26.3526314 0.5965420210030721 0.007125823229742243
26.4026314 0.5964666077920628 0.007125535974404584
26.4526314 0.5963922980521968 0.007125252961921315
26.5026314 0.5963190752993774 0.007124974127770488
26.5526314 0.5962469233020709 0.007124699408451771
26.6026314 0.5961758260773142 0.007124428741469339
26.6526314 0.5961057678867894 0.00712416206531508
26.7026314 0.5960367332329608 0.007123899319452084
26.7526314 0.5959687068552774 0.007123640444298458
26.8026314 0.5959016737264351 0.007123385381211393
26.8526314 0.5958356190487027 0.007123134072471565
26.9026314 0.5957705282503063 0.007122886461267764
26.9526314 0.5957063869818727 0.007122642491681846
27.0026314 0.5956431811129327 0.007122402108673914
27.0526314 0.5955808967284788 0.007122165258067788
27.1026314 0.5955195201255816 0.007121931886536728
27.1526314 0.5954590378100595 0.0071217019415894
27.2026314 0.5953994364932034 0.007121475371556101
27.2526314 0.5953407030885549 0.007121252125575232
27.3026314 0.5952828247087363 0.007121032153579991
27.3526314 0.5952257886623322 0.007120815406285325
27.4026314 0.5951695824508223 0.007120601835175089
27.4526314 0.5951141937655632 0.007120391392489445
27.5026314 0.5950596104848196 0.007120184031212482
27.5526314 0.5950058206708435 0.007119979705060044
27.6026314 0.5949528125670004 0.007119778368467771
27.6526314 0.5949005745949425 0.007119579976579368
27.7026314 0.594849095351827 0.007119384485235048
27.7526314 0.5947983636075796 0.0071191918509602
27.8026314 0.5947483683022029 0.007119002030954246
27.8526314 0.5946990985431265 0.00711881498307969
27.9026314 0.5946505436026013 0.007118630665851352
27.9526314 0.5946026929151351 0.007118449038425807
28.0026314 0.5945555360749701 0.007118270060590979
28.0526314 0.5945090628336002 0.007118093692755937
28.1026314 0.5944632630973279 0.007117919895940857
28.1526314 0.5944181269248622 0.007117748631767155
28.2026314 0.5943736445249532 0.007117579862447798
28.2526314 0.5943298062540657 0.007117413550777767
28.3026314 0.5942866026140892 0.007117249660124697
28.3526314 0.5942440242500856 0.007117088154419673
28.4026314 0.5942020619480727 0.007116928998148174
28.4526314 0.594160706632842 0.007116772156341186
28.5026314 0.5941199493658135 0.007116617594566456
28.5526314 0.5940797813429225 0.007116465278919893
28.6026314 0.594040193892542 0.007116315176017129
28.6526314 0.5940011784734373 0.007116167252985209
28.7026314 0.5939627266727527 0.007116021477454418
28.7526314 0.5939248302040324 0.007115877817550268
28.8026314 0.5938874809052701 0.007115736241885594
28.8526314 0.5938506707369917 0.007115596719552807
28.9026314 0.5938143917803677 0.007115459220116253
28.9526314 0.5937786362353555 0.007115323713604725
29.0026314 0.5937433964188721 0.007115190170504079
29.0526314 0.5937086647629942 0.007115058561749996
29.1026314 0.5936744338131885 0.007114928858720837
29.1526314 0.5936406962265689 0.007114801033230647
29.2026314 0.5936074447701821 0.007114675057522255
29.2526314 0.5935746723193199 0.0071145509042605
29.3026314 0.5935423718558582 0.007114428546525563
29.3526314 0.5935105364666226 0.007114307957806415
29.4026314 0.5934791593417792 0.007114189111994374
29.4526314 0.5934482337732517 0.007114071983376758
29.5026314 0.593417753153163 0.007113956546630665
29.5526314 0.593387710972301 0.007113842776816833
29.6026314 0.5933581008186094 0.007113730649373616
29.6526314 0.5933289163757018 0.007113620140111054
29.7026314 0.5933001514213994 0.007113511225205042
29.7526314 0.5932717998262913 0.007113403881191596
29.8026314 0.5932438555523181 0.007113298084961213
29.8526314 0.5932163126513772 0.007113193813753319
29.9026314 0.5931891652639506 0.007113091045150816
29.9526314 0.5931624076177534 0.007112989757074715
30.0026314 0.5931360340264045 0.007112889927778854
30.0526314 0.5931100388881171 0.007112791535844709
30.1026314 0.5930844166844111 0.007112694560176282
30.1526314 0.5930591619788443 0.007112598979995081
30.2026314 0.5930342694157641 0.007112504774835173
30.2526314 0.5930097337190787 0.007112411924538324
30.3026314 0.5929855496910478 0.007112320409249216
30.3526314 0.5929617122110915 0.007112230209410746
30.4026314 0.5929382162346187 0.00711214130575939
30.4526314 0.5929150567918728 0.007112053679320652
30.5026314 0.5928922289867963 0.00711196731140459
30.5526314 0.5928697279959125 0.007111882183601401
30.6026314 0.5928475490672256 0.007111798277777091
30.6526314 0.5928256875191361 0.007111715576069206
30.7026314 0.5928041387393751 0.007111634060882636
30.7526314 0.592782898183954 0.007111553714885487
30.8026314 0.5927619613761311 0.007111474521005019
30.8526314 0.5927413239053937 0.007111396462423645
30.9026314 0.5927209814264565 0.007111319522575002
30.9526314 0.5927009296582753 0.00711124368514008
31.0026314 0.5926811643830766 0.007111168934043416
31.0526314 0.5926616814454013 0.007111095253449343
31.1026314 0.5926424767511639 0.00711102262775831
31.1526314 0.5926235462667261 0.007110951041603251
31.2026314 0.5926048860179846 0.007110880479846014
31.2526314 0.5925864920894737 0.007110810927573853
31.3026314 0.5925683606234806 0.007110742370095968
31.3526314 0.5925504878191755 0.007110674792940107
31.4026314 0.5925328699317548 0.007110608181849215
31.4526314 0.5925155032715972 0.007110542522778146
31.5026314 0.5924983842034333 0.007110477801890417
31.5526314 0.5924815091455276 0.007110414005555022
31.6026314 0.5924648745688735 0.007110351120343287
31.6526314 0.5924484769964008 0.007110289133025789
31.7026314 0.5924323130021948 0.00711022803056931
31.7526314 0.592416379210728 0.007110167800133846
31.8026314 0.5924006722961035 0.007110108429069664
31.8526314 0.5923851889813099 0.007110049904914402
31.9026314 0.5923699260374878 0.007109992215390219
31.9526314 0.5923548802832079 0.007109935348400983
32.00263140000001 0.5923400485837593 0.007109879292029515
32.0526314 0.5923254278504496 0.007109824034534863
32.1026314 0.5923110150399155 0.007109769564349626
32.1526314 0.5922968071534436 0.00710971587007733
32.2026314 0.5922828012363024 0.007109662940489819
32.25263140000001 0.5922689943770839 0.007109610764524711
32.3026314 0.5922553837070555 0.007109559331282888
32.3526314 0.5922419663995219 0.007109508630026017
32.4026314 0.5922287396691961 0.007109458650174124
32.4526314 0.5922157007715818 0.007109409381303187
32.50263140000001 0.592202847002363 0.007109360813142788
32.5526314 0.5921901756968049 0.007109312935573788
32.6026314 0.5921776842291621 0.007109265738626041
32.6526314 0.5921653700120975 0.00710921921247614
32.7026314 0.5921532304961095 0.007109173347445212
32.75263140000001 0.5921412631689675 0.007109128133996735
32.8026314 0.5921294655551564 0.007109083562734386
32.8526314 0.5921178352153297 0.007109039624399936
32.9026314 0.5921063697457705 0.007108996309871163
32.9526314 0.5920950667778614 0.007108953610159817
33.00263140000001 0.5920839239775618 0.007108911516409591
33.0526314 0.5920729390448934 0.007108870019894144
33.1026314 0.592062109713434 0.007108829112015148
33.1526314 0.5920514337498175 0.00710878878430036
33.2026314 0.592040908953244 0.007108749028401737
33.25263140000001 0.592030533154995 0.007108709836093561
33.3026314 0.592020304217957 0.007108671199270618
33.3526314 0.5920102200361523 0.007108633109946374
33.4026314 0.5920002785342771 0.007108595560251215
33.4526314 0.5919904776672459 0.007108558542430681
33.50263140000001 0.5919808154197437 0.007108522048843751
33.5526314 0.5919712898057842 0.007108486071961137
33.6026314 0.5919618988682753 0.00710845060436362
33.6526314 0.5919526406785911 0.007108415638740402
33.7026314 0.5919435133361495 0.007108381167887487
33.75263140000001 0.5919345149679979 0.00710834718470608
33.8026314 0.5919256437284034 0.007108313682201021
33.8526314 0.5919168977984506 0.007108280653479239
33.9026314 0.5919082753856443 0.007108248091748226
33.9526314 0.5918997747235193 0.00710821599031454
34.00263140000001 0.5918913940712551 0.007108184342582325
34.0526314 0.5918831317132975 0.007108153142051861
34.1026314 0.5918749859589847 0.007108122382318131
34.1526314 0.5918669551421797 0.007108092057069409
34.2026314 0.5918590376209087 0.007108062160085875
34.25263140000001 0.5918512317770042 0.007108032685238247
34.3026314 0.5918435360157532 0.007108003626486434
34.3526314 0.5918359487655523 0.007107974977878212
34.4026314 0.5918284684775661 0.007107946733547921
34.4526314 0.5918210936253915 0.007107918887715167
34.50263140000001 0.5918138227047278 0.00710789143468358
34.5526314 0.5918066542330507 0.007107864368839542
34.6026314 0.5917995867492912 0.00710783768465098
34.6526314 0.5917926188135205 0.007107811376666142
34.7026314 0.5917857490066384 0.007107785439512419
34.75263140000001 0.5917789759300667 0.007107759867895163
34.8026314 0.5917722982054476 0.00710773465659654
34.8526314 0.5917657144743464 0.007107709800474387
34.9026314 0.5917592233979585 0.007107685294461099
34.9526314 0.5917528236568208 0.00710766113356252
35.00263140000001 0.5917465139505278 0.00710763731285686
35.0526314 0.5917402929974515 0.007107613827493628
35.1026314 0.5917341595344657 0.007107590672692575
35.1526314 0.5917281123166749 0.007107567843742659
35.2026314 0.5917221501171459 0.007107545336001021
35.25263140000001 0.5917162717266451 0.007107523144891983
35.3026314 0.5917104759533786 0.007107501265906053
35.3526314 0.5917047616227362 0.007107479694598951
35.4026314 0.5916991275770406 0.00710745842659065
35.4526314 0.5916935726752979 0.007107437457564426
35.50263140000001 0.5916880957929543 0.007107416783265924
35.5526314 0.591682695821655 0.007107396399502248
35.6026314 0.5916773716690068 0.007107376302141049
35.6526314 0.5916721222583451 0.007107356487109634
35.7026314 0.591666946528503 0.007107336950394095
35.75263140000001 0.5916618434335854 0.007107317688038437
35.8026314 0.5916568119427452 0.007107298696143735
35.8526314 0.5916518510399634 0.00710727997086729
35.9026314 0.5916469597238326 0.007107261508421805
35.9526314 0.5916421370073432 0.007107243305074568
36.00263140000001 0.5916373819176735 0.00710722535714666
36.0526314 0.5916326934959821 0.007107207661012158
36.1026314 0.5916280707972041 0.007107190213097359
36.1526314 0.5916235128898503 0.007107173009880015
36.2026314 0.5916190188558083 0.007107156047888583
36.25263140000001 0.5916145877901483 0.007107139323701475
36.3026314 0.5916102188009306 0.007107122833946332
36.3526314 0.5916059110090156 0.0071071065752993
36.4026314 0.5916016635478785 0.007107090544484324
36.4526314 0.5915974755634242 0.007107074738272442
36.50263140000001 0.5915933462138074 0.007107059153481103
36.5526314 0.5915892746692534 0.007107043786973487
36.6026314 0.5915852601118826 0.007107028635657832
36.6526314 0.5915813017355376 0.007107013696486779
36.7026314 0.5915773987456125 0.007106998966456729
36.75263140000001 0.591573550358885 0.007106984442607191
36.8026314 0.5915697558033505 0.007106970122020164
36.8526314 0.5915660143180594 0.007106956001819514
36.9026314 0.5915623251529564 0.007106942079170358
36.9526314 0.5915586875687218 0.007106928351278472
37.00263140000001 0.5915551008366161 0.007106914815389689
37.0526314 0.5915515642383259 0.007106901468789321
37.1026314 0.5915480770658129 0.007106888308801583
37.1526314 0.5915446386211646 0.007106875332789022
37.2026314 0.5915412482164469 0.007106862538151964
37.25263140000001 0.5915379051735604 0.007106849922327964
37.3026314 0.5915346088240967 0.00710683748279126
37.3526314 0.5915313585091985 0.007106825217052242
37.4026314 0.5915281535794208 0.007106813122656928
37.4526314 0.5915249933945947 0.007106801197186442
37.50263140000001 0.5915218773236932 0.007106789438256506
37.5526314 0.5915188047446983 0.007106777843516938
37.6026314 0.5915157750444707 0.007106766410651157
37.6526314 0.5915127876186217 0.007106755137375692
37.7026314 0.5915098418713856 0.007106744021439702
37.75263140000001 0.591506937215496 0.007106733060624509
37.8026314 0.591504073072062 0.007106722252743117
37.8526314 0.5915012488704477 0.007106711595639773
37.9026314 0.5914984640481524 0.007106701087189493
37.9526314 0.5914957180506931 0.00710669072529763
38.00263140000001 0.5914930103314885 0.007106680507899429
38.0526314 0.5914903403517452 0.007106670432959592
38.1026314 0.591487707580345 0.007106660498471858
38.1526314 0.5914851114937338 0.007106650702458578
38.2026314 0.5914825515758131 0.007106641042970299
38.25263140000001 0.5914800273178314 0.00710663151808536
38.3026314 0.5914775382182792 0.007106622125909488
38.3526314 0.5914750837827834 0.007106612864575402
38.4026314 0.5914726635240054 0.007106603732242422
38.4526314 0.5914702769615391 0.007106594727096089
38.50263140000001 0.5914679236218111 0.007106585847347778
38.5526314 0.5914656030379821 0.00710657709123433
38.60263140000001 0.5914633147498503 0.007106568457017686
38.6526314 0.5914610583037547 0.007106559942984518
38.7026314 0.5914588332524825 0.007106551547445879
38.75263140000001 0.5914566391551748 0.007106543268736845
38.8026314 0.5914544755772356 0.007106535105216175
38.85263140000001 0.5914523420902422 0.007106527055265962
38.9026314 0.5914502382718556 0.007106519117291303
38.9526314 0.5914481637057334 0.007106511289719964
39.00263140000001 0.5914461179814434 0.007106503571002051
39.0526314 0.5914441006943786 0.007106495959609695
39.10263140000001 0.5914421114456735 0.007106488454036729
39.1526314 0.5914401498421217 0.007106481052798375
39.2026314 0.5914382154960943 0.007106473754430943
39.25263140000001 0.5914363080254601 0.007106466557491516
39.3026314 0.5914344270535064 0.007106459460557663
39.35263140000001 0.591432572208861 0.007106452462227138
39.4026314 0.5914307431254164 0.007106445561117588
39.4526314 0.5914289394422531 0.007106438755866272
39.50263140000001 0.5914271608035657 0.007106432045129776
39.5526314 0.5914254068585898 0.007106425427583734
39.60263140000001 0.5914236772615291 0.007106418901922559
39.6526314 0.5914219716714846 0.007106412466859167
39.7026314 0.5914202897523841 0.007106406121124718
39.75263140000001 0.5914186311729135 0.007106399863468348
39.8026314 0.5914169956064478 0.007106393692656915
39.85263140000001 0.5914153827309847 0.007106387607474741
39.9026314 0.5914137922290779 0.007106381606723366
39.9526314 0.591412223787772 0.0071063756892213
40.00263140000001 0.5914106770985386 0.007106369853803774
40.0526314 0.5914091518572119 0.007106364099322507
40.10263140000001 0.5914076477639274 0.007106358424645468
40.1526314 0.5914061645230597 0.007106352828656641
40.2026314 0.5914047018431622 0.007106347310255797
40.25263140000001 0.5914032594369067 0.007106341868358269
40.3026314 0.5914018370210254 0.007106336501894727
40.35263140000001 0.5914004343162523 0.007106331209810957
40.4026314 0.5913990510472661 0.007106325991067653
40.4526314 0.5913976869426337 0.007106320844640192
40.50263140000001 0.5913963417347552 0.007106315769518432
40.5526314 0.5913950151598083 0.007106310764706502
40.60263140000001 0.5913937069576951 0.007106305829222601
40.6526314 0.5913924168719885 0.007106300962098789
40.7026314 0.5913911446498801 0.007106296162380798
40.75263140000001 0.5913898900421283 0.007106291429127833
40.8026314 0.5913886528030072 0.007106286761412377
40.85263140000001 0.5913874326902573 0.007106282158320004
40.9026314 0.5913862294650351 0.007106277618949193
40.9526314 0.5913850428918649 0.007106273142411143
41.00263140000001 0.5913838727385907 0.00710626872782959
41.0526314 0.5913827187763291 0.007106264374340628
41.10263140000001 0.5913815807794219 0.007106260081092534
41.1526314 0.5913804585253912 0.007106255847245595
41.2026314 0.5913793517948934 0.007106251671971936
41.25263140000001 0.5913782603716748 0.00710624755445535
41.3026314 0.5913771840425274 0.007106243493891132
41.35263140000001 0.5913761225972458 0.007106239489485915
41.4026314 0.5913750758285844 0.007106235540457513
41.4526314 0.5913740435322153 0.007106231646034753
41.50263140000001 0.5913730255066867 0.007106227805457326
41.5526314 0.5913720215533818 0.007106224017975627
41.60263140000001 0.5913710314764791 0.007106220282850609
41.6526314 0.5913700550829122 0.007106216599353626
41.7026314 0.5913690921823306 0.007106212966766285
41.75263140000001 0.5913681425870612 0.007106209384380309
41.8026314 0.5913672061120704 0.007106205851497382
41.85263140000001 0.5913662825749264 0.007106202367429015
41.9026314 0.5913653717957624 0.007106198931496401
41.9526314 0.5913644735972403 0.007106195543030283
42.00263140000001 0.5913635878045141 0.007106192201370814
42.0526314 0.5913627142451957 0.007106188905867425
42.10263140000001 0.5913618527493189 0.007106185655878691
42.1526314 0.5913610031493054 0.007106182450772206
42.2026314 0.5913601652799315 0.007106179289924451
42.25263140000001 0.5913593389782941 0.007106176172720667
42.3026314 0.5913585240837775 0.007106173098554735
42.35263140000001 0.591357720438022 0.007106170066829049
42.4026314 0.5913569278848911 0.007106167076954399
42.4526314 0.5913561462704403 0.00710616412834985
42.50263140000001 0.5913553754428857 0.00710616122044262
42.5526314 0.591354615252574 0.007106158352667978
42.60263140000001 0.5913538655519518 0.007106155524469114
42.6526314 0.5913531261955361 0.007106152735297035
42.7026314 0.5913523970398851 0.007106149984610457
42.75263140000001 0.591351677943569 0.007106147271875686
42.8026314 0.5913509687671418 0.007106144596566522
42.85263140000001 0.5913502693731131 0.007106141958164143
42.9026314 0.5913495796259206 0.007106139356157009
42.9526314 0.5913488993919025 0.007106136790040751
43.00263140000001 0.5913482285392709 0.007106134259318077
43.0526314 0.5913475669380854 0.007106131763498667
43.10263140000001 0.5913469144602268 0.007106129302099072
43.1526314 0.5913462709793712 0.007106126874642626
43.2026314 0.5913456363709652 0.007106124480659342
43.25263140000001 0.5913450105122001 0.007106122119685822
43.3026314 0.5913443932819883 0.007106119791265161
43.35263140000001 0.5913437845609378 0.007106117494946855
43.4026314 0.5913431842313294 0.007106115230286713
43.4526314 0.5913425921770922 0.00710611299684677
43.50263140000001 0.5913420082837809 0.007106110794195195
43.5526314 0.5913414324385527 0.007106108621906198
43.60263140000001 0.5913408645301446 0.007106106479559964
43.6526314 0.5913403044488511 0.007106104366742547
43.7026314 0.5913397520865027 0.007106102283045804
43.75263140000001 0.5913392073364435 0.007106100228067304
43.8026314 0.5913386700935107 0.007106098201410246
43.85263140000001 0.5913381402540128 0.007106096202683388
43.9026314 0.5913376177157094 0.007106094231500965
43.9526314 0.5913371023777906 0.007106092287482608
44.00263140000001 0.5913365941408567 0.007106090370253268
44.0526314 0.5913360929068986 0.007106088479443152
44.10263140000001 0.5913355985792781 0.007106086614687633
44.1526314 0.5913351110627088 0.007106084775627191
44.2026314 0.5913346302632365 0.007106082961907332
44.25263140000001 0.5913341560882215 0.007106081173178522
44.3026314 0.591333688446319 0.007106079409096114
44.35263140000001 0.5913332272474614 0.007106077669320286
44.4026314 0.5913327724028409 0.007106075953515961
44.4526314 0.5913323238248905 0.007106074261352752
44.50263140000001 0.591331881427268 0.007106072592504894
44.5526314 0.5913314451248376 0.007106070946651171
44.60263140000001 0.5913310148336538 0.007106069323474861
44.6526314 0.5913305904709442 0.007106067722663669
44.7026314 0.5913301719550932 0.007106066143909667
44.75263140000001 0.5913297592056259 0.007106064586909231
44.8026314 0.591329352143192 0.007106063051362977
44.85263140000001 0.5913289506895497 0.007106061536975709
44.9026314 0.5913285547675506 0.007106060043456356
44.95263140000001 0.5913281643011244 0.007106058570517914
45.00263140000001 0.5913277792152635 0.007106057117877393
45.0526314 0.5913273994360079 0.007106055685255748
45.10263140000001 0.5913270248904313 0.007106054272377846
45.1526314 0.591326655506626 0.007106052878972388
45.20263140000001 0.5913262912136886 0.007106051504771871
45.25263140000001 0.5913259319417065 0.007106050149512527
45.3026314 0.5913255776217433 0.007106048812934275
45.35263140000001 0.5913252281858258 0.007106047494780665
45.4026314 0.5913248835669301 0.007106046194798833
45.45263140000001 0.5913245436989687 0.007106044912739445
45.50263140000001 0.5913242085167768 0.007106043648356652
45.5526314 0.5913238779561 0.007106042401408038
45.60263140000001 0.5913235519535813 0.007106041171654573
45.6526314 0.5913232304467486 0.007106039958860567
45.70263140000001 0.5913229133740023 0.007106038762793624
45.75263140000001 0.5913226006746033 0.007106037583224592
45.8026314 0.5913222922886607 0.007106036419927521
45.85263140000001 0.5913219881571204 0.007106035272679618
45.9026314 0.5913216882217528 0.0071060341412612
45.95263140000001 0.5913213924251418 0.007106033025455658
46.00263140000001 0.5913211007106733 0.007106031925049405
46.0526314 0.5913208130225241 0.007106030839831839
46.10263140000001 0.5913205293056507 0.007106029769595299
46.1526314 0.5913202495057786 0.007106028714135027
46.20263140000001 0.5913199735693914 0.007106027673249128
46.25263140000001 0.5913197014437204 0.007106026646738524
46.3026314 0.5913194330767342 0.00710602563440692
46.35263140000001 0.5913191684171284 0.007106024636060766
46.4026314 0.5913189074143157 0.007106023651509215
46.45263140000001 0.5913186500184152 0.007106022680564088
46.50263140000001 0.5913183961802435 0.007106021723039835
46.5526314 0.5913181458513044 0.007106020778753501
46.60263140000001 0.5913178989837796 0.007106019847524688
46.6526314 0.5913176555305194 0.007106018929175521
46.70263140000001 0.5913174154450329 0.00710601802353061
46.75263140000001 0.5913171786814796 0.00710601713041702
46.8026314 0.5913169451946596 0.007106016249664232
46.85263140000001 0.5913167149400053 0.007106015381104112
46.9026314 0.5913164878735723 0.007106014524570881
46.95263140000001 0.591316263952031 0.007106013679901074
47.00263140000001 0.591316043132658 0.007106012846933519
47.0526314 0.5913158253733274 0.007106012025509294
47.10263140000001 0.5913156106325032 0.007106011215471704
47.1526314 0.5913153988692302 0.007106010416666248
47.20263140000001 0.591315190043127 0.007106009628940584
47.25263140000001 0.5913149841143774 0.007106008852144507
47.3026314 0.5913147810437226 0.007106008086129915
47.35263140000001 0.5913145807924537 0.007106007330750779
47.4026314 0.5913143833224039 0.007106006585863116
47.45263140000001 0.5913141885959415 0.007106005851324961
47.50263140000001 0.5913139965759621 0.007106005126996341
47.5526314 0.5913138072258809 0.00710600441273924
47.60263140000001 0.5913136205096267 0.007106003708417581
47.6526314 0.5913134363916336 0.007106003013897196
47.70263140000001 0.5913132548368348 0.007106002329045794
47.75263140000001 0.5913130758106557 0.007106001653732948
47.8026314 0.5913128992790068 0.007106000987830055
47.85263140000001 0.5913127252082768 0.007106000331210323
47.9026314 0.5913125535653269 0.007105999683748735
47.95263140000001 0.5913123843174835 0.007105999045322033
48.00263140000001 0.591312217432532 0.007105998415808692
48.0526314 0.591312052878711 0.007105997795088896
48.10263140000001 0.5913118906247053 0.007105997183044509
48.1526314 0.5913117306396402 0.00710599657955906
48.20263140000001 0.5913115728930753 0.007105995984517718
48.25263140000001 0.5913114173549991 0.007105995397807265
48.3026314 0.5913112639958222 0.007105994819316082
48.35263140000001 0.5913111127863723 0.007105994248934117
48.4026314 0.5913109636978878 0.007105993686552873
48.45263140000001 0.5913108167020129 0.007105993132065379
48.50263140000001 0.5913106717707917 0.007105992585366178
48.5526314 0.5913105288766627 0.007105992046351297
48.60263140000001 0.5913103879924535 0.007105991514918232
48.6526314 0.5913102490913755 0.007105990990965926
48.70263140000001 0.5913101121470187 0.007105990474394751
48.75263140000001 0.5913099771333461 0.007105989965106491
48.8026314 0.5913098440246896 0.007105989463004312
48.85263140000001 0.591309712795744 0.007105988967992757
48.9026314 0.5913095834215625 0.007105988479977718
48.95263140000001 0.5913094558775518 0.00710598799886642
49.00263140000001 0.5913093301394675 0.007105987524567406
49.0526314 0.5913092061834089 0.007105987056990515
49.10263140000001 0.5913090839858145 0.007105986596046865
49.1526314 0.5913089635234579 0.00710598614164884
49.20263140000001 0.5913088447734424 0.007105985693710066
49.25263140000001 0.5913087277131974 0.007105985252145399
49.3026314 0.5913086123204734 0.007105984816870909
49.35263140000001 0.5913084985733379 0.007105984387803858
49.4026314 0.5913083864501711 0.007105983964862689
49.45263140000001 0.5913082759296616 0.007105983547967012
49.50263140000001 0.5913081669908025 0.007105983137037581
49.5526314 0.5913080596128869 0.007105982731996285
49.60263140000001 0.5913079537755043 0.007105982332766128
49.6526314 0.5913078494585362 0.007105981939271219
49.70263140000001 0.5913077466421526 0.007105981551436752
49.75263140000001 0.5913076453068078 0.007105981169188998
49.8026314 0.5913075454332368 0.007105980792455282
49.85263140000001 0.5913074470024514 0.007105980421163974
49.9026314 0.5913073499957365 0.007105980055244479
49.95263140000001 0.5913072543946469 0.007105979694627215
50.00263140000001 0.5913071601810029 0.007105979339243605
50.0526314 0.5913070673368874 0.007105978989026058
50.10263140000001 0.5913069758446421 0.007105978643907965
50.1526314 0.5913068856868643 0.007105978303823678
50.20263140000001 0.5913067968464033 0.0071059779687085
50.25263140000001 0.5913067093063571 0.007105977638498674
50.3026314 0.5913066230500692 0.007105977313131364
50.35263140000001 0.5913065380611253 0.007105976992544655
50.4026314 0.5913064543233503 0.007105976676677528
50.45263140000001 0.5913063718208046 0.007105976365469857
50.50263140000001 0.5913062905377815 0.007105976058862391
50.5526314 0.591306210458804 0.00710597575679675
50.60263140000001 0.5913061315686219 0.007105975459215402
50.6526314 0.5913060538522086 0.007105975166061668
50.70263140000001 0.5913059772947581 0.007105974877279694
50.75263140000001 0.5913059018816826 0.007105974592814451
50.8026314 0.5913058275986095 0.007105974312611724
50.85263140000001 0.5913057544313779 0.007105974036618093
50.9026314 0.5913056823660369 0.007105973764780936
50.95263140000001 0.5913056113888421 0.007105973497048401
51.00263140000001 0.5913055414862534 0.007105973233369416
51.0526314 0.5913054726449321 0.007105972973693662
51.10263140000001 0.5913054048517382 0.007105972717971574
51.1526314 0.5913053380937283 0.007105972466154326
51.20263140000001 0.5913052723581527 0.007105972218193823
51.25263140000001 0.5913052076324528 0.007105971974042692
51.3026314 0.591305143904259 0.007105971733654274
51.35263140000001 0.5913050811613885 0.00710597149698261
51.4026314 0.5913050193918419 0.007105971263982437
51.45263140000001 0.5913049585838018 0.007105971034609177
51.50263140000001 0.5913048987256305 0.007105970808818932
51.5526314 0.5913048398058671 0.007105970586568469
51.60263140000001 0.5913047818132259 0.007105970367815215
51.6526314 0.5913047247365935 0.007105970152517248
51.70263140000001 0.5913046685650275 0.007105969940633294
51.75263140000001 0.5913046132877536 0.007105969732122706
51.8026314 0.591304558894164 0.007105969526945472
51.85263140000001 0.5913045053738148 0.007105969325062196
51.9026314 0.5913044527164247 0.007105969126434094
51.95263140000001 0.5913044009118725 0.007105968931022989
52.00263140000001 0.591304349950195 0.007105968738791294
52.0526314 0.5913042998215852 0.007105968549702019
52.10263140000001 0.5913042505163907 0.007105968363718754
52.1526314 0.5913042020251115 0.007105968180805659
52.20263140000001 0.5913041543383978 0.007105968000927469
52.25263140000001 0.5913041074470491 0.007105967824049476
52.3026314 0.5913040613420115 0.007105967650137528
52.35263140000001 0.5913040160143764 0.00710596747915802
52.4026314 0.5913039714553786 0.007105967311077888
52.45263140000001 0.5913039276563946 0.007105967145864604
52.50263140000001 0.5913038846089407 0.007105966983486165
52.5526314 0.5913038423046719 0.007105966823911092
52.60263140000001 0.5913038007353797 0.007105966667108422
52.6526314 0.5913037598929908 0.007105966513047701
52.70263140000001 0.5913037197695652 0.007105966361698976
52.75263140000001 0.591303680357295 0.007105966213032799
52.8026314 0.5913036416485027 0.007105966067020205
52.85263140000001 0.5913036036356396 0.007105965923632722
52.9026314 0.5913035663112844 0.007105965782842355
52.95263140000001 0.591303529668142 0.007105965644621583
53.00263140000001 0.5913034936990412 0.007105965508943358
53.0526314 0.5913034583969345 0.007105965375781097
53.10263140000001 0.5913034237548958 0.00710596524510867
53.1526314 0.5913033897661192 0.007105965116900407
53.20263140000001 0.591303356423918 0.007105964991131083
53.25263140000001 0.5913033237217229 0.007105964867775919
53.3026314 0.591303291653081 0.007105964746810574
53.35263140000001 0.5913032602116546 0.007105964628211139
53.4026314 0.5913032293912195 0.007105964511954137
53.45263140000001 0.5913031991856643 0.007105964398016516
53.50263140000001 0.5913031695889889 0.00710596428637564
53.5526314 0.5913031405953032 0.007105964177009294
53.60263140000001 0.591303112198826 0.007105964069895668
53.6526314 0.5913030843938841 0.007105963965013362
53.70263140000001 0.5913030571749108 0.007105963862341379
53.75263140000001 0.5913030305364451 0.007105963761859119
53.8026314 0.5913030044731301 0.007105963663546375
53.85263140000001 0.5913029789797128 0.007105963567383331
53.9026314 0.5913029540510421 0.007105963473350558
53.95263140000001 0.5913029296820681 0.007105963381429006
54.00263140000001 0.5913029058678416 0.007105963291600006
54.0526314 0.5913028826035123 0.007105963203845262
54.10263140000001 0.5913028598843281 0.00710596311814685
54.1526314 0.5913028377056344 0.00710596303448721
54.20263140000001 0.591302816062873 0.007105962952849148
54.25263140000001 0.5913027949515809 0.007105962873215832
54.3026314 0.5913027743673898 0.00710596279557078
54.35263140000001 0.5913027543060249 0.007105962719897869
54.4026314 0.5913027347633041 0.007105962646181325
54.45263140000001 0.5913027157351374 0.007105962574405718
54.50263140000001 0.5913026972175255 0.007105962504555962
54.5526314 0.5913026792065597 0.007105962436617314
54.60263140000001 0.5913026616984203 0.007105962370575366
54.6526314 0.5913026446893764 0.007105962306416044
54.70263140000001 0.5913026281757852 0.007105962244125606
54.75263140000001 0.5913026121540903 0.007105962183690638
54.8026314 0.5913025966208222 0.00710596212509805
54.85263140000001 0.5913025815725967 0.007105962068335083
54.9026314 0.5913025670061148 0.007105962013389285
54.95263140000001 0.5913025529181613 0.007105961960248532
55.00263140000001 0.5913025393056045 0.007105961908901011
55.0526314 0.5913025261653958 0.007105961859335221
55.10263140000001 0.5913025134945686 0.007105961811539972
55.1526314 0.591302501290238 0.007105961765504382
55.20263140000001 0.5913024895495996 0.007105961721217873
55.25263140000001 0.5913024782699298 0.00710596167867017
55.3026314 0.5913024674485842 0.007105961637851299
55.35263140000001 0.591302457082998 0.007105961598751585
55.4026314 0.5913024471706846 0.007105961561361648
55.45263140000001 0.5913024377092356 0.007105961525672404
55.50263140000001 0.5913024286963201 0.00710596149167506
55.5526314 0.5913024201296838 0.007105961459361113
55.60263140000001 0.5913024120071493 0.007105961428722349
55.6526314 0.5913024043266146 0.007105961399750839
55.70263140000001 0.5913023970860537 0.007105961372438943
55.75263140000001 0.5913023902835152 0.007105961346779296
55.8026314 0.5913023839171223 0.007105961322764822
55.85263140000001 0.5913023779850723 0.00710596130038872
55.9026314 0.5913023724856363 0.007105961279644466
55.95263140000001 0.5913023674171582 0.007105961260525818
56.00263140000001 0.5913023627780553 0.0071059612430268
56.0526314 0.5913023585668166 0.007105961227141718
56.10263140000001 0.5913023547820038 0.007105961212865142
56.1526314 0.59130235142225 0.00710596120019192
56.20263140000001 0.5913023484862595 0.00710596118911716
56.25263140000001 0.591302345972808 0.007105961179636248
56.3026314 0.5913023438807412 0.007105961171744829
56.35263140000001 0.5913023422089758 0.007105961165438815
56.4026314 0.5913023409564981 0.007105961160714383
56.45263140000001 0.5913023401223644 0.007105961157567973
56.50263140000001 0.5913023397057001 0.007105961155996286
56.5526314 0.5913023397057001 0.007105961155996286
