6.8157892 5.169418552632179 0.5294011931982413
6.8657892 5.001799488899557 0.4477076105561526
6.9157892 4.84644070032126 0.3832923674085755
6.965789200000001 4.701721655551554 0.3316564790187033
7.0157892 4.566330726707259 0.2896677098904507
7.0657892 4.43919089514436 0.255092415843251
7.1157892 4.319406540961412 0.226304007638118
7.1657892 4.206224524216718 0.2020958772162965
7.215789200000001 4.099005187361156 0.1815581502964238
7.2657892 3.997200391449304 0.1639945704744695
7.3157892 3.900336633408208 0.1488652669847044
7.3657892 3.808001895952125 0.1357466010777365
7.415789200000001 3.71983528142564 0.1243025144580381
7.465789200000001 3.63551875069077 0.1142637689855945
7.5157892 3.554770473746389 0.1054126923533298
7.5657892 3.477339428561739 0.09757182501139577
7.6157892 3.403000976794083 0.09059537057790662
7.665789200000001 3.331553211469743 0.08436268719213474
7.715789200000001 3.262813920171924 0.07877328259209458
7.7657892 3.196618043073737 0.07374292947297932
7.8157892 3.132815531887851 0.06920062411038348
7.8657892 3.071269535976566 0.0650861858566705
7.915789200000001 3.011854857234884 0.06134834808202862
7.965789200000001 2.954456627173774 0.05794322914899493
8.0157892 2.898969168789922 0.05483309958847073
8.065789200000001 2.845295012964774 0.0519853818517722
8.1157892 2.793344044769118 0.04937183395656498
8.165789200000001 2.743032759514946 0.04696787949284858
8.2157892 2.694283611959461 0.04475205484129074
8.2657892 2.647024444926827 0.04270555081398074
8.315789200000001 2.601187985923744 0.04081183078340168
8.3657892 2.556711402201361 0.03905631110001379
8.415789200000001 2.51353590624804 0.03742609249028064
8.4657892 2.471606404954696 0.0359097333797788
8.5157892 2.430871186730958 0.03449705785182313
8.565789200000001 2.39128164170901 0.03317899234403172
8.6157892 2.352792010886224 0.03194742628857002
8.665789200000001 2.315359160654404 0.03079509278088209
8.7157892 2.278942379663907 0.02971546606560492
8.7657892 2.243503195392273 0.02870267319466811
8.815789200000001 2.209005208143008 0.02775141767027468
8.8657892 2.175413940502098 0.02685691325699138
8.915789200000001 2.142696700536694 0.02601482645003152
8.9657892 2.110822457239656 0.02522122633468155
9.0157892 2.07976172691139 0.02447254077547179
9.065789200000001 2.049486469331629 0.02376551804163449
9.1157892 2.019969992712678 0.02309719311438417
9.165789200000001 1.991186866545534 0.02246485803698467
9.2157892 1.963112841554188 0.02186603576474719
9.2657892 1.935724776063549 0.0212984570525008
9.315789200000001 1.909000568164909 0.02076003998448979
9.3657892 1.882919093131346 0.02024887180834637
9.415789200000001 1.857460145595339 0.01976319278260468
9.4657892 1.832604386053335 0.01930138178766534
9.5157892 1.808333291308121 0.01886194348441846
9.565789200000001 1.784629108500428 0.01844349683389675
9.6157892 1.761474812416988 0.0180447648161902
9.665789200000001 1.738854065793885 0.01766456520809812
9.7157892 1.716751182362081 0.01730180229719035
9.7657892 1.695151092406819 0.01695545942557231
9.815789200000001 1.674039310634717 0.01662459227009068
9.8657892 1.653401906162012 0.01630832277730862
9.915789200000001 1.633225474454969 0.016005833681596
9.9657892 1.613497111069135 0.01571636354335466
10.0157892 1.594204387048116 0.01543920225192394
10.0657892 1.57533532585517 0.01517368694425463
10.1157892 1.556878381722128 0.01491919829613764
10.1657892 1.538822419310341 0.01467515714774555
10.2157892 1.521156694587448 0.0144410214295917
10.2657892 1.50387083683201 0.01421628335881704
10.3157892 1.486954831685465 0.01400046687905305
10.3657892 1.470399005177589 0.01379312532004192
10.4157892 1.454194008657706 0.01359383925577579
10.4657892 1.438330804569425 0.01340221454219182
10.5157892 1.422800653011661 0.01321788051746741
10.5657892 1.40759509903324 0.01304048834973527
10.6157892 1.392705960612526 0.01286970951860925
10.6657892 1.378125317277275 0.01270523441830544
10.7157892 1.363845499323325 0.01254677107137987
10.7657892 1.349859077593897 0.01239404394320401
10.8157892 1.336158853784122 0.01224679284827825
10.8657892 1.322737851238017 0.01210477194035611
10.9157892 1.309589306207555 0.01196774877913111
10.9657892 1.29670665954565 0.01183550346693391
11.0157892 1.284083548806895 0.01170782784951022
11.0657892 1.271713800731744 0.01158452477550782
11.1157892 1.259591424091539 0.0114654074098013
11.1657892 1.247710602873322 0.01135029859623213
11.2157892 1.236065689784844 0.0112390302657456
11.2657892 1.224651200061493 0.01113144288626938
11.3157892 1.213461805558079 0.01102738495100548
11.3657892 1.202492329109577 0.01092671250210291
11.4157892 1.191737739145944 0.01082928868694419
11.4657892 1.181193144547106 0.01073498334451992
11.5157892 1.170853789725103 0.01064367261958313
11.5657892 1.160715049921214 0.01055523860247219
11.6157892 1.150772426706647 0.0104695689926698
11.6657892 1.141021543676088 0.01038655678432736
11.7157892 1.131458142324082 0.01030609997213134
11.7657892 1.122078078094807 0.01022810127602169
11.8157892 1.11287731659641 0.01015246788339407
11.8657892 1.103851929971558 0.01007911120752822
11.9157892 1.094998093416407 0.01000794666108564
11.9657892 1.086312081840608 0.009938893443611697
12.0157892 1.077790266661424 0.009871874342061123
12.0657892 1.069429112725426 0.009806815543442548
12.1157892 1.061225175351613 0.009743646458747696
12.1657892 1.053175097490146 0.009682299557394986
12.2157892 1.045275606991219 0.009622710211475894
12.2657892 1.037523513978896 0.009564816549146215
12.3157892 1.029915708325023 0.009508559316553577
12.3657892 1.022449157218597 0.00945388174773786
12.4157892 1.015120902826231 0.009400729441982543
12.4657892 1.007928060039573 0.009349050248133301
12.5157892 1.000867814305773 0.009298794155435122
12.5657892 0.9939374195372994 0.009249913190471517
12.6157892 0.987134196097589 0.009202361319819179
12.6657892 0.9804555288592036 0.009156094358058685
12.7157892 0.9738988653313473 0.009111069880807196
12.7657892 0.9674617138537451 0.009067247142462332
12.8157892 0.9611416418540468 0.009024586998367917
12.8657892 0.9549362741660565 0.00898305183113212
12.9157892 0.948843291406229 0.0089426054808469
12.9657892 0.9428604284059962 0.008903213178974613
13.0157892 0.9369854726976098 0.008864841485683365
13.0657892 0.9312162630513 0.008827458230427219
13.1157892 0.9255506880616527 0.008791032455580852
13.1657892 0.9199866847812139 0.008755534362950762
13.2157892 0.9145222373994211 0.008720935262996674
13.2657892 0.9091553759650536 0.008687207526607588
13.3157892 0.9038841751504781 0.008654324539286898
13.3657892 0.8987067530560457 0.008622260657610237
13.4157892 0.8936212700530739 0.008590991167828391
13.4657892 0.8886259276639183 0.008560492246495639
13.5157892 0.8837189674777078 0.008530740923011268
13.5657892 0.8788986701003799 0.008501715043969078
13.6157892 0.8741633541377166 0.008473393239216077
13.6657892 0.8695113752101381 0.008445754889527623
13.7157892 0.8649411249980661 0.008418780095811949
13.7657892 0.8604510303167211 0.00839244964976215
13.8157892 0.8560395522192702 0.008366745005878721
13.8657892 0.8517051851272839 0.008341648254790248
13.9157892 0.8474464559875107 0.008317142097804146
13.9657892 0.843261923454017 0.008293209822623313
14.0157892 0.8391501770947827 0.008269835280168362
14.0657892 0.8351098366218791 0.008247002862448507
14.1157892 0.831139551144394 0.008224697481427526
14.1657892 0.8272379984433037 0.008202904548834241
14.2157892 0.8234038842675244 0.008181609956869838
14.2657892 0.8196359416504057 0.008160800059767052
14.3157892 0.815932930245961 0.00814046165615873
14.3657892 0.8122936356841595 0.008120581972215716
14.4157892 0.8087168689446249 0.008101148645516112
14.4657892 0.8052014657481228 0.008082149709610204
14.5157892 0.8017462859652333 0.008063573579247125
14.5657892 0.7983502130416358 0.008045409036231327
14.6157892 0.7950121534394516 0.008027645215878558
14.6657892 0.7917310360941151 0.008010271594042679
14.7157892 0.7885058118862611 0.007993277974686257
14.7657892 0.7853354531281395 0.007976654477969183
14.8157892 0.7822189530640825 0.007960391528831059
14.8657892 0.7791553253845741 0.007944479846044232
14.9157892 0.7761436037534809 0.007928910431715688
14.9657892 0.7731828413480277 0.007913674561217035
15.0157892 0.7702721104111103 0.00789876377352295
15.0657892 0.7674105018155581 0.007884169861939443
15.1157892 0.7645971246399698 0.007869884865204225
15.1657892 0.7618311057557613 0.007855901058942381
15.2157892 0.7591115894250789 0.007842210947461422
15.2657892 0.75643773690924 0.007828807255870505
15.3157892 0.7538087260873793 0.00781568292250946
15.3657892 0.7512237510849892 0.007802831091673922
15.4157892 0.7486820219120528 0.007790245106623538
15.4657892 0.7461827641104793 0.00777791850286089
15.5157892 0.7437252184105637 0.007765845001669346
15.5657892 0.741308640396199 0.007754018503898621
15.6157892 0.7389323001785817 0.007742433083987418
15.6657892 0.7365954820781589 0.007731082984212941
15.7157892 0.7342974843145739 0.007719962609157657
15.7657892 0.7320376187043759 0.007709066520384064
15.8157892 0.7298152103662688 0.007698389431308702
15.8657892 0.7276295974336777 0.007687926202267015
15.9157892 0.7254801307744246 0.007677671835761137
15.9657892 0.7233661737173073 0.007667621471882937
16.0157892 0.7212871017853844 0.007657770383905112
16.0657892 0.7192423024357768 0.007648113974033387
16.1157892 0.7172311748057996 0.007638647769313225
16.1657892 0.7152531294652463 0.007629367417684738
16.2157892 0.7133075881746541 0.007620268684179796
16.2657892 0.7113939836493811 0.007611347447255547
16.3157892 0.709511759329336 0.007602599695258925
16.3657892 0.7076603691542023 0.007594021523016834
16.4157892 0.7058392773440071 0.00758560912854704
16.4657892 0.7040479581848864 0.007577358809884972
16.5157892 0.7022858958199066 0.007569266962021831
16.5657892 0.7005525840448041 0.007561330073949679
16.6157892 0.6988475261085092 0.007553544725809254
16.6657892 0.6971702345183277 0.007545907586136581
16.7157892 0.6955202308496526 0.007538415409204453
16.7657892 0.6938970455600869 0.00753106503245523
16.8157892 0.6923002178078592 0.007523853374021332
16.8657892 0.6907292952744191 0.007516777430330143
16.9157892 0.6891838339911014 0.007509834273790072
16.9657892 0.6876633981697533 0.007503021050554698
17.0157892 0.6861675600372199 0.007496334978362044
17.0657892 0.6846958996735886 0.007489773344446155
17.1157892 0.6832480048540941 0.007483333503518261
17.1657892 0.6818234708945897 0.00747701287581493
17.2157892 0.6804219005004936 0.00747080894521073
17.2657892 0.6790429036191197 0.007464719257392981
17.3157892 0.6776860972953092 0.007458741418096352
17.3657892 0.6763511055302759 0.007452873091395056
17.4157892 0.6750375591435867 0.007447111998050574
17.4657892 0.6737450956381953 0.007441455913912859
17.5157892 0.6724733590684557 0.007435902668373099
17.5657892 0.6712219999110378 0.00743045014286616
17.6157892 0.6699906749386745 0.007425096269420921
17.6657892 0.6687790470966696 0.007419839029256799
17.7157892 0.6675867853820979 0.007414676451424797
17.7657892 0.6664135647256311 0.007409606611491489
17.8157892 0.665259065875925 0.007404627630264446
17.8657892 0.6641229752865057 0.007399737672557606
17.9157892 0.663004985005093 0.007394934945995206
17.9657892 0.6619047925653024 0.00739021769985291
18.0157892 0.6608221008806683 0.007385584223934857
18.0657892 0.6597566181409303 0.007381032847485348
18.1157892 0.658708057710532 0.007376561938134005
18.1657892 0.6576761380292746 0.007372169900873214
18.2157892 0.6566605825150786 0.007367855177066785
18.2657892 0.6556611194687986 0.007363616243488705
18.3157892 0.6546774819810461 0.007359451611391011
18.3657892 0.6537094078409718 0.007355359825599749
18.4157892 0.6527566394469595 0.007351339463638106
18.4657892 0.6518189237191895 0.007347389134875767
18.5157892 0.650896012014025 0.00734350747970363
18.5657892 0.6499876600401815 0.00733969316873303
18.6157892 0.6490936277766348 0.007335944902018644
18.6657892 0.64821367939223 0.007332261408304314
18.7157892 0.6473475831669502 0.007328641444290983
18.7657892 0.6464951114148084 0.007325083793926078
18.8157892 0.6456560404083227 0.007321587267713563
18.8657892 0.644830150304541 0.007318150702044045
18.9157892 0.6440172250725794 0.007314772958544245
18.9657892 0.6432170524226377 0.007311452923445205
19.0157892 0.6424294237364617 0.007308189506968651
19.0657892 0.6416541339992162 0.007304981642730876
19.1157892 0.64089098173274 0.007301828287163631
19.1657892 0.6401397689301491 0.007298728418951449
19.2157892 0.63940030099176 0.007295681038484872
19.2657892 0.6386723866623015 0.007292685167329101
19.3157892 0.6379558379693883 0.007289739847707548
19.3657892 0.6372504701632263 0.007286844141999845
19.4157892 0.6365561016575244 0.007283997132253833
19.4657892 0.635872553971584 0.007281197919711119
19.5157892 0.6351996516735418 0.007278445624345726
19.5657892 0.634537222324739 0.007275739384415499
19.6157892 0.6338850964251946 0.007273078356025805
19.6657892 0.6332431073601559 0.007270461712705178
19.7157892 0.6326110913477034 0.00726788864499254
19.7657892 0.6319888873873893 0.007265358360035634
19.8157892 0.6313763372098842 0.007262870081200325
19.8657892 0.6307732852276114 0.007260423047690441
19.9157892 0.6301795784863482 0.00725801651417783
19.9657892 0.629595066617772 0.007255649750442329
20.0157892 0.6290196017929318 0.007253322041021328
20.0657892 0.6284530386766253 0.007251032684868671
20.1157892 0.6278952343826611 0.007248780995022575
20.1657892 0.6273460484299889 0.007246566298282324
20.2157892 0.6268053426996771 0.007244387934893474
20.2657892 0.6262729813927227 0.007242245258241301
20.3157892 0.6257488309886724 0.007240137634552263
20.3657892 0.6252327602050406 0.007238064442603224
20.4157892 0.6247246399575062 0.007236025073438231
20.4657892 0.6242243433208713 0.007234018930092607
20.5157892 0.6237317454907684 0.007232045427324148
20.5657892 0.6232467237460966 0.007230103991351224
20.6157892 0.6227691574121746 0.007228194059597574
20.6657892 0.6222989278245949 0.007226315080443609
20.7157892 0.6218359182937637 0.007224466512984035
20.7657892 0.6213800140701125 0.0072226478267916
20.8157892 0.620931102309969 0.00722085850168682
20.8657892 0.6204890720420722 0.007219098027513468
20.9157892 0.6200538141347179 0.007217365903919716
20.9657892 0.6196252212635244 0.007215661640144713
21.0157892 0.6192031878798014 0.0072139847548105
21.0657892 0.6187876101795152 0.007212334775719061
21.1157892 0.6183783860728321 0.007210711239654409
21.1657892 0.6179754151542334 0.007209113692189531
21.2157892 0.6175785986731867 0.00720754168749808
21.2657892 0.6171878395053646 0.007205994788170675
21.3157892 0.6168030421243987 0.007204472565035672
21.3657892 0.6164241125741572 0.007202974596984296
21.4157892 0.6160509584415377 0.007201500470800004
21.4657892 0.6156834888297633 0.007200049780991975
21.5157892 0.6153216143321724 0.007198622129632588
21.5657892 0.614965247006491 0.007197217126198818
21.6157892 0.6146143003495815 0.007195834387417407
21.6657892 0.6142686892726532 0.00719447353711373
21.7157892 0.6139283300769303 0.007193134206064241
21.7657892 0.6135931404297648 0.007191816031852424
21.8157892 0.6132630393411876 0.007190518658728125
21.8657892 0.6129379471408887 0.007189241737470205
21.9157892 0.6126177854556156 0.007187984925252404
21.9657892 0.6123024771869867 0.007186747885512332
22.0157892 0.611991946489706 0.007185530287823528
22.0657892 0.6116861187501754 0.007184331807770466
22.1157892 0.6113849205654943 0.007183152126826471
22.1657892 0.6110882797228403 0.007181990932234436
22.2157892 0.6107961251792228 0.007180847916890285
22.2657892 0.6105083870416024 0.007179722779229111
22.3157892 0.6102249965473696 0.007178615223113911
22.3657892 0.6099458860451744 0.007177524957726848
22.4157892 0.6096709889761021 0.007176451697462988
22.4657892 0.6094002398551857 0.007175395161826438
22.5157892 0.609133574253252 0.007174355075328829
22.5657892 0.6088709287790917 0.007173331167390078
22.6157892 0.6086122410619488 0.007172323172241376
22.6657892 0.6083574497343236 0.00717133082883034
22.7157892 0.608106494415082 0.007170353880728285
22.7657892 0.6078593156928661 0.007169392076039547
22.8157892 0.6076158551098003 0.007168445167312821
22.8657892 0.6073760551454869 0.00716751291145445
22.9157892 0.6071398592012854 0.007166595069643623
22.9657892 0.6069072115848722 0.007165691407249437
23.0157892 0.606678057495071 0.007164801693749769
23.0657892 0.6064523430069547 0.007163925702651918
23.1157892 0.606230015057208 0.007163063211414978
23.1657892 0.6060110214297492 0.007162214001373882
23.2157892 0.6057953107416053 0.007161377857665099
23.2657892 0.605582832429036 0.007160554569153925
23.3157892 0.6053735367339008 0.007159743928363346
23.3657892 0.6051673746902662 0.007158945731404406
23.4157892 0.6049642981112471 0.007158159777908088
23.4657892 0.6047642595760793 0.007157385870958622
23.5157892 0.6045672124174176 0.007156623817028225
23.5657892 0.6043731107088562 0.007155873425913224
23.6157892 0.6041819092526663 0.007155134510671508
23.6657892 0.6039935635677484 0.007154406887561327
23.7157892 0.6038080298777929 0.007153690375981347
23.7657892 0.6036252650996483 0.007152984798411985
23.8157892 0.6034452268318902 0.007152289980357955
23.8657892 0.6032678733435888 0.007151605750292005
23.9157892 0.6030931635632716 0.007150931939599844
23.9657892 0.6029210570680764 0.007150268382526187
24.0157892 0.6027515140730929 0.00714961491612193
24.0657892 0.6025844954208869 0.007148971380192398
24.1157892 0.6024199625712067 0.007148337617246677
24.1657892 0.6022578775908658 0.007147713472447957
24.2157892 0.6020982031438006 0.007147098793564918
24.2657892 0.6019409024812986 0.007146493430924084
24.3157892 0.6017859394323941 0.007145897237363158
24.3657892 0.6016332783944298 0.007145310068185295
24.4157892 0.6014828843237788 0.007144731781114306
24.4657892 0.6013347227267267 0.007144162236250765
24.5157892 0.6011887596505087 0.007143601296028988
24.5657892 0.6010449616745004 0.007143048825174894
24.6157892 0.6009032959015588 0.007142504690664685
24.6657892 0.6007637299495111 0.007141968761684379
24.7157892 0.6006262319427879 0.007141440909590118
24.7657892 0.6004907705041994 0.00714092100786929
24.8157892 0.6003573147468513 0.007140408932102406
24.8657892 0.6002258342661975 0.007139904559925732
24.9157892 0.6000962991322284 0.007139407770994671
24.9657892 0.5999686798817906 0.007138918446947837
25.0157892 0.5998429475110376 0.007138436471371863
25.0657892 0.5997190734680075 0.00713796172976688
25.1157892 0.5995970296453266 0.007137494109512675
25.1657892 0.5994767883730358 0.007137033499835509
25.2157892 0.599358322411538 0.007136579791775573
25.2657892 0.5992416049446647 0.007136132878155083
25.3157892 0.5991266095728592 0.007135692653546993
25.3657892 0.5990133103064738 0.007135259014244294
25.4157892 0.5989016815591801 0.007134831858229926
25.4657892 0.5987916981414907 0.007134411085147257
25.5157892 0.5986833352543877 0.007133996596271124
25.5657892 0.5985765684830596 0.007133588294479432
25.6157892 0.5984713737907423 0.007133186084225298
25.6657892 0.5983677275126632 0.007132789871509717
25.7157892 0.5982656063500864 0.007132399563854754
25.7657892 0.5981649873644574 0.007132015070277234
25.8157892 0.5980658479716457 0.007131636301262942
25.8657892 0.5979681659362828 0.007131263168741298
25.9157892 0.5978719193661944 0.007130895586060519
25.9657892 0.5977770867069265 0.007130533467963232
26.0157892 0.5976836467363608 0.007130176730562565
26.0657892 0.5975915785594202 0.007129825291318661
26.1157892 0.5975008616028626 0.007129479069015654
26.1657892 0.5974114756101599 0.007129137983739049
26.2157892 0.5973234006364634 0.00712880195685355
26.2657892 0.5972366170436503 0.007128470910981268
26.3157892 0.5971511054954545 0.007128144769980359
26.3657892 0.5970668469526761 0.00712782345892404
26.4157892 0.5969838226684708 0.007127506904079999
26.4657892 0.5969020141837166 0.00712719503289018
26.5157892 0.596821403322457 0.007126887773950942
26.5657892 0.5967419721874193 0.007126585056993574
26.6157892 0.5966637031556065 0.00712628681286518
26.6657892 0.5965865788739616 0.007125992973509895
26.7157892 0.5965105822551036 0.007125703471950462
26.7657892 0.5964356964731324 0.007125418242270124
26.8157892 0.596361904959504 0.007125137219594858
26.8657892 0.596289191398972 0.007124860340075931
26.9157892 0.5962175397255955 0.007124587540872757
26.9657892 0.5961469341188143 0.007124318760136085
27.0157892 0.596077358999585 0.007124053936991467
27.0657892 0.5960087990265833 0.007123793011523035
27.1157892 0.5959412390924664 0.007123535924757575
27.1657892 0.595874664320197 0.007123282618648866
27.2157892 0.5958090600594268 0.007123033036062326
27.2657892 0.59574441188294 0.007122787120759898
27.3157892 0.5956807055831532 0.007122544817385244
27.3657892 0.5956179271686731 0.007122306071449168
27.4157892 0.5955560628609098 0.007122070829315311
27.4657892 0.5954950990907453 0.007121839038186115
27.5157892 0.595435022495256 0.007121610646089
27.5657892 0.5953758199144882 0.007121385601862818
27.6157892 0.5953174783882857 0.007121163855144531
27.6657892 0.5952599851531695 0.007120945356356118
27.7157892 0.5952033276392665 0.007120730056691726
27.7657892 0.5951474934672899 0.007120517908105038
27.8157892 0.5950924704455661 0.007120308863296856
27.8657892 0.5950382465671119 0.007120102875702916
27.9157892 0.5949848100067565 0.007119899899481905
27.9657892 0.5949321491183119 0.007119699889503686
28.0157892 0.5948802524317878 0.007119502801337734
28.0657892 0.5948291086506512 0.007119308591241769
28.1157892 0.5947787066491309 0.007119117216150585
28.1657892 0.5947290354695649 0.007118928633665075
28.2157892 0.5946800843197898 0.007118742802041445
28.2657892 0.5946318425705733 0.007118559680180613
28.3157892 0.5945842997530868 0.007118379227617788
28.3657892 0.5945374455564193 0.007118201404512236
28.4157892 0.5944912698251305 0.007118026171637214
28.4657892 0.5944457625568436 0.007117853490370082
28.5157892 0.5944009138998761 0.00711768332268258
28.5657892 0.5943567141509093 0.007117515631131273
28.6157892 0.5943131537526936 0.007117350378848157
28.6657892 0.5942702232917919 0.007117187529531437
28.7157892 0.5942279134963586 0.00711702704743644
28.7657892 0.5941862152339533 0.007116868897366703
28.8157892 0.5941451195093902 0.007116713044665198
28.8657892 0.5941046174626212 0.007116559455205719
28.9157892 0.5940647003666532 0.007116408095384404
28.9657892 0.5940253596254979 0.007116258932111401
29.0157892 0.5939865867721549 0.007116111932802679
29.0657892 0.5939483734666261 0.007115967065371985
29.1157892 0.5939107114939621 0.00711582429822291
29.1657892 0.5938735927623396 0.00711568360024112
29.2157892 0.5938370093011689 0.007115544940786694
29.2657892 0.5938009532592318 0.007115408289686606
29.3157892 0.5937654169028489 0.007115273617227321
29.3657892 0.5937303926140757 0.007115140894147522
29.4157892 0.5936958728889271 0.007115010091630959
29.4657892 0.593661850335631 0.007114881181299408
29.5157892 0.5936283176729079 0.007114754135205762
29.5657892 0.5935952677282789 0.007114628925827228
29.6157892 0.5935626934363997 0.00711450552605863
29.6657892 0.5935305878374216 0.007114383909205844
29.7157892 0.5934989440753774 0.007114264048979317
29.7657892 0.5934677553965934 0.007114145919487716
29.8157892 0.5934370151481261 0.007114029495231663
29.8657892 0.5934067167762238 0.007113914751097588
29.9157892 0.5933768538248121 0.007113801662351678
29.9657892 0.593347419934003 0.007113690204633915
30.0157892 0.593318408838628 0.007113580353952239
30.0657892 0.5932898143667937 0.007113472086676775
30.1157892 0.5932616304384607 0.00711336537953418
30.1657892 0.5932338510640439 0.00711326020960207
30.2157892 0.5932064703430352 0.007113156554303535
30.2657892 0.5931794824626481 0.007113054391401766
30.3157892 0.5931528816964827 0.007112953698994732
30.3657892 0.5931266624032128 0.007112854455509987
30.4157892 0.5931008190252919 0.007112756639699526
30.4657892 0.5930753460876808 0.007112660230634746
30.5157892 0.5930502381965947 0.007112565207701481
30.5657892 0.5930254900382695 0.007112471550595121
30.6157892 0.5930010963777477 0.007112379239315802
30.6657892 0.5929770520576827 0.007112288254163687
30.7157892 0.5929533519971629 0.007112198575734316
30.7657892 0.592929991190553 0.007112110184914033
30.8157892 0.5929069647063535 0.00711202306287548
30.8657892 0.5928842676860784 0.007111937191073179
30.9157892 0.59286189534315 0.007111852551239169
30.9657892 0.5928398429618114 0.00711176912537873
31.0157892 0.5928181058960547 0.007111686895766151
31.0657892 0.5927966795685673 0.007111605844940604
31.1157892 0.5927755594696935 0.007111525955702042
31.1657892 0.592754741156413 0.007111447211107192
31.2157892 0.5927342202513344 0.007111369594465607
31.2657892 0.5927139924417046 0.007111293089335769
31.3157892 0.5926940534784346 0.00711121767952127
31.3657892 0.5926743991751382 0.007111143349067046
31.4157892 0.5926550254071876 0.007111070082255669
31.4657892 0.5926359281107827 0.007110997863603708
31.5157892 0.592617103282035 0.007110926677858137
31.5657892 0.5925985469760653 0.007110856509992806
31.6157892 0.5925802553061157 0.007110787345204972
31.6657892 0.5925622244426751 0.007110719168911872
31.7157892 0.592544450612619 0.007110651966747365
31.7657892 0.5925269300983604 0.007110585724558626
31.8157892 0.592509659237017 0.007110520428402876
31.8657892 0.5924926344195881 0.007110456064544186
31.9157892 0.5924758520901463 0.007110392619450319
31.9657892 0.5924593087450407 0.007110330079789622
32.0157892 0.5924430009321126 0.007110268432427973
32.0657892 0.5924269252499228 0.007110207664425771
32.1157892 0.5924110783469918 0.007110147763034978
32.1657892 0.5923954569210507 0.007110088715696199
32.2157892 0.592380057718304 0.007110030510035825
32.2657892 0.5923648775327041 0.007109973133863202
32.3157892 0.5923499132052354 0.007109916575167855
32.3657892 0.5923351616232119 0.007109860822116754
32.4157892 0.5923206197195829 0.007109805863051623
32.4657892 0.5923062844722518 0.007109751686486291
32.5157892 0.5922921529034025 0.007109698281104082
32.5657892 0.5922782220788396 0.007109645635755256
32.6157892 0.5922644891073353 0.007109593739454471
32.6657892 0.5922509511399887 0.007109542581378305
32.7157892 0.5922376053695935 0.007109492150862805
32.7657892 0.5922244490300159 0.007109442437401079
32.8157892 0.5922114793955827 0.007109393430640921
32.8657892 0.5921986937804767 0.00710934512038248
32.9157892 0.5921860895381439 0.007109297496575957
32.9657892 0.5921736640607074 0.007109250549319348
33.0157892 0.5921614147783921 0.00710920426885621
33.0657892 0.592149339158957 0.007109158645573474
33.1157892 0.5921374347071365 0.007109113669999285
33.1657892 0.5921256989640904 0.007109069332800871
33.2157892 0.5921141295068619 0.007109025624782465
33.2657892 0.5921027239478444 0.007108982536883228
33.3157892 0.5920914799342551 0.007108940060175233
33.3657892 0.5920803951476189 0.007108898185861467
33.4157892 0.5920694673032577 0.007108856905273865
33.4657892 0.5920586941497892 0.007108816209871372
33.5157892 0.5920480734686322 0.007108776091238045
33.5657892 0.5920376030735202 0.007108736541081169
33.6157892 0.5920272808100216 0.007108697551229417
33.6657892 0.5920171045550684 0.007108659113631034
33.7157892 0.5920070722164902 0.007108621220352039
33.7657892 0.5919971817325571 0.007108583863574467
33.8157892 0.5919874310715287 0.007108547035594637
33.8657892 0.5919778182312095 0.007108510728821441
33.9157892 0.5919683412385118 0.007108474935774658
33.9657892 0.5919589981490249 0.007108439649083306
34.0157892 0.5919497870465906 0.007108404861484004
34.0657892 0.5919407060428857 0.007108370565819369
34.1157892 0.5919317532770102 0.007108336755036438
34.1657892 0.591922926915082 0.007108303422185108
34.2157892 0.5919142251498374 0.007108270560416601
34.2657892 0.5919056462002384 0.00710823816298196
34.3157892 0.5918971883110854 0.007108206223230558
34.3657892 0.5918888497526349 0.007108174734608638
34.4157892 0.5918806288202252 0.007108143690657872
34.4657892 0.5918725238339051 0.007108113085013938
34.5157892 0.5918645331380704 0.007108082911405124
34.5657892 0.5918566551011042 0.007108053163650957
34.6157892 0.5918488881150239 0.007108023835660841
34.6657892 0.5918412305951326 0.007107994921432726
34.7157892 0.5918336809796765 0.007107966415051797
34.7657892 0.5918262377295063 0.007107938310689172
34.8157892 0.5918188993277452 0.007107910602600636
34.8657892 0.591811664279461 0.007107883285125381
34.9157892 0.5918045311113426 0.007107856352684769
34.9657892 0.5917974983713828 0.007107829799781126
35.0157892 0.5917905646285647 0.007107803620996529
35.0657892 0.5917837284725531 0.007107777810991631
35.1157892 0.5917769885133908 0.007107752364504506
35.1657892 0.591770343381199 0.007107727276349491
35.2157892 0.5917637917258828 0.007107702541416072
35.2657892 0.5917573322168401 0.007107678154667764
35.3157892 0.5917509635426762 0.00710765411114102
35.3657892 0.5917446844109214 0.007107630405944157
35.4157892 0.5917384935477542 0.007107607034256294
35.4657892 0.5917323896977266 0.007107583991326306
35.5157892 0.591726371623496 0.007107561272471795
35.5657892 0.5917204381055589 0.007107538873078082
35.6157892 0.5917145879419902 0.007107516788597199
35.6657892 0.5917088199481851 0.007107495014546918
35.7157892 0.5917031329566063 0.007107473546509771
35.7657892 0.5916975258165332 0.007107452380132111
35.8157892 0.5916919973938166 0.007107431511123157
35.8657892 0.5916865465706356 0.007107410935254082
35.9157892 0.5916811722452591 0.007107390648357094
35.9657892 0.5916758733318108 0.007107370646324544
36.0157892 0.5916706487600367 0.007107350925108039
36.0657892 0.5916654974750777 0.007107331480717571
36.1157892 0.5916604184372436 0.007107312309220662
36.1657892 0.5916554106217925 0.00710729340674152
36.2157892 0.5916504730187122 0.007107274769460205
36.2657892 0.5916456046325048 0.007107256393611808
36.3157892 0.5916408044819756 0.007107238275485653
36.3657892 0.5916360716000237 0.007107220411424487
36.4157892 0.5916314050334368 0.007107202797823713
36.4657892 0.5916268038426886 0.007107185431130605
36.5157892 0.5916222671017395 0.007107168307843562
36.5657892 0.5916177938978394 0.007107151424511345
36.6157892 0.591613383331335 0.00710713477773235
36.6657892 0.5916090345154781 0.007107118364153881
36.7157892 0.5916047465762383 0.007107102180471427
36.7657892 0.5916005186521177 0.007107086223427972
36.8157892 0.5915963498939683 0.007107070489813282
36.8657892 0.5915922394648123 0.007107054976463238
36.9157892 0.5915881865396654 0.007107039680259155
36.9657892 0.5915841903053621 0.007107024598127117
37.0157892 0.5915802499603838 0.007107009727037329
37.0657892 0.5915763647146899 0.007106995064003469
37.1157892 0.5915725337895502 0.00710698060608205
37.1657892 0.5915687564173817 0.00710696635037181
37.2157892 0.5915650318415858 0.007106952294013078
37.2657892 0.591561359316389 0.007106938434187184
37.3157892 0.5915577381066859 0.007106924768115844
37.3657892 0.5915541674878845 0.007106911293060593
37.4157892 0.5915506467457533 0.007106898006322186
37.4657892 0.5915471751762712 0.007106884905240039
37.5157892 0.5915437520854795 0.007106871987191662
37.5657892 0.5915403767893357 0.007106859249592104
37.6157892 0.5915370486135703 0.007106846689893408
37.6657892 0.5915337668935445 0.007106834305584077
37.7157892 0.5915305309741115 0.007106822094188537
37.7657892 0.5915273402094781 0.007106810053266618
37.8157892 0.5915241939630699 0.007106798180413047
37.8657892 0.5915210916073979 0.007106786473256924
37.9157892 0.5915180325239262 0.007106774929461241
37.9657892 0.5915150161029437 0.007106763546722382
38.0157892 0.5915120417434353 0.007106752322769638
38.0657892 0.5915091088529567 0.007106741255364729
38.1157892 0.5915062168475104 0.007106730342301336
38.1657892 0.5915033651514234 0.00710671958140464
38.2157892 0.5915005531972275 0.00710670897053086
38.2657892 0.5914977804255398 0.007106698507566807
38.3157892 0.5914950462849466 0.007106688190429437
38.3657892 0.5914923502318884 0.007106678017065421
38.4157892 0.5914896917305459 0.007106667985450709
38.4657892 0.5914870702527285 0.00710665809359011
38.5157892 0.5914844852777649 0.007106648339516869
38.5657892 0.5914819362923935 0.007106638721292263
38.6157892 0.5914794227906565 0.007106629237005191
38.6657892 0.5914769442737936 0.007106619884771777
38.7157892 0.5914745002501393 0.007106610662734972
38.7657892 0.5914720902350197 0.007106601569064171
38.8157892 0.5914697137506524 0.007106592601954832
38.8657892 0.5914673703260468 0.007106583759628091
38.9157892 0.5914650594969066 0.007106575040330405
38.9657892 0.5914627808055332 0.007106566442333173
39.0157892 0.5914605338007305 0.007106557963932388
39.0657892 0.5914583180377119 0.00710654960344827
39.1157892 0.5914561330780075 0.007106541359224925
39.1657892 0.5914539784893734 0.00710653322963
39.2157892 0.5914518538457025 0.007106525213054341
39.2657892 0.5914497587269356 0.00710651730791166
39.3157892 0.5914476927189748 0.007106509512638203
39.3657892 0.5914456554135979 0.007106501825692432
39.4157892 0.5914436464083741 0.007106494245554698
39.4657892 0.5914416653065799 0.007106486770726929
39.5157892 0.5914397117171185 0.007106479399732318
39.5657892 0.5914377852544377 0.007106472131115021
39.6157892 0.5914358855384512 0.007106464963439851
39.6657892 0.5914340121944595 0.007106457895291981
39.7157892 0.5914321648530732 0.007106450925276656
39.7657892 0.5914303431501362 0.007106444052018898
39.8157892 0.5914285467266513 0.007106437274163226
39.8657892 0.5914267752287056 0.007106430590373377
39.9157892 0.5914250283073976 0.007106423999332023
39.9657892 0.5914233056187661 0.007106417499740511
40.0157892 0.5914216068237186 0.007106411090318578
40.0657892 0.5914199315879618 0.007106404769804107
40.1157892 0.591418279581933 0.007106398536952849
40.1657892 0.5914166504807322 0.007106392390538178
40.2157892 0.5914150439640552 0.007106386329350832
40.2657892 0.5914134597161282 0.007106380352198668
40.3157892 0.5914118974256426 0.007106374457906413
40.3657892 0.5914103567856912 0.007106368645315426
40.4157892 0.5914088374937052 0.007106362913283456
40.4657892 0.5914073392513923 0.00710635726068441
40.5157892 0.5914058617646755 0.00710635168640812
40.5657892 0.5914044047436323 0.007106346189360117
40.6157892 0.5914029679024364 0.007106340768461401
40.6657892 0.591401550959298 0.007106335422648226
40.7157892 0.5914001536364071 0.00710633015087188
40.7657892 0.5913987756598759 0.007106324952098465
40.8157892 0.5913974167596832 0.007106319825308694
40.8657892 0.5913960766696189 0.007106314769497676
40.9157892 0.5913947551272299 0.007106309783674705
40.9657892 0.5913934518737665 0.007106304866863072
41.0157892 0.591392166654129 0.007106300018099852
41.0657892 0.5913908992168162 0.007106295236435713
41.1157892 0.5913896493138741 0.00710629052093472
41.1657892 0.5913884167008446 0.007106285870674147
41.2157892 0.5913872011367166 0.007106281284744279
41.2657892 0.5913860023838762 0.007106276762248239
41.3157892 0.5913848202080585 0.007106272302301798
41.3657892 0.5913836543782998 0.007106267904033192
41.4157892 0.5913825046668907 0.007106263566582951
41.4657892 0.5913813708493296 0.007106259289103717
41.5157892 0.5913802527042774 0.007106255070760077
41.5657892 0.5913791500135118 0.00710625091072839
41.6157892 0.5913780625618835 0.007106246808196619
41.6657892 0.5913769901372722 0.007106242762364163
41.7157892 0.5913759325305435 0.007106238772441702
41.7657892 0.5913748895355069 0.00710623483765103
41.8157892 0.5913738609488729 0.007106230957224899
41.8657892 0.5913728465702128 0.007106227130406859
41.9157892 0.5913718462019176 0.007106223356451112
41.9657892 0.5913708596491578 0.007106219634622353
42.0157892 0.591369886719844 0.007106215964195625
42.0657892 0.5913689272245881 0.007106212344456173
42.1157892 0.5913679809766647 0.007106208774699288
42.1657892 0.5913670477919734 0.007106205254230187
42.2157892 0.5913661274890017 0.007106201782363845
42.2657892 0.591365219888788 0.007106198358424874
42.3157892 0.5913643248148855 0.007106194981747383
42.3657892 0.5913634420933265 0.007106191651674838
42.4157892 0.5913625715525871 0.007106188367559933
42.4657892 0.5913617130235527 0.007106185128764459
42.5157892 0.5913608663394839 0.007106181934659175
42.5657892 0.5913600313359827 0.007106178784623678
42.6157892 0.5913592078509592 0.00710617567804628
42.6657892 0.5913583957245991 0.007106172614323887
42.7157892 0.5913575947993315 0.00710616959286187
42.7657892 0.5913568049197967 0.007106166613073951
42.8157892 0.5913560259328153 0.007106163674382082
42.8657892 0.5913552576873572 0.007106160776216329
42.9157892 0.5913545000345111 0.007106157918014758
42.9657892 0.5913537528274545 0.00710615509922332
43.0157892 0.5913530159214244 0.007106152319295739
43.0657892 0.5913522891736878 0.007106149577693404
43.1157892 0.5913515724435131 0.007106146873885262
43.1657892 0.591350865592142 0.007106144207347703
43.2157892 0.5913501684827613 0.007106141577564463
43.2657892 0.5913494809804755 0.007106138984026519
43.3157892 0.5913488029522797 0.00710613642623198
43.3657892 0.5913481342670329 0.007106133903685996
43.4157892 0.5913474747954318 0.00710613141590065
43.4657892 0.5913468244099847 0.007106128962394863
43.5157892 0.5913461829849856 0.007106126542694303
43.5657892 0.5913455503964897 0.007106124156331276
43.6157892 0.5913449265222879 0.007106121802844648
43.6657892 0.5913443112418825 0.00710611948177974
43.7157892 0.5913437044364631 0.007106117192688244
43.7657892 0.5913431059888831 0.007106114935128131
43.8157892 0.5913425157836354 0.007106112708663561
43.8657892 0.5913419337068302 0.007106110512864798
43.9157892 0.5913413596461714 0.007106108347308121
43.9657892 0.5913407934909349 0.007106106211575744
44.0157892 0.5913402351319459 0.007106104105255725
44.0657892 0.591339684461557 0.007106102027941891
44.1157892 0.5913391413736274 0.007106099979233753
44.1657892 0.5913386057635008 0.007106097958736426
44.2157892 0.591338077527985 0.007106095966060549
44.2657892 0.591337556565331 0.007106094000822212
44.3157892 0.5913370427752133 0.007106092062642871
44.3657892 0.5913365360587088 0.007106090151149281
44.4157892 0.5913360363182784 0.007106088265973419
44.4657892 0.5913355434577463 0.007106086406752404
44.5157892 0.5913350573822815 0.007106084573128433
44.5657892 0.5913345779983789 0.007106082764748708
44.6157892 0.5913341052138401 0.007106080981265359
44.6657892 0.591333638937756 0.007106079222335387
44.7157892 0.5913331790804875 0.007106077487620579
44.7657892 0.5913327255536488 0.007106075776787458
44.8157892 0.5913322782700891 0.007106074089507206
44.8657892 0.5913318371438753 0.007106072425455598
44.9157892 0.5913314020902751 0.007106070784312944
44.9657892 0.5913309730257403 0.007106069165764019
45.0157892 0.5913305498678898 0.007106067569498007
45.0657892 0.5913301325354934 0.007106065995208433
45.1157892 0.5913297209484557 0.007106064442593102
45.1657892 0.5913293150278001 0.007106062911354042
45.2157892 0.5913289146956531 0.007106061401197451
45.2657892 0.5913285198752292 0.007106059911833621
45.3157892 0.591328130490815 0.007106058442976899
45.3657892 0.5913277464677547 0.007106056994345617
45.4157892 0.591327367732435 0.007106055565662046
45.4657892 0.5913269942122709 0.007106054156652334
45.5157892 0.5913266258356907 0.007106052767046454
45.5657892 0.5913262625321224 0.007106051396578148
45.6157892 0.5913259042319794 0.007106050044984886
45.6657892 0.5913255508666467 0.007106048712007792
45.7157892 0.5913252023684676 0.007106047397391615
45.7657892 0.5913248586707298 0.007106046100884665
45.8157892 0.5913245197076527 0.007106044822238766
45.8657892 0.591324185414374 0.00710604356120921
45.9157892 0.5913238557269374 0.007106042317554705
45.9657892 0.591323530582279 0.007106041091037329
46.0157892 0.5913232099182161 0.007106039881422483
46.0657892 0.5913228936734337 0.007106038688478844
46.1157892 0.5913225817874732 0.00710603751197832
46.1657892 0.5913222742007201 0.007106036351696
46.2157892 0.5913219708543924 0.007106035207410121
46.2657892 0.5913216716905286 0.007106034078902012
46.3157892 0.591321376651977 0.007106032965956061
46.3657892 0.5913210856823836 0.007106031868359659
46.4157892 0.5913207987261815 0.007106030785903173
46.4657892 0.5913205157285797 0.007106029718379898
46.5157892 0.5913202366355526 0.007106028665586012
46.5657892 0.5913199613938289 0.007106027627320543
46.6157892 0.5913196899508816 0.007106026603385327
46.6657892 0.5913194222549171 0.007106025593584967
46.7157892 0.5913191582548656 0.007106024597726796
46.7657892 0.5913188979003704 0.007106023615620839
46.8157892 0.5913186411417786 0.007106022647079775
46.8657892 0.5913183879301308 0.007106021691918901
46.9157892 0.5913181382171521 0.007106020749956095
46.9657892 0.5913178919552416 0.007106019821011782
47.0157892 0.5913176490974642 0.007106018904908894
47.0657892 0.5913174095975405 0.00710601800147284
47.1157892 0.5913171734098381 0.007106017110531469
47.1657892 0.5913169404893627 0.007106016231915039
47.2157892 0.5913167107917487 0.007106015365456179
47.2657892 0.5913164842732515 0.007106014510989861
47.3157892 0.5913162608907376 0.007106013668353362
47.3657892 0.5913160406016775 0.00710601283738624
47.4157892 0.5913158233641362 0.007106012017930294
47.4657892 0.5913156091367657 0.007106011209829538
47.5157892 0.5913153978787964 0.00710601041293017
47.5657892 0.5913151895500296 0.007106009627080541
47.6157892 0.5913149841108292 0.007106008852131122
47.6657892 0.591314781522114 0.007106008087934482
47.7157892 0.5913145817453503 0.007106007334345254
47.7657892 0.5913143847425442 0.007106006591220105
47.8157892 0.5913141904762338 0.007106005858417711
47.8657892 0.5913139989094824 0.007106005135798734
47.9157892 0.591313810005871 0.007106004423225781
47.9657892 0.5913136237294913 0.00710600372056339
48.0157892 0.5913134400449384 0.007106003027677999
48.0657892 0.5913132589173041 0.007106002344437923
48.1157892 0.5913130803121701 0.007106001670713314
48.1657892 0.5913129041956011 0.007106001006376157
48.2157892 0.5913127305341382 0.007106000351300231
48.2657892 0.5913125592947925 0.007105999705361089
48.3157892 0.5913123904450386 0.007105999068436031
48.3657892 0.5913122239528078 0.00710599844040408
48.4157892 0.5913120597864826 0.007105997821145962
48.4657892 0.59131189791489 0.007105997210544082
48.5157892 0.5913117383072956 0.007105996608482496
48.5657892 0.5913115809333973 0.007105996014846893
48.6157892 0.59131142576332 0.007105995429524573
48.6657892 0.591311272767609 0.007105994852404421
48.7157892 0.5913111219172249 0.007105994283376891
48.7657892 0.5913109731835374 0.007105993722333977
48.8157892 0.5913108265383203 0.007105993169169201
48.8657892 0.5913106819537455 0.007105992623777584
48.9157892 0.5913105394023775 0.007105992086055632
48.9657892 0.5913103988571686 0.007105991555901307
49.0157892 0.5913102602914533 0.007105991033214021
49.0657892 0.5913101236789428 0.007105990517894602
49.1157892 0.5913099889937202 0.007105990009845283
49.1657892 0.5913098562102358 0.007105989508969682
49.2157892 0.5913097253033015 0.007105989015172781
49.2657892 0.591309596248086 0.007105988528360908
49.3157892 0.5913094690201103 0.00710598804844172
49.3657892 0.5913093435952426 0.007105987575324185
49.4157892 0.5913092199496935 0.007105987108918561
49.4657892 0.5913090980600121 0.007105986649136383
49.5157892 0.5913089779030805 0.007105986195890444
49.5657892 0.5913088594561097 0.007105985749094777
49.6157892 0.5913087426966354 0.007105985308664641
49.6657892 0.5913086276025132 0.007105984874516497
49.7157892 0.5913085141519147 0.007105984446568004
49.7657892 0.5913084023233227 0.007105984024737993
49.8157892 0.5913082920955276 0.007105983608946455
49.8657892 0.5913081834476229 0.007105983199114523
49.9157892 0.5913080763590013 0.007105982795164462
49.9657892 0.5913079708093506 0.00710598239701965
50.0157892 0.5913078667786497 0.007105982004604558
50.0657892 0.5913077642471649 0.007105981617844748
50.1157892 0.591307663195446 0.007105981236666848
50.1657892 0.5913075636043224 0.007105980860998539
50.2157892 0.5913074654548992 0.00710598049076855
50.2657892 0.5913073687285541 0.007105980125906625
50.3157892 0.5913072734069331 0.007105979766343534
50.3657892 0.5913071794719478 0.007105979412011039
50.4157892 0.5913070869057706 0.007105979062841892
50.4657892 0.5913069956908326 0.007105978718769818
50.5157892 0.5913069058098191 0.007105978379729501
50.5657892 0.5913068172456671 0.007105978045656576
50.6157892 0.5913067299815614 0.00710597771648761
50.6657892 0.5913066440009314 0.007105977392160098
50.7157892 0.591306559287448 0.00710597707261244
50.7657892 0.5913064758250207 0.00710597675778394
50.8157892 0.5913063935977937 0.007105976447614785
50.8657892 0.5913063125901435 0.007105976142046042
50.9157892 0.5913062327866758 0.007105975841019635
50.9657892 0.5913061541722223 0.007105975544478351
51.0157892 0.5913060767318378 0.00710597525236581
51.0657892 0.5913060004507971 0.007105974964626467
51.1157892 0.5913059253145925 0.007105974681205596
51.1657892 0.5913058513089308 0.007105974402049278
51.2157892 0.5913057784197305 0.007105974127104397
51.2657892 0.5913057066331193 0.00710597385631862
51.3157892 0.591305635935431 0.007105973589640398
51.3657892 0.5913055663132029 0.007105973327018946
51.4157892 0.5913054977531735 0.007105973068404239
51.4657892 0.5913054302422799 0.007105972813747001
51.5157892 0.5913053637676547 0.007105972562998693
51.5657892 0.5913052983166244 0.007105972316111509
51.6157892 0.5913052338767057 0.00710597207303836
51.6657892 0.5913051704356046 0.007105971833732867
51.7157892 0.5913051079812125 0.007105971598149357
51.7657892 0.5913050465016051 0.007105971366242849
51.8157892 0.5913049859850391 0.007105971137969043
51.8657892 0.5913049264199505 0.007105970913284321
51.9157892 0.5913048677949523 0.007105970692145725
51.9657892 0.5913048100988317 0.007105970474510961
52.0157892 0.591304753320549 0.007105970260338384
52.0657892 0.5913046974492343 0.007105970049586991
52.1157892 0.5913046424741861 0.007105969842216414
52.1657892 0.5913045883848691 0.007105969638186911
52.2157892 0.5913045351709117 0.00710596943745936
52.2657892 0.5913044828221048 0.007105969239995249
52.3157892 0.5913044313283989 0.007105969045756669
52.3657892 0.5913043806799029 0.007105968854706312
52.4157892 0.5913043308668815 0.007105968666807451
52.4657892 0.5913042818797538 0.007105968482023948
52.5157892 0.5913042337090914 0.007105968300320236
52.5657892 0.5913041863456162 0.007105968121661317
52.6157892 0.5913041397801988 0.007105967946012752
52.6657892 0.5913040940038569 0.00710596777334066
52.7157892 0.5913040490077531 0.007105967603611706
52.7657892 0.5913040047831936 0.007105967436793092
52.8157892 0.5913039613216261 0.007105967272852559
52.8657892 0.5913039186146386 0.007105967111758375
52.9157892 0.5913038766539572 0.007105966953479332
52.9657892 0.5913038354314449 0.007105966797984733
53.0157892 0.5913037949391 0.007105966645244396
53.0657892 0.5913037551690541 0.007105966495228638
53.1157892 0.5913037161135709 0.007105966347908279
53.1657892 0.5913036777650448 0.007105966203254628
53.2157892 0.591303640115999 0.007105966061239482
53.2657892 0.5913036031590844 0.007105965921835118
53.3157892 0.5913035668870776 0.00710596578501429
53.3657892 0.5913035312928804 0.007105965650750222
53.4157892 0.5913034963695175 0.007105965519016601
53.4657892 0.5913034621101356 0.007105965389787576
53.5157892 0.591303428508002 0.007105965263037751
53.5657892 0.5913033955565029 0.007105965138742176
53.6157892 0.5913033632491427 0.00710596501687635
53.6657892 0.591303331579542 0.007105964897416208
53.7157892 0.5913033005414371 0.007105964780338125
53.7657892 0.5913032701286781 0.0071059646656189
53.8157892 0.5913032403352282 0.00710596455323576
53.8657892 0.5913032111551619 0.007105964443166359
53.9157892 0.5913031825826643 0.007105964335388756
53.9657892 0.59130315461203 0.007105964229881433
54.0157892 0.5913031272376614 0.007105964126623274
54.0657892 0.5913031004540682 0.007105964025593568
54.1157892 0.5913030742558659 0.007105963926772006
54.1657892 0.5913030486377749 0.007105963830138671
54.2157892 0.5913030235946193 0.007105963735674041
54.2657892 0.5913029991213259 0.007105963643358975
54.3157892 0.5913029752129233 0.007105963553174726
54.3657892 0.5913029518645408 0.007105963465102915
54.4157892 0.5913029290714075 0.00710596337912555
54.4657892 0.591302906828851 0.007105963295225003
54.5157892 0.5913028851322969 0.007105963213384022
54.5657892 0.5913028639772675 0.007105963133585714
54.6157892 0.5913028433593813 0.007105963055813552
54.6657892 0.5913028232743518 0.007105962980051367
54.7157892 0.5913028037179864 0.007105962906283345
54.7657892 0.5913027846861859 0.007105962834494022
54.8157892 0.5913027661749438 0.007105962764668284
54.8657892 0.5913027481803451 0.007105962696791365
54.9157892 0.5913027306985654 0.00710596263084884
54.9657892 0.5913027137258707 0.007105962566826621
55.0157892 0.591302697258616 0.007105962504710959
55.0657892 0.5913026812932448 0.00710596244448844
55.1157892 0.5913026658262885 0.007105962386145979
55.1657892 0.5913026508543654 0.007105962329670821
55.2157892 0.5913026363741799 0.007105962275050532
55.2657892 0.5913026223825224 0.007105962222273008
55.3157892 0.591302608876268 0.00710596217132646
55.3657892 0.5913025958523758 0.007105962122199417
55.4157892 0.5913025833078889 0.007105962074880727
55.4657892 0.5913025712399331 0.007105962029359546
55.5157892 0.5913025596457167 0.007105961985625344
55.5657892 0.5913025485225294 0.007105961943667899
55.6157892 0.5913025378677423 0.007105961903477293
55.6657892 0.5913025276788072 0.007105961865043915
55.7157892 0.5913025179532554 0.00710596182835845
55.7657892 0.5913025086886979 0.007105961793411892
55.8157892 0.5913024998828247 0.007105961760195519
55.8657892 0.5913024915334039 0.00710596172870092
55.9157892 0.5913024836382815 0.007105961698919968
55.9657892 0.5913024761953812 0.007105961670844828
56.0157892 0.5913024692027031 0.007105961644467958
56.0657892 0.5913024626583242 0.007105961619782104
56.1157892 0.5913024565603969 0.007105961596780298
56.1657892 0.5913024509071496 0.007105961575455854
56.2157892 0.5913024456968856 0.007105961555802376
56.2657892 0.5913024409279829 0.007105961537813742
56.3157892 0.5913024365988937 0.007105961521484118
56.3657892 0.5913024327081442 0.00710596150680794
56.4157892 0.591302429254334 0.007105961493779928
56.4657892 0.5913024262361359 0.007105961482395074
56.5157892 0.5913024236522957 0.007105961472648649
56.5657892 0.5913024215016313 0.007105961464536195
56.6157892 0.5913024197830329 0.007105961458053522
56.6657892 0.5913024184954626 0.007105961453196718
56.7157892 0.591302417637954 0.007105961449962136
56.7657892 0.5913024172096117 0.007105961448346399
56.8157892 0.5913024172096117 0.007105961448346399
