7.0789475 5.174681873465842 0.5321947670039868
7.1289475 5.007558954077456 0.4502933734960239
7.1789475 4.852660501709162 0.3856835049420168
7.2289475 4.708369462032805 0.3338682483813705
7.2789475 4.573377011685031 0.2917155579168731
7.3289475 4.446608455409316 0.2569910868611205
7.3789475 4.327170142880244 0.2280671574272261
7.4289475 4.214310636847015 0.2037359464305125
7.4789475 4.107391776308638 0.1830863688450974
7.5289475 4.005866756079539 0.165421024940332
7.5789475 3.90926327561423 0.1501989950052102
7.6289475 3.817170412314788 0.1369956936777899
7.6789475 3.729228273018096 0.125474216577062
7.7289475 3.645119746412679 0.1153645734911408
7.7789475 3.564563864198565 0.1064484255799417
7.8289475 3.487310408258736 0.09854772333467009
7.8789475 3.413135493070349 0.09151614829428222
7.9289475 3.341837918836159 0.08523259633954304
7.9789475 3.273236139171472 0.07959616549249238
8.028947499999999 3.207165722899925 0.07452226480542737
8.0789475 3.143477216189364 0.0699395672897911
8.128947500000001 3.082034331391789 0.06578760443084873
8.1789475 3.022712404291092 0.06201485278627533
8.2289475 2.965397073255662 0.05857720118283966
8.278947500000001 2.909983142936074 0.05543671460847075
8.3289475 2.856373602292776 0.05256063110970857
8.378947500000001 2.804478772363059 0.04992054295485222
8.4289475 2.75421556363528 0.04749172447844063
8.4789475 2.705506826456126 0.04525257741540835
8.528947500000001 2.658280780753399 0.04318417089698626
8.5789475 2.612470513664089 0.04126985814142742
8.628947500000001 2.568013535531448 0.03949495561184331
8.6789475 2.524851386264837 0.03784647330886888
8.7289475 2.482929285311729 0.03631288712211803
8.778947500000001 2.442195819526577 0.03488394593312551
8.8289475 2.402602664078812 0.03355050755697722
8.878947500000001 2.364104332255727 0.03230439871529315
8.9289475 2.32665795061201 0.03113829511412431
8.9789475 2.290223056417645 0.03004561840577546
9.028947500000001 2.254761414776743 0.02902044738120156
9.0789475 2.220236853145607 0.02805744119845829
9.128947500000001 2.18661511127988 0.02715177282518985
9.1789475 2.153863704897264 0.0262990711768253
9.2289475 2.121951801561331 0.02549537068073445
9.278947500000001 2.090850107479509 0.0247370672008565
9.3289475 2.060530764069359 0.02402087942578254
9.378947500000001 2.030967253286034 0.02334381496271833
9.4289475 2.002134310823556 0.02270314049557365
9.4789475 1.97400784640635 0.02209635546194159
9.528947500000001 1.946564870477513 0.02152116878442093
9.5789475 1.919783426668716 0.02097547825940036
9.628947500000001 1.89364252950502 0.02045735226333745
9.6789475 1.868122106857714 0.01996501348457377
9.7289475 1.843202946710701 0.01949682442933777
9.778947500000001 1.818866647852002 0.01905127448503074
9.8289475 1.795095574142507 0.01862696835318184
9.878947500000001 1.771872812049806 0.01822261568943001
9.9289475 1.749182131166578 0.01783702180923144
9.9789475 1.727007947460962 0.01746907933627379
10.0289475 1.705335289031163 0.01711776068627615
10.0789475 1.684149764158609 0.0167821112923623
10.1289475 1.663437531473591 0.01646124348984566
10.1789475 1.643185272064871 0.01615433098833251
10.2289475 1.623380163380336 0.01586060386777034
10.2789475 1.604009854779816 0.01557934404263413
10.3289475 1.585062444613707 0.01530988114502217
10.3789475 1.566526458712306 0.01505158878316308
10.4289475 1.548390830180863 0.01480388113683621
10.4789475 1.530644880404507 0.01456620985557912
10.5289475 1.513278301175368 0.0143380612293843
10.5789475 1.49628113786165 0.01411895360494535
10.6289475 1.479643773545113 0.01390843502346385
10.6789475 1.463356914059474 0.01370608105862487
10.7289475 1.447411573867739 0.01351149283563851
10.7789475 1.431799062721449 0.01332429521426544
10.8289475 1.416510973049379 0.01314413512053127
10.8789475 1.401539168027313 0.01297068001341663
10.9289475 1.386875770284306 0.01280361647421242
10.9789475 1.37251315120422 0.0126426489074754
11.0289475 1.358443920784489 0.01248749834362662
11.0789475 1.344660918016876 0.01233790133422108
11.1289475 1.331157201757617 0.0121936089317961
11.1789475 1.317926042056734 0.01205438574699026
11.2289475 1.304960911918471 0.01192000907632609
11.2789475 1.29225547946682 0.0117902680946768
11.3289475 1.279803600491965 0.01166496310699978
11.3789475 1.267599311355135 0.01154390485442319
11.4289475 1.255636822230936 0.01142691387022513
11.4789475 1.243910510667663 0.01131381988165131
11.5289475 1.232414915447411 0.01120446125388354
11.5789475 1.221144730729028 0.0110986844728012
11.6289475 1.210094800458074 0.01099634366347533
11.6789475 1.199260113029007 0.01089730014160329
11.7289475 1.188635796185746 0.01080142199533509
11.7789475 1.178217112147696 0.01070858369516144
11.8289475 1.167999452949102 0.01061866572973279
11.8789475 1.157978335980401 0.01053155426565841
11.9289475 1.148149399720919 0.01044714082949819
11.9789475 1.138508399652943 0.01036532201030801
12.0289475 1.129051204347796 0.01028599918123457
12.0789475 1.119773791715122 0.01020907823877798
12.1289475 1.110672245407101 0.01013446935845218
12.1789475 1.101742751369829 0.01006208676567499
12.2289475 1.09298159453454 0.009991848520812306
12.2789475 1.08438515564179 0.009923676317385674
12.3289475 1.075949908192096 0.009857495292529724
12.3789475 1.067672415516939 0.009793233848856726
12.4289475 1.059549327964337 0.009730823486950178
12.4789475 1.05157738019357 0.009670198647768488
12.5289475 1.043753388573904 0.00961129656429415
12.5789475 1.036074248682461 0.00955405712181351
12.6289475 1.028536932896662 0.009498422726257845
12.6789475 1.021138488076896 0.009444338180078456
12.7289475 1.013876033335314 0.009391750565166909
12.7789475 1.006746757886875 0.009340609132367065
12.8289475 0.9997479189789594 0.009290865197158023
12.8789475 0.9928768398960738 0.009242472041117198
12.9289475 0.9861309080363441 0.009195384818800381
12.9789475 0.9795075730566721 0.009149560469701078
13.0289475 0.9730043450835857 0.00910495763497499
13.0789475 0.9666187929869657 0.009061536578637222
13.1289475 0.9603485427139784 0.009019259112959793
13.1789475 0.9541912756806703 0.008978088527815658
13.2289475 0.9481447272188163 0.00893798952373253
13.2789475 0.9422066850757234 0.008898928148435662
13.3289475 0.9363749879648113 0.008860871736673524
13.3789475 0.9306475241648928 0.008823788853133794
13.4289475 0.9250222301661795 0.008787649238269846
13.4789475 0.9194970893611318 0.008752423756869521
13.5289475 0.9140701307783634 0.008718084349208873
13.5789475 0.9087394278578897 0.008684603984643716
13.6289475 0.9035030972660987 0.008651956617501094
13.6789475 0.898359297748888 0.008620117145141559
13.7289475 0.8933062290214918 0.008589061368071275
13.7789475 0.888342130693583 0.008558765951990462
13.8289475 0.8834652812283055 0.008529208391671724
13.8789475 0.8786739969339464 0.008500366976568415
13.9289475 0.8739666309870224 0.008472220758059187
13.9789475 0.8693415724856017 0.008444749518240672
14.0289475 0.8647972455317419 0.008417933740185452
14.0789475 0.8603321083419677 0.008391754579587497
14.1289475 0.8559446523847639 0.008366193837721865
14.1789475 0.8516334015440981 0.0083412339356497
14.2289475 0.8473969113080358 0.008316857889603764
14.2789475 0.8432337679815461 0.008293049287493345
14.3289475 0.839142587922635 0.008269792266471027
14.3789475 0.8351220168009819 0.008247071491507094
14.4289475 0.8311707288782874 0.008224872134920388
14.4789475 0.8272874263095729 0.008203179856817433
14.5289475 0.8234708384647059 0.008181980786394262
14.5789475 0.8197197212694525 0.008161261504058014
14.6289475 0.8160328565653878 0.008141009024327687
14.6789475 0.8124090514880222 0.008121210779475757
14.7289475 0.8088471378625278 0.0081018546038744
14.7789475 0.8053459716164715 0.008082928719012106
14.8289475 0.8019044322089872 0.008064421719148257
14.8789475 0.7985214220758418 0.00804632255757509
14.9289475 0.7951958660898681 0.008028620533457972
14.9789475 0.7919267110362628 0.008011305279226636
15.0289475 0.788712925102262 0.007994366748491273
15.0789475 0.7855534973807304 0.007977795204458953
15.1289475 0.7824474373872147 0.007961581208826972
15.1789475 0.779393774590028 0.007945715611131058
15.2289475 0.7763915579529534 0.007930189538527395
15.2789475 0.7734398554901637 0.007914994385988637
15.3289475 0.7705377538329745 0.007900121806894984
15.3789475 0.7676843578080592 0.007885563704002436
15.4289475 0.7648787900267686 0.007871312220771172
15.4789475 0.7621201904852122 0.007857359733037948
15.5289475 0.7594077161747682 0.007843698841017113
15.5789475 0.7567405407027046 0.007830322361615709
15.6289475 0.7541178539226011 0.007817223321048741
15.6789475 0.7515388615742772 0.007804394947741472
15.7289475 0.7490027849329375 0.007791830665506191
15.7789475 0.7465088604672602 0.007779524086981521
15.8289475 0.7440563395061601 0.00776746900732293
15.8789475 0.7416444879139701 0.007755659398133623
15.9289475 0.7392725857737915 0.007744089401625549
15.9789475 0.736939927078775 0.00773275332500071
16.0289475 0.7346458194310983 0.007721645635043438
16.0789475 0.7323895837484189 0.007710760952914765
16.1289475 0.7301705539775842 0.007700094049140377
16.1789475 0.7279880768153911 0.007689639838784113
16.2289475 0.7258415114361928 0.007679393376799266
16.2789475 0.723730229226157 0.007669349853550344
16.3289475 0.7216536135239887 0.007659504590498302
16.3789475 0.7196110593679328 0.007649853036042523
16.4289475 0.7176019732488823 0.007640390761513162
16.4789475 0.71562577286942 0.007631113457307785
16.5289475 0.7136818869086285 0.007622016929166443
16.5789475 0.7117697547925105 0.007613097094579625
16.6289475 0.7098888264698616 0.007604349979323808
16.6789475 0.7080385621934504 0.007595771714119457
16.7289475 0.7062184323063556 0.007587358531406709
16.7789475 0.7044279170333249 0.007579106762234012
16.8289475 0.7026665062770158 0.007571012833255335
16.8789475 0.7009336994189896 0.0075630732638317
16.9289475 0.6992290051253296 0.007555284663232947
16.9789475 0.6975519411567589 0.007547643727935868
17.0289475 0.6959020341831412 0.007540147239014997
17.0789475 0.6942788196022458 0.007532792059622468
17.1289475 0.6926818413626649 0.007525575132553562
17.1789475 0.6911106517907748 0.007518493477894667
17.2289475 0.6895648114216353 0.007511544190750521
17.2789475 0.6880438888337234 0.007504724439047745
17.3289475 0.686547460487403 0.007498031461411809
17.3789475 0.6850751105670345 0.007491462565114657
17.4289475 0.6836264308266288 0.007485015124090378
17.4789475 0.6822010204389566 0.007478686577016382
17.5289475 0.6807984858480245 0.007472474425457664
17.5789475 0.6794184406248315 0.007466376232071823
17.6289475 0.6780605053263234 0.007460389618872624
17.6789475 0.6767243073574648 0.007454512265549938
17.7289475 0.675409480836349 0.007448741907844038
17.7789475 0.6741156664622719 0.007443076335972253
17.8289475 0.6728425113866936 0.00743751339310611
17.8789475 0.6715896690870178 0.007432050973897127
17.9289475 0.6703567992431182 0.007426687023049548
17.9789475 0.6691435676165448 0.007421419533938302
18.0289475 0.6679496459323435 0.007416246547270616
18.0789475 0.666774711763426 0.007411166149789707
18.1289475 0.6656184484174266 0.007406176473019101
18.1789475 0.664480544825987 0.007401275692046114
18.2289475 0.6633606954364086 0.007396462024343161
18.2789475 0.6622586001056162 0.007391733728625539
18.3289475 0.6611739639963776 0.007387089103744457
18.3789475 0.6601064974757241 0.00738252648761405
18.4289475 0.6590559160155206 0.007378044256171242
18.4789475 0.6580219400951327 0.007373640822367305
18.5289475 0.6570042951061424 0.007369314635190053
18.5789475 0.6560027112590633 0.007365064178715589
18.6289475 0.6550169234920079 0.00736088797118866
18.6789475 0.6540466713812619 0.007356784564130582
18.7289475 0.6530916990537201 0.007352752541473865
18.7789475 0.6521517551011411 0.007348790518722613
18.8289475 0.6512265924961779 0.007344897142137828
18.8789475 0.6503159685101437 0.00734107108794682
18.9289475 0.6494196446324729 0.007337311061575888
18.9789475 0.6485373864918372 0.007333615796905519
19.0289475 0.6476689637788802 0.007329984055547363
19.0789475 0.6468141501705325 0.007326414626142266
19.1289475 0.6459727232558716 0.007322906323678659
19.1789475 0.6451444644634915 0.007319457988830662
19.2289475 0.6443291589903467 0.007316068487315246
19.2789475 0.6435265957320396 0.007312736709267836
19.3289475 0.6427365672145161 0.007309461568635762
19.3789475 0.6419588695271392 0.007306242002588999
19.4289475 0.6411933022571097 0.007303076970947599
19.4789475 0.6404396684252034 0.007299965455625335
19.5289475 0.6396977744227953 0.007296906460089016
19.5789475 0.6389674299501433 0.007293899008832947
19.6289475 0.6382484479559022 0.007290942146868119
19.6789475 0.637540644577841 0.007288034939225611
19.7289475 0.636843839084738 0.007285176470473775
19.7789475 0.6361578538194268 0.007282365844248782
19.8289475 0.6354825141429682 0.007279602182798101
19.8789475 0.6348176483799235 0.007276884626536514
19.9289475 0.6341630877647053 0.007274212333614275
19.9789475 0.6335186663889819 0.007271584479497041
20.0289475 0.6328842211501131 0.007269000256557212
20.0789475 0.6322595917005945 0.00726645887367634
20.1289475 0.6316446203984892 0.00726395955585824
20.1789475 0.6310391522588246 0.007261501543852518
20.2289475 0.6304430349059348 0.007259084093788167
20.2789475 0.6298561185267278 0.007256706476816938
20.3289475 0.6292782558248575 0.007254367978766194
20.3789475 0.6287093019757816 0.007252067899800971
20.4289475 0.6281491145826863 0.007249805554094929
20.4789475 0.6275975536332602 0.007247580269509996
20.5289475 0.6270544814572981 0.007245391387284379
20.5789475 0.6265197626851184 0.007243238261728738
20.6289475 0.6259932642067766 0.007241120259930268
20.6789475 0.6254748551320576 0.00723903676146444
20.7289475 0.6249644067512318 0.007236987158114216
20.7789475 0.6244617924965575 0.007234970853596479
20.8289475 0.6239668879045159 0.007232987263295484
20.8789475 0.6234795705787607 0.007231035814003134
20.9289475 0.6229997201537709 0.007229115943665871
20.9789475 0.6225272182591898 0.007227227101137996
21.0289475 0.6220619484848365 0.007225368745941231
21.0789475 0.621603796346377 0.007223540348030353
21.1289475 0.6211526492516397 0.00722174138756471
21.1789475 0.6207083964675644 0.007219971354685463
21.2289475 0.6202709290877688 0.007218229749298396
21.2789475 0.6198401400007235 0.007216516080862125
21.3289475 0.6194159238585191 0.00721482986818155
21.3789475 0.6189981770462174 0.00721317063920643
21.4289475 0.6185867976517717 0.007211537930834898
21.4789475 0.6181816854365062 0.00720993128872182
21.5289475 0.6177827418061431 0.007208350267091821
21.5789475 0.6173898697823659 0.007206794428556881
21.6289475 0.6170029739749084 0.007205263343938364
21.6789475 0.6166219605541593 0.00720375659209335
21.7289475 0.6162467372242707 0.007202273759745166
21.7789475 0.6158772131967623 0.00720081444131798
21.8289475 0.6155132991646098 0.007199378238775391
21.8789475 0.6151549072768092 0.007197964761462831
21.9289475 0.6148019511134057 0.007196573625953762
21.9789475 0.6144543456609804 0.007195204455899506
22.0289475 0.6141120072885839 0.007193856881882617
22.0789475 0.6137748537241083 0.007192530541273743
22.1289475 0.6134428040310902 0.007191225078091814
22.1789475 0.6131157785859339 0.007189940142867542
22.2289475 0.6127936990555494 0.00718867539251008
22.2789475 0.6124764883753941 0.007187430490176802
22.3289475 0.6121640707279132 0.007186205105146103
22.3789475 0.6118563715213685 0.007184998912693129
22.4289475 0.6115533173690496 0.007183811593968393
22.4789475 0.6112548360688596 0.007182642835879155
22.5289475 0.6109608565832679 0.007181492330973546
22.5789475 0.6106713090196237 0.007180359777327316
22.6289475 0.6103861246108214 0.007179244878433175
22.6789475 0.6101052356963137 0.007178147343092634
22.7289475 0.6098285757034635 0.007177066885310306
22.7789475 0.6095560791292293 0.007176003224190573
22.8289475 0.609287681522177 0.007174956083836593
22.8789475 0.6090233194648129 0.007173925193251561
22.9289475 0.60876293055623 0.007172910286242175
22.9789475 0.6085064533950634 0.007171911101324262
23.0289475 0.608253827562748 0.007170927381630481
23.0789475 0.6080049936070728 0.007169958874820094
23.1289475 0.6077598930260261 0.007169005332990703
23.1789475 0.6075184682519267 0.007168066512591948
23.2289475 0.6072806626358347 0.007167142174341089
23.2789475 0.6070464204322376 0.007166232083140434
23.3289475 0.6068156867840054 0.00716533600799657
23.3789475 0.6065884077076117 0.007164453721941353
23.4289475 0.6063645300786121 0.007163585001954599
23.4789475 0.6061440016173794 0.007162729628888458
23.5289475 0.6059267708750877 0.007161887387393416
23.5789475 0.605712787219942 0.007161058065845877
23.6289475 0.6055020008236487 0.007160241456277304
23.6789475 0.6052943626481212 0.007159437354304873
23.7289475 0.6050898244324192 0.007158645559063605
23.7789475 0.6048883386799135 0.007157865873139931
23.8289475 0.6046898586456755 0.007157098102506677
23.8789475 0.6044943383240846 0.00715634205645941
23.9289475 0.604301732436652 0.007155597547554125
23.9789475 0.6041119964200538 0.007154864391546252
24.0289475 0.6039250864143729 0.007154142407330922
24.0789475 0.6037409592515439 0.007153431416884499
24.1289475 0.6035595724439965 0.007152731245207313
24.1789475 0.6033808841734959 0.007152041720267586
24.2289475 0.6032048532801758 0.007151362672946535
24.2789475 0.6030314392517589 0.007150693936984575
24.3289475 0.602860602212964 0.007150035348928666
24.3789475 0.6026923029150943 0.007149386748080716
24.4289475 0.6025265027258051 0.00714874797644705
24.4789475 0.6023631636190456 0.007148118878688913
24.5289475 0.6022022481651746 0.007147499302073975
24.5789475 0.602043719521244 0.007146889096428828
24.6289475 0.6018875414214485 0.007146288114092434
24.6789475 0.6017336781677387 0.007145696209870533
24.7289475 0.601582094620594 0.007145113240990947
24.7789475 0.6014327561899525 0.007144539067059801
24.8289475 0.6012856288262955 0.00714397355001861
24.8789475 0.6011406790118834 0.007143416554102232
24.9289475 0.6009978737521403 0.007142867945797652
24.9789475 0.600857180567185 0.007142327593803594
25.0289475 0.6007185674835048 0.007141795368990933
25.0789475 0.6005820030257718 0.007141271144363874
25.1289475 0.6004474562087952 0.007140754795021935
25.1789475 0.6003148965296121 0.007140246198122634
25.2289475 0.6001842939597097 0.007139745232844943
25.2789475 0.6000556189373802 0.007139251780353443
25.3289475 0.5999288423602032 0.007138765723763178
25.3789475 0.5998039355776554 0.007138286948105211
25.4289475 0.5996808703838447 0.007137815340292825
25.4789475 0.5995596190103651 0.007137350789088401
25.5289475 0.5994401541192734 0.007136893185070929
25.5789475 0.5993224487961818 0.007136442420604147
25.6289475 0.5992064765434674 0.007135998389805294
25.6789475 0.5990922112735945 0.007135560988514463
25.7289475 0.5989796273025493 0.007135130114264547
25.7789475 0.5988686993433836 0.007134705666251749
25.8289475 0.5987594024998667 0.007134287545306673
25.8789475 0.5986517122602431 0.007133875653865947
25.9289475 0.5985456044910933 0.007133469895944395
25.9789475 0.5984410554312982 0.007133070177107736
26.0289475 0.5983380416861029 0.007132676404445797
26.0789475 0.598236540221279 0.00713228848654624
26.1289475 0.5981365283573847 0.007131906333468769
26.1789475 0.5980379837641189 0.007131529856719834
26.2289475 0.5979408844547698 0.007131158969227808
26.2789475 0.5978452087807552 0.007130793585318621
26.3289475 0.5977509354262522 0.007130433620691859
26.3789475 0.5976580434029173 0.007130078992397303
26.4289475 0.5975665120446919 0.007129729618811901
26.4789475 0.5974763210026951 0.007129385419617182
26.5289475 0.5973874502401995 0.007129046315777059
26.5789475 0.5972998800276901 0.00712871222951608
26.6289475 0.597213590938005 0.007128383084298051
26.6789475 0.5971285638415553 0.007128058804805064
26.7289475 0.5970447799016239 0.007127739316916907
26.7789475 0.5969622205697412 0.007127424547690856
26.8289475 0.5968808675811375 0.007127114425341833
26.8789475 0.5968007029502682 0.007126808879222924
26.9289475 0.5967217089664145 0.007126507839806256
26.9789475 0.5966438681893543 0.007126211238664223
27.0289475 0.5965671634451045 0.007125919008451047
27.0789475 0.5964915778217331 0.007125631082884674
27.1289475 0.5964170946652396 0.007125347396729011
27.1789475 0.596343697575502 0.007125067885776454
27.2289475 0.5962713704022907 0.007124792486830769
27.2789475 0.5962000972413468 0.007124521137690239
27.3289475 0.5961298624305243 0.007124253777131156
27.3789475 0.5960606505459953 0.00712399034489157
27.4289475 0.5959924463985163 0.007123730781655357
27.4789475 0.5959252350297559 0.007123475029036555
27.5289475 0.5958590017086812 0.00712322302956399
27.5789475 0.5957937319280039 0.007122974726666162
27.6289475 0.5957294114006825 0.007122730064656412
27.6789475 0.5956660260564826 0.007122488988718344
27.7289475 0.5956035620385922 0.007122251444891516
27.7789475 0.5955420057002915 0.007122017380057359
27.8289475 0.5954813436016764 0.007121786741925379
27.8789475 0.595421562506436 0.007121559479019568
27.9289475 0.5953626493786807 0.00712133554066508
27.9789475 0.5953045913798222 0.007121114876975122
28.0289475 0.5952473758655036 0.007120897438838085
28.0789475 0.5951909903825791 0.0071206831779049
28.1289475 0.5951354226661414 0.007120472046576604
28.1789475 0.5950806606365985 0.007120263997992139
28.2289475 0.5950266923967957 0.007120058986016346
28.2789475 0.5949735062291854 0.007119856965228186
28.3289475 0.5949210905930408 0.007119657890909147
28.3789475 0.5948694341217154 0.007119461719031857
28.4289475 0.5948185256199461 0.007119268406248908
28.4789475 0.5947683540611989 0.007119077909881853
28.5289475 0.5947189085850579 0.007118890187910402
28.5789475 0.5946701784946558 0.007118705198961807
28.6289475 0.5946221532541447 0.007118522902300414
28.6789475 0.5945748224862089 0.007118343257817423
28.7289475 0.5945281759696154 0.007118166226020788
28.7789475 0.594482203636805 0.00711799176802532
28.8289475 0.5944368955715216 0.00711781984554294
28.8789475 0.5943922420064777 0.007117650420873103
28.9289475 0.5943482333210595 0.007117483456893394
28.9789475 0.5943048600390667 0.007117318917050267
29.0289475 0.594262112826489 0.00711715676534996
29.0789475 0.5942199824893174 0.007116996966349546
29.1289475 0.5941784599713907 0.00711683948514815
29.1789475 0.5941375363522763 0.007116684287378305
29.2289475 0.5940972028451835 0.007116531339197458
29.2789475 0.5940574507949119 0.007116380607279623
29.3289475 0.5940182716758301 0.007116232058807161
29.3789475 0.5939796570898875 0.007116085661462717
29.4289475 0.5939415987646579 0.007115941383421275
29.4789475 0.593904088551413 0.007115799193342364
29.5289475 0.5938671184232273 0.007115659060362366
29.5789475 0.5938306804731118 0.007115520954086994
29.6289475 0.5937947669121789 0.007115384844583853
29.6789475 0.5937593700678341 0.007115250702375158
29.7289475 0.5937244823819977 0.007115118498430552
29.7789475 0.5936900964093546 0.007114988204160058
29.8289475 0.59365620481563 0.007114859791407131
29.8789475 0.5936228003758945 0.007114733232441851
29.9289475 0.5935898759728941 0.007114608499954202
29.9789475 0.5935574245954071 0.007114485567047478
30.0289475 0.5935254393366265 0.007114364407231791
30.0789475 0.5934939133925689 0.007114244994417699
30.1289475 0.5934628400605066 0.007114127302909916
30.1789475 0.5934322127374259 0.00711401130740115
30.2289475 0.5934020249185078 0.007113896982966021
30.2789475 0.5933722701956351 0.007113784305055102
30.3289475 0.5933429422559199 0.007113673249489036
30.3789475 0.5933140348802562 0.00711356379245276
30.4289475 0.5932855419418946 0.007113455910489826
30.4789475 0.5932574574050385 0.007113349580496805
30.5289475 0.5932297753234638 0.007113244779717797
30.5789475 0.5932024898391581 0.007113141485739014
30.6289475 0.5931755951809835 0.007113039676483469
30.6789475 0.5931490856633579 0.007112939330205732
30.7289475 0.5931229556849585 0.007112840425486787
30.7789475 0.5930971997274452 0.00711274294122897
30.8289475 0.5930718123542029 0.00711264685665098
30.8789475 0.5930467882091045 0.007112552151282981
30.9289475 0.5930221220152928 0.007112458804961779
30.9789475 0.5929978085739811 0.007112366797826078
31.0289475 0.5929738427632727 0.00711227611031181
31.0789475 0.5929502195369987 0.00711218672314755
31.1289475 0.5929269339235734 0.007112098617349988
31.1789475 0.5929039810248682 0.007112011774219489
31.2289475 0.5928813560151025 0.007111926175335724
31.2789475 0.5928590541397516 0.00711184180255336
31.3289475 0.5928370707144721 0.00711175863799782
31.3789475 0.5928154011240436 0.007111676664061138
31.4289475 0.5927940408213265 0.007111595863397835
31.4789475 0.5927729853262365 0.007111516218920906
31.5289475 0.5927522302247344 0.007111437713797836
31.5789475 0.5927317711678322 0.007111360331446704
31.6289475 0.5927116038706133 0.007111284055532334
31.6789475 0.5926917241112697 0.007111208869962518
31.7289475 0.5926721277301521 0.007111134758884293
31.7789475 0.5926528106288361 0.007111061706680277
31.8289475 0.5926337687692018 0.007110989697965069
31.8789475 0.5926149981725283 0.007110918717581697
31.9289475 0.5925964949186017 0.007110848750598135
31.9789475 0.5925782551448371 0.007110779782303863
32.0289475 0.5925602750454138 0.007110711798206492
32.0789475 0.5925425508704242 0.00711064478402843
32.1289475 0.5925250789250354 0.007110578725703615
32.1789475 0.5925078555686638 0.007110513609374289
32.2289475 0.5924908772141628 0.007110449421387835
32.2789475 0.5924741403270219 0.007110386148293639
32.3289475 0.5924576414245794 0.007110323776840038
32.3789475 0.5924413770752459 0.007110262293971285
32.4289475 0.5924253438977413 0.007110201686824575
32.4789475 0.5924095385603413 0.00711014194272712
32.5289475 0.5923939577801377 0.00711008304919326
32.5789475 0.5923785983223085 0.007110024993921636
32.6289475 0.5923634569993997 0.007109967764792387
32.6789475 0.5923485306706179 0.007109911349864403
32.7289475 0.592333816241134 0.007109855737372628
32.7789475 0.5923193106613976 0.007109800915725383
32.8289475 0.5923050109264613 0.007109746873501755
32.8789475 0.5922909140753156 0.007109693599449015
32.9289475 0.5922770171902346 0.007109641082480071
32.9789475 0.5922633173961305 0.007109589311670976
33.0289475 0.5922498118599184 0.007109538276258459
33.0789475 0.5922364977898917 0.007109487965637509
33.1289475 0.5922233724351057 0.007109438369358982
33.1789475 0.5922104330847708 0.007109389477127261
33.2289475 0.5921976770676561 0.00710934127879794
33.2789475 0.5921851017515003 0.007109293764375542
33.3289475 0.5921727045424331 0.007109246924011297
33.3789475 0.5921604828844046 0.007109200748000916
33.4289475 0.5921484342586234 0.00710915522678243
33.4789475 0.5921365561830035 0.007109110350934054
33.5289475 0.5921248462116196 0.00710906611117208
33.5789475 0.5921133019341701 0.007109022498348802
33.6289475 0.5921019209754492 0.007108979503450479
33.6789475 0.5920907009948261 0.007108937117595332
33.7289475 0.5920796396857324 0.007108895332031557
33.7789475 0.5920687347751579 0.007108854138135386
33.8289475 0.5920579840231528 0.007108813527409165
33.8789475 0.5920473852223386 0.007108773491479473
33.9289475 0.5920369361974258 0.00710873402209526
33.9789475 0.5920266348047387 0.007108695111126018
34.0289475 0.5920164789317481 0.007108656750559984
34.0789475 0.5920064664966105 0.007108618932502356
34.1289475 0.591996595447714 0.007108581649173564
34.1789475 0.5919868637632322 0.007108544892907533
34.2289475 0.5919772694506837 0.007108508656150004
34.2789475 0.5919678105464986 0.007108472931456858
34.3289475 0.5919584851155918 0.007108437711492478
34.3789475 0.5919492912509422 0.007108402989028136
34.4289475 0.5919402270731789 0.007108368756940398
34.4789475 0.5919312907301733 0.007108335008209553
34.5289475 0.5919224803966369 0.007108301735918084
34.5789475 0.591913794273726 0.007108268933249132
34.6289475 0.591905230588652 0.00710823659348501
34.6789475 0.591896787594297 0.007108204710005725
34.7289475 0.5918884635688363 0.007108173276287533
34.7789475 0.5918802568153655 0.007108142285901504
34.8289475 0.591872165661534 0.007108111732512119
34.8789475 0.5918641884591835 0.00710808160987588
34.9289475 0.5918563235839921 0.007108051911839954
34.9789475 0.5918485694351235 0.007108022632340822
35.0289475 0.5918409244348823 0.007107993765402956
35.0789475 0.5918333870283733 0.007107965305137523
35.1289475 0.5918259556831665 0.007107937245741093
35.1789475 0.5918186288889677 0.007107909581494383
35.2289475 0.5918114051572929 0.007107882306761007
35.2789475 0.591804283021148 0.007107855415986252
35.3289475 0.5917972610347139 0.007107828903695872
35.3789475 0.5917903377730352 0.007107802764494901
35.4289475 0.5917835118317152 0.007107776993066476
35.4789475 0.5917767818266129 0.007107751584170692
35.5289475 0.5917701463935474 0.007107726532643457
35.5789475 0.5917636041880051 0.007107701833395386
35.6289475 0.591757153884851 0.00710767748141069
35.6789475 0.5917507941780452 0.007107653471746089
35.7289475 0.5917445237803636 0.007107629799529757
35.7789475 0.5917383414231221 0.007107606459960257
35.8289475 0.5917322458559052 0.007107583448305506
35.8789475 0.5917262358462992 0.007107560759901763
35.9289475 0.5917203101796287 0.007107538390152613
35.9789475 0.5917144676586966 0.007107516334527986
36.0289475 0.5917087071035299 0.007107494588563174
36.0789475 0.5917030273511266 0.007107473147857871
36.1289475 0.5916974272552089 0.007107452008075237
36.1789475 0.5916919056859782 0.007107431164940951
36.2289475 0.5916864615298748 0.007107410614242304
36.2789475 0.591681093689341 0.007107390351827293
36.3289475 0.5916758010825869 0.007107370373603725
36.3789475 0.5916705826433614 0.007107350675538346
36.4289475 0.5916654373207245 0.007107331253655973
36.4789475 0.5916603640788249 0.007107312104038647
36.5289475 0.5916553618966796 0.007107293222824789
36.5789475 0.5916504297679569 0.00710727460620838
36.6289475 0.591645566700764 0.007107256250438143
36.6789475 0.5916407717174355 0.007107238151816745
36.7289475 0.5916360438543269 0.007107220306700007
36.7789475 0.5916313821616105 0.007107202711496124
36.8289475 0.5916267857030738 0.007107185362664904
36.8789475 0.591622253555922 0.007107168256717009
36.9289475 0.5916177848105825 0.007107151390213215
36.9789475 0.5916133785705125 0.007107134759763678
37.0289475 0.5916090339520099 0.007107118362027212
37.0789475 0.5916047500840266 0.007107102193710586
37.1289475 0.5916005261079841 0.007107086251567812
37.1789475 0.5915963611775931 0.007107070532399468
37.2289475 0.5915922544586746 0.00710705503305201
37.2789475 0.5915882051289841 0.007107039750417109
37.3289475 0.5915842123780385 0.007107024681430985
37.3789475 0.5915802754069452 0.007107009823073769
37.4289475 0.5915763934282342 0.007106995172368852
37.4789475 0.5915725656656919 0.007106980726382262
37.5289475 0.5915687913541988 0.007106966482222038
37.5789475 0.5915650697395676 0.007106952437037629
37.6289475 0.5915614000783853 0.007106938588019277
37.6789475 0.5915577816378572 0.007106924932397434
37.7289475 0.5915542136956528 0.007106911467442177
37.7789475 0.5915506955397543 0.007106898190462627
37.8289475 0.5915472264683072 0.007106885098806383
37.8789475 0.5915438057894735 0.007106872189858969
37.9289475 0.5915404328212865 0.007106859461043274
37.9789475 0.591537106891508 0.007106846909819018
38.0289475 0.5915338273374872 0.007106834533682211
38.0789475 0.5915305935060229 0.007106822330164629
38.1289475 0.5915274047532263 0.007106810296833297
38.1789475 0.5915242604443864 0.007106798431289978
38.2289475 0.5915211599538375 0.007106786731170663
38.2789475 0.5915181026648283 0.007106775194145083
38.3289475 0.5915150879693934 0.007106763817916213
38.3789475 0.5915121152682268 0.007106752600219802
38.4289475 0.5915091839705556 0.00710674153882388
38.4789475 0.5915062934940183 0.007106730631528311
38.5289475 0.5915034432645425 0.007106719876164314
38.5789475 0.5915006327162258 0.007106709270594027
38.6289475 0.5914978612912174 0.007106698812710045
38.6789475 0.5914951284396027 0.007106688500434985
38.7289475 0.5914924336192884 0.007106678331721057
38.7789475 0.5914897762958899 0.007106668304549624
38.8289475 0.5914871559426204 0.007106658416930797
38.8789475 0.5914845720401808 0.007106648666903007
38.9289475 0.5914820240766527 0.007106639052532597
38.9789475 0.5914795115473919 0.00710662957191343
39.0289475 0.591477033954923 0.007106620223166477
39.0789475 0.5914745908088372 0.007106611004439437
39.1289475 0.59147218162569 0.007106601913906346
39.1789475 0.5914698059289012 0.0071065929497672
39.2289475 0.5914674632486558 0.007106584110247576
39.2789475 0.5914651531218075 0.00710657539359827
39.3289475 0.5914628750917821 0.007106566798094929
39.3789475 0.5914606287084835 0.007106558322037691
39.4289475 0.5914584135282002 0.007106549963750843
39.4789475 0.5914562291135139 0.007106541721582458
39.5289475 0.5914540750332089 0.007106533593904061
39.5789475 0.5914519508621834 0.007106525579110299
39.6289475 0.5914498561813611 0.007106517675618589
39.6789475 0.5914477905776053 0.007106509881868809
39.7289475 0.5914457536436333 0.007106502196322965
39.7789475 0.5914437449779325 0.007106494617464873
39.8289475 0.5914417641846779 0.007106487143799854
39.8789475 0.5914398108736501 0.007106479773854413
39.9289475 0.5914378846601549 0.007106472506175944
39.9789475 0.5914359851649449 0.007106465339332427
40.0289475 0.5914341120141402 0.007106458271912127
40.0789475 0.5914322648391527 0.007106451302523312
40.1289475 0.5914304432766094 0.007106444429793961
40.1789475 0.5914286469682782 0.007106437652371483
40.2289475 0.591426875560994 0.007106430968922433
40.2789475 0.5914251287065865 0.007106424378132246
40.3289475 0.5914234060618082 0.007106417878704958
40.3789475 0.5914217072882646 0.007106411469362947
40.4289475 0.5914200320523443 0.007106405148846662
40.4789475 0.5914183800251505 0.007106398915914372
40.5289475 0.5914167508824341 0.007106392769341904
40.5789475 0.5914151443045267 0.007106386707922397
40.6289475 0.5914135599762756 0.007106380730466052
40.6789475 0.5914119975869789 0.007106374835799885
40.7289475 0.5914104568303221 0.007106369022767491
40.7789475 0.5914089374043152 0.007106363290228803
40.8289475 0.5914074390112312 0.007106357637059862
40.8789475 0.5914059613575451 0.007106352062152582
40.9289475 0.5914045041538738 0.007106346564414529
40.9789475 0.5914030671149174 0.007106341142768691
41.0289475 0.5914016499594005 0.00710633579615326
41.0789475 0.5914002524100148 0.007106330523521419
41.1289475 0.5913988741933628 0.007106325323841121
41.1789475 0.5913975150399018 0.007106320196094884
41.2289475 0.5913961746838889 0.007106315139279573
41.2789475 0.5913948528633273 0.007106310152406212
41.3289475 0.5913935493199119 0.007106305234499767
41.3789475 0.591392263798978 0.007106300384598955
41.4289475 0.5913909960494484 0.00710629560175604
41.4789475 0.5913897458237829 0.007106290885036653
41.5289475 0.5913885128779275 0.007106286233519586
41.5789475 0.591387296971265 0.007106281646296619
41.6289475 0.591386097866566 0.007106277122472318
41.6789475 0.5913849153299411 0.007106272661163874
41.7289475 0.5913837491307925 0.007106268261500902
41.7789475 0.5913825990417679 0.00710626392262528
41.8289475 0.5913814648387143 0.007106259643690964
41.8789475 0.5913803463006322 0.007106255423863823
41.9289475 0.5913792432096308 0.007106251262321468
41.9789475 0.5913781553508839 0.007106247158253076
42.0289475 0.5913770825125866 0.007106243110859242
42.0789475 0.5913760244859118 0.007106239119351801
42.1289475 0.5913749810649686 0.00710623518295368
42.1789475 0.5913739520467598 0.00710623130089873
42.2289475 0.5913729372311416 0.007106227472431578
42.2789475 0.5913719364207826 0.007106223696807473
42.3289475 0.591370949421124 0.00710621997329213
42.3789475 0.5913699760403401 0.007106216301161589
42.4289475 0.5913690160892999 0.007106212679702061
42.4789475 0.5913680693815286 0.007106209108209788
42.5289475 0.5913671357331699 0.007106205585990901
42.5789475 0.5913662149629491 0.007106202112361275
42.6289475 0.5913653068921362 0.007106198686646397
42.6789475 0.5913644113445101 0.007106195308181225
42.7289475 0.591363528146323 0.007106191976310056
42.7789475 0.5913626571262651 0.007106188690386392
42.8289475 0.5913617981154304 0.007106185449772807
42.8789475 0.5913609509472825 0.007106182253840829
42.9289475 0.5913601154576208 0.0071061791019708
42.9789475 0.5913592914845481 0.007106175993551758
43.0289475 0.5913584788684375 0.007106172927981314
43.0789475 0.5913576774519002 0.007106169904665528
43.1289475 0.591356887079754 0.00710616692301879
43.1789475 0.5913561075989922 0.007106163982463703
43.2289475 0.5913553388587527 0.007106161082430969
43.2789475 0.5913545807102877 0.007106158222359269
43.3289475 0.5913538330069338 0.007106155401695152
43.3789475 0.5913530956040824 0.00710615261989293
43.4289475 0.5913523683591511 0.007106149876414555
43.4789475 0.5913516511315545 0.007106147170729524
43.5289475 0.5913509437826767 0.007106144502314768
43.5789475 0.5913502461758425 0.007106141870654542
43.6289475 0.5913495581762909 0.007106139275240331
43.6789475 0.5913488796511477 0.007106136715570735
43.7289475 0.5913482104693988 0.007106134191151385
43.7789475 0.5913475505018643 0.007106131701494827
43.8289475 0.591346899621172 0.007106129246120436
43.8789475 0.5913462577017327 0.007106126824554315
43.9289475 0.5913456246197143 0.0071061244363292
43.9789475 0.5913450002530177 0.00710612208098437
44.0289475 0.5913443844812519 0.007106119758065547
44.0789475 0.59134377718571 0.007106117467124815
44.1289475 0.5913431782493455 0.007106115207720523
44.1789475 0.5913425875567491 0.007106112979417196
44.2289475 0.5913420049941253 0.007106110781785459
44.2789475 0.5913414304492701 0.007106108614401934
44.3289475 0.5913408638115483 0.007106106476849172
44.3789475 0.5913403049718713 0.007106104368715556
44.4289475 0.5913397538226758 0.007106102289595231
44.4789475 0.5913392102579017 0.00710610023908801
44.5289475 0.5913386741729716 0.007106098216799306
44.5789475 0.5913381454647695 0.007106096222340048
44.6289475 0.5913376240316205 0.0071060942553266
44.6789475 0.5913371097732704 0.007106092315380693
44.7289475 0.5913366025908657 0.007106090402129342
44.7789475 0.5913361023869341 0.007106088515204773
44.8289475 0.5913356090653652 0.007106086654244355
44.8789475 0.5913351225313908 0.007106084818890521
44.9289475 0.5913346426915664 0.007106083008790702
44.9789475 0.5913341694537532 0.00710608122359725
45.0289475 0.5913337027270984 0.00710607946296738
45.0789475 0.5913332424220187 0.007106077726563092
45.1289475 0.5913327884501812 0.007106076014051105
45.1789475 0.5913323407244867 0.007106074325102795
45.2289475 0.5913318991590522 0.007106072659394128
45.2789475 0.5913314636691934 0.007106071016605594
45.3289475 0.5913310341714085 0.007106069396422146
45.3789475 0.5913306105833616 0.007106067798533132
45.4289475 0.5913301928238657 0.007106066222632244
45.4789475 0.5913297808128672 0.007106064668417444
45.5289475 0.5913293744714302 0.007106063135590916
45.5789475 0.5913289737217201 0.007106061623859
45.6289475 0.5913285784869887 0.00710606013293213
45.6789475 0.5913281886915593 0.007106058662524793
45.7289475 0.5913278042608111 0.007106057212355452
45.7789475 0.5913274251211645 0.007106055782146504
45.8289475 0.5913270512000669 0.00710605437162422
45.8789475 0.591326682425978 0.00710605298051869
45.9289475 0.5913263187283557 0.007106051608563775
45.9789475 0.5913259600376428 0.007106050255497046
46.0289475 0.5913256062852521 0.007106048921059739
46.0789475 0.5913252574035538 0.007106047604996702
46.1289475 0.5913249133258615 0.007106046307056341
46.1789475 0.5913245739864192 0.007106045026990577
46.2289475 0.591324239320389 0.007106043764554789
46.2789475 0.5913239092638373 0.007106042519507774
46.3289475 0.5913235837537224 0.007106041291611691
46.3789475 0.5913232627278827 0.007106040080632024
46.4289475 0.5913229461250238 0.007106038886337524
46.4789475 0.5913226338847066 0.007106037708500173
46.5289475 0.5913223259473355 0.007106036546895136
46.5789475 0.5913220222541462 0.007106035401300712
46.6289475 0.5913217227471949 0.007106034271498297
46.6789475 0.5913214273693461 0.007106033157272339
46.7289475 0.591321136064262 0.007106032058410292
46.7789475 0.5913208487763909 0.007106030974702584
46.8289475 0.5913205654509566 0.007106029905942557
46.8789475 0.5913202860339472 0.007106028851926448
46.9289475 0.5913200104721051 0.007106027812453335
46.9789475 0.5913197387129161 0.007106026787325099
47.0289475 0.591319470704599 0.007106025776346393
47.0789475 0.5913192063960956 0.007106024779324593
47.1289475 0.5913189457370608 0.007106023796069765
47.1789475 0.5913186886778524 0.007106022826394632
47.2289475 0.5913184351695215 0.00710602187011453
47.2789475 0.591318185163803 0.007106020927047374
47.3289475 0.5913179386131057 0.007106019997013622
47.3789475 0.5913176954705035 0.007106019079836243
47.4289475 0.5913174556897259 0.00710601817534068
47.4789475 0.591317219225149 0.007106017283354813
47.5289475 0.5913169860317864 0.00710601640370893
47.5789475 0.5913167560652804 0.007106015536235689
47.6289475 0.5913165292818937 0.00710601468077009
47.6789475 0.5913163056385004 0.007106013837149438
47.7289475 0.5913160850925773 0.007106013005213316
47.7789475 0.5913158676021963 0.007106012184803548
47.8289475 0.5913156531260159 0.007106011375764173
47.8789475 0.5913154416232725 0.007106010577941413
47.9289475 0.5913152330537735 0.007106009791183638
47.9789475 0.5913150273778887 0.007106009015341344
48.0289475 0.5913148245565423 0.00710600825026712
48.0789475 0.5913146245512061 0.00710600749581562
48.1289475 0.5913144273238913 0.007106006751843529
48.1789475 0.5913142328371414 0.007106006018209546
48.2289475 0.5913140410540247 0.007106005294774347
48.2789475 0.5913138519381272 0.007106004581400562
48.3289475 0.5913136654535454 0.007106003877952747
48.3789475 0.5913134815648792 0.007106003184297357
48.4289475 0.5913133002372249 0.00710600250030272
48.4789475 0.5913131214361691 0.007106001825839014
48.5289475 0.591312945127781 0.007106001160778237
48.5789475 0.5913127712786063 0.007106000504994185
48.6289475 0.5913125998556606 0.007105999858362428
48.6789475 0.591312430826423 0.007105999220760283
48.7289475 0.5913122641588295 0.007105998592066792
48.7789475 0.5913120998212672 0.007105997972162698
48.8289475 0.5913119377825675 0.00710599736093042
48.8789475 0.5913117780120007 0.007105996758254036
48.9289475 0.5913116204792697 0.007105996164019249
48.9789475 0.5913114651545036 0.007105995578113379
49.0289475 0.5913113120082529 0.007105995000425329
49.0789475 0.591311161011483 0.00710599443084557
49.1289475 0.5913110121355686 0.007105993869266116
49.1789475 0.5913108653522886 0.007105993315580509
49.2289475 0.5913107206338198 0.007105992769683787
49.2789475 0.5913105779527326 0.007105992231472477
49.3289475 0.5913104372819843 0.007105991700844563
49.3789475 0.591310298594915 0.007105991177699476
49.4289475 0.5913101618652419 0.007105990661938068
49.4789475 0.5913100270670538 0.007105990153462593
49.5289475 0.5913098941748072 0.007105989652176691
49.5789475 0.59130976316332 0.00710598915798537
49.6289475 0.5913096340077674 0.007105988670794977
49.6789475 0.591309506683677 0.0071059881905132
49.7289475 0.5913093811669238 0.007105987717049029
49.7789475 0.5913092574337255 0.007105987250312747
49.8289475 0.5913091354606385 0.007105986790215922
49.8789475 0.591309015224552 0.00710598633667137
49.9289475 0.591308896702685 0.007105985889593155
49.9789475 0.5913087798725811 0.007105985448896564
50.0289475 0.591308664712104 0.007105985014498092
50.0789475 0.5913085511994336 0.007105984586315426
50.1289475 0.5913084393130615 0.007105984164267434
50.1789475 0.5913083290317872 0.007105983748274137
50.2289475 0.5913082203347133 0.007105983338256705
50.2789475 0.5913081132012421 0.00710598293413744
50.3289475 0.5913080076110712 0.007105982535839751
50.3789475 0.5913079035441895 0.007105982143288155
50.4289475 0.5913078009808739 0.007105981756408248
50.4789475 0.5913076999016849 0.007105981375126702
50.5289475 0.5913076002874628 0.007105980999371238
50.5789475 0.5913075021193241 0.007105980629070625
50.6289475 0.5913074053786586 0.007105980264154657
50.6789475 0.591307310047124 0.007105979904554145
50.7289475 0.5913072161066444 0.007105979550200901
50.7789475 0.5913071235394051 0.007105979201027724
50.8289475 0.5913070323278502 0.007105978856968388
50.8789475 0.5913069424546787 0.007105978517957629
50.9289475 0.5913068539028414 0.007105978183931133
50.9789475 0.5913067666555372 0.007105977854825521
51.0289475 0.5913066806962102 0.007105977530578344
51.0789475 0.5913065960085465 0.007105977211128058
51.1289475 0.5913065125764709 0.007105976896414026
51.1789475 0.5913064303841437 0.007105976586376494
51.2289475 0.5913063494159576 0.007105976280956591
51.2789475 0.591306269656535 0.007105975980096308
51.3289475 0.5913061910907246 0.007105975683738489
51.3789475 0.5913061137035988 0.007105975391826825
51.4289475 0.5913060374804504 0.007105975104305837
51.4789475 0.5913059624067905 0.00710597482112087
51.5289475 0.5913058884683444 0.007105974542218076
51.5789475 0.5913058156510502 0.007105974267544412
51.6289475 0.5913057439410553 0.00710597399704762
51.6789475 0.5913056733247138 0.007105973730676228
51.7289475 0.5913056037885842 0.007105973468379529
51.7789475 0.591305535319426 0.007105973210107579
51.8289475 0.591305467904198 0.007105972955811181
51.8789475 0.5913054015300552 0.007105972705441884
51.9289475 0.5913053361843467 0.007105972458951965
51.9789475 0.5913052718546128 0.007105972216294426
52.0289475 0.5913052085285829 0.007105971977422975
52.0789475 0.5913051461941733 0.007105971742292033
52.1289475 0.5913050848394842 0.007105971510856712
52.1789475 0.5913050244527979 0.007105971283072807
52.2289475 0.5913049650225761 0.007105971058896797
52.2789475 0.5913049065374585 0.007105970838285828
52.3289475 0.5913048489862595 0.007105970621197704
52.3789475 0.5913047923579667 0.007105970407590886
52.4289475 0.5913047366417388 0.007105970197424479
52.4789475 0.5913046818269028 0.007105969990658219
52.5289475 0.5913046279029529 0.007105969787252481
52.5789475 0.5913045748595476 0.007105969587168252
52.6289475 0.5913045226865079 0.007105969390367135
52.6789475 0.5913044713738159 0.00710596919681134
52.7289475 0.5913044209116121 0.007105969006463677
52.7789475 0.5913043712901938 0.007105968819287546
52.8289475 0.591304322500013 0.007105968635246929
52.8789475 0.5913042745316749 0.007105968454306387
52.9289475 0.5913042273759358 0.007105968276431051
52.9789475 0.5913041810237013 0.007105968101586618
53.0289475 0.5913041354660246 0.007105967929739335
53.0789475 0.5913040906941045 0.007105967760856005
53.1289475 0.5913040466992843 0.007105967594903975
53.1789475 0.5913040034730492 0.007105967431851121
53.2289475 0.5913039610070256 0.007105967271665861
53.2789475 0.5913039192929787 0.007105967114317128
53.3289475 0.5913038783228109 0.007105966959774382
53.3789475 0.591303838088561 0.007105966808007586
53.4289475 0.5913037985824018 0.007105966658987218
53.4789475 0.5913037597966389 0.007105966512684253
53.5289475 0.5913037217237089 0.007105966369070161
53.5789475 0.5913036843561786 0.007105966228116902
53.6289475 0.5913036476867429 0.00710596608979692
53.6789475 0.5913036117082234 0.007105965954083138
53.7289475 0.5913035764135672 0.007105965820948949
53.7789475 0.5913035417958453 0.007105965690368219
53.8289475 0.5913035078482517 0.007105965562315272
53.8789475 0.5913034745641013 0.007105965436764892
53.9289475 0.5913034419368292 0.007105965313692316
53.9789475 0.5913034099599892 0.007105965193073227
54.0289475 0.5913033786272525 0.007105965074883753
54.0789475 0.5913033479324061 0.007105964959100455
54.1289475 0.5913033178693524 0.007105964845700335
54.1789475 0.5913032884321072 0.007105964734660817
54.2289475 0.5913032596147988 0.007105964625959753
54.2789475 0.5913032314116666 0.007105964519575416
54.3289475 0.5913032038170607 0.00710596441548649
54.3789475 0.5913031768254398 0.007105964313672074
54.4289475 0.5913031504313706 0.007105964214111674
54.4789475 0.5913031246295266 0.007105964116785195
54.5289475 0.5913030994146871 0.007105964021672946
54.5789475 0.5913030747817359 0.007105963928755628
54.6289475 0.5913030507256609 0.007105963838014332
54.6789475 0.5913030272415523 0.007105963749430541
54.7289475 0.5913030043246018 0.007105963662986116
54.7789475 0.5913029819701021 0.007105963578663299
54.8289475 0.5913029601734455 0.007105963496444712
54.8789475 0.5913029389301231 0.007105963416313346
54.9289475 0.5913029182357236 0.007105963338252559
54.9789475 0.5913028980859329 0.007105963262246079
55.0289475 0.5913028784765331 0.007105963188277996
55.0789475 0.5913028594034009 0.007105963116332758
55.1289475 0.591302840862508 0.007105963046395164
55.1789475 0.5913028228499191 0.007105962978450376
55.2289475 0.591302805361792 0.007105962912483898
55.2789475 0.5913027883943761 0.007105962848481582
55.3289475 0.5913027719440119 0.007105962786429624
55.3789475 0.5913027560071304 0.007105962726314562
55.4289475 0.5913027405802521 0.007105962668123271
55.4789475 0.5913027256599862 0.007105962611842959
55.5289475 0.5913027112430302 0.007105962557461168
55.5789475 0.591302697326169 0.007105962504965774
55.6289475 0.5913026839062741 0.007105962454344972
55.6789475 0.5913026709803031 0.007105962405587288
55.7289475 0.5913026585452992 0.007105962358681569
55.7789475 0.5913026465983903 0.00710596231361698
55.8289475 0.5913026351367882 0.007105962270383003
55.8789475 0.5913026241577884 0.007105962228969437
55.9289475 0.5913026136587697 0.007105962189366394
55.9789475 0.5913026036371924 0.007105962151564296
56.0289475 0.5913025940905995 0.007105962115553872
56.0789475 0.5913025850166146 0.007105962081326161
56.1289475 0.5913025764129421 0.007105962048872501
56.1789475 0.591302568277367 0.007105962018184538
56.2289475 0.5913025606077537 0.007105961989254216
56.2789475 0.5913025534020454 0.007105961962073777
56.3289475 0.5913025466582645 0.007105961936635761
56.3789475 0.5913025403745117 0.007105961912933004
56.4289475 0.5913025345489649 0.007105961890958632
56.4789475 0.5913025291798798 0.007105961870706066
56.5289475 0.591302524265589 0.007105961852169017
56.5789475 0.5913025198045014 0.007105961835341481
56.6289475 0.5913025157951022 0.007105961820217746
56.6789475 0.591302512235952 0.007105961806792382
56.7289475 0.5913025091256869 0.007105961795060243
56.7789475 0.5913025064630183 0.007105961785016471
56.8289475 0.5913025042467318 0.007105961776656483
56.8789475 0.5913025024756874 0.00710596176997598
56.9289475 0.5913025011488192 0.007105961764970941
56.9789475 0.591302500265135 0.007105961761637622
57.0289475 0.5913024998237157 0.007105961759972556
57.0789475 0.5913024998237157 0.007105961759972556
