7.3421054 5.179699540571303 0.5348716829592767
7.3921054 5.013027097660459 0.4527621664134764
7.4421054 4.858547933995403 0.3879606110330762
7.492105400000001 4.71464787092552 0.3359706628093589
7.542105400000001 4.580020414324161 0.2936595805049267
7.5921054 4.453592807131068 0.2587917929003868
7.6421054 4.334473049521134 0.2297382263635598
7.6921054 4.221911137570616 0.2052896646244894
7.742105400000001 4.115270175688718 0.1845337128359379
7.792105400000001 4.014004491324199 0.1667717773031558
7.8421054 3.91764280935816 0.1514618684868349
7.8921054 3.825775144360285 0.1381784516603262
7.942105400000001 3.738042466366212 0.1265837844332958
7.992105400000001 3.654128464252262 0.1164071388107287
8.042105400000001 3.573752915433575 0.1074295269983104
8.092105400000001 3.496666299792025 0.09947232855321463
8.1421054 3.422645387514189 0.0923887222552643
8.192105400000001 3.351489596644551 0.08605716063839176
8.2421054 3.283017964425375 0.08037635009837805
8.292105400000001 3.21706661215018 0.07526135308629148
8.342105400000001 3.153486609891215 0.07064053523759535
8.3921054 3.092142167561821 0.06645315487639261
8.442105400000001 3.032909094090976 0.06264744529055913
8.4921054 2.975673478263371 0.05917907819826665
8.542105400000001 2.920330553908751 0.05600992441989513
8.592105400000001 2.866783719259319 0.05310704799259311
8.6421054 2.81494368591117 0.05044188492497524
8.692105400000001 2.764727737278869 0.04798956895371444
8.7421054 2.716059079985871 0.04572837506437154
8.792105400000001 2.668866274486933 0.04363925790935375
8.842105400000001 2.623082733523382 0.04170546712275812
8.8921054 2.578646278884072 0.03991222527604785
8.942105400000001 2.535498748473346 0.03824645711817611
8.9921054 2.493585646941696 0.03669656100359787
9.042105400000001 2.452855834169106 0.03525221518337576
9.092105400000001 2.413261246747849 0.03390421303165277
9.1421054 2.374756648324337 0.03264432238739265
9.192105400000001 2.337299405255095 0.03146516507401857
9.2421054 2.30084928453142 0.0303601133665823
9.292105400000001 2.265368271347849 0.02932320074504939
9.342105400000001 2.230820404044882 0.02834904473223548
9.3921054 2.197171624457799 0.02743277998838383
9.442105400000001 2.164389641959779 0.02657000013887201
9.4921054 2.132443809706386 0.0257567070608085
9.542105400000001 2.101305011775907 0.02498926655913382
9.592105400000001 2.070945560060908 0.02426436953181679
9.6421054 2.041339099905032 0.02357899786361703
9.692105400000001 2.012460523598718 0.02293039440408029
9.7421054 1.984285890951221 0.02231603648227341
9.792105400000001 1.956792356246264 0.02173361249173434
9.842105400000001 1.929958100967015 0.02118100114702015
9.8921054 1.9037622717444 0.02065625307035957
9.942105400000001 1.878184923042521 0.02015757441510671
9.9921054 1.853206964147325 0.01968331227346127
10.0421054 1.828810110070668 0.01923194165050187
10.0921054 1.804976836022419 0.01880205381599086
10.1421054 1.781690335138935 0.01839234587048515
10.1921054 1.75893447918784 0.01800161138372158
10.2421054 1.736693781996949 0.01762873198160835
10.2921054 1.714953365379984 0.01727266977392303
10.3421054 1.693698927353765 0.01693246052838913
10.3921054 1.67291671246116 0.01660720750850867
10.4421054 1.652593484031573 0.01629607590264605
10.4921054 1.632716498226382 0.01599828778062078
10.5421054 1.613273479730697 0.01571311752167186
10.5921054 1.594252598965362 0.01543988766426841
10.6421054 1.575642450704337 0.01517796513400172
10.6921054 1.557432033992729 0.01492675781082093
10.7421054 1.539610733269806 0.01468571140127011
10.7921054 1.522168300609567 0.01445430658523385
10.8421054 1.505094838998789 0.01423205641007575
10.8921054 1.488380786579213 0.01401850390802195
10.9421054 1.472016901786546 0.01381321991525397
10.9921054 1.455994249324458 0.01361580107347774
11.0421054 1.440304186916732 0.01342586799676878
11.0921054 1.424938352785229 0.01324306358829118
11.1421054 1.409888653805469 0.01306705149307986
11.1921054 1.395147254295349 0.01289751467448702
11.2421054 1.380706565395935 0.01273415410314745
11.2921054 1.366559235006399 0.0125766875484317
11.3421054 1.352698138237993 0.01242484846334866
11.3921054 1.339116368354566 0.01227838495474395
11.4421054 1.325807228169511 0.01213705883143029
11.4921054 1.312764221871216 0.01200064472359188
11.5421054 1.299981047251085 0.01186892926743665
11.5921054 1.287451588310041 0.01174171034963628
11.6421054 1.275169908221112 0.01161879640660131
11.6921054 1.263130242627265 0.01150000577409482
11.7421054 1.251326993255052 0.01138516608309781
11.7921054 1.239754721825997 0.01127411369820834
11.8421054 1.228408144248835 0.0111666931951888
11.8921054 1.217282125076849 0.01106275687457529
11.9421054 1.206371672215591 0.01096216430853385
11.9921054 1.19567193186723 0.01086478191839257
12.0421054 1.185178183698657 0.01077048258050003
12.0921054 1.1748858362213 0.01067914525826069
12.1421054 1.164790422371365 0.01059065465837946
12.1921054 1.154887595279932 0.0105049009095123
12.2421054 1.145173124222979 0.0104217792616693
12.2921054 1.135642890742019 0.01034118980485267
12.3421054 1.126292884926626 0.01026303720553555
12.3921054 1.117119201850605 0.01018723045970023
12.4421054 1.10811803815411 0.010113682661257
12.4921054 1.099285688764419 0.01004231078475812
12.5421054 1.090618543748535 0.009973035481407159
12.5921054 1.08211308529117 0.009905780887441682
12.6421054 1.073765884792031 0.009840474444038537
12.6921054 1.065573600076693 0.00977704672795647
12.7421054 1.05753297271564 0.009715431292190267
12.7921054 1.049640825446397 0.009655564515965482
12.8421054 1.041894059693911 0.009597385463452976
12.8921054 1.034289653184655 0.0095408357506285
12.9421054 1.026824657650133 0.009485859419744917
12.9921054 1.019496196615727 0.009432402820923414
13.0421054 1.012301463271039 0.009380414500405923
13.0921054 1.005237718418062 0.009329845095043749
13.1421054 0.9983022884937587 0.009280647232627713
13.1921054 0.9914925636637438 0.009232775437693084
13.2421054 0.9848059959839885 0.009186186042458199
13.2921054 0.9782400976275945 0.009140837102579496
13.3421054 0.9717924391738482 0.00909668831742759
13.3921054 0.9654606479569043 0.009053700954609192
13.4421054 0.9592424064715803 0.009011837778478526
13.4921054 0.9531354508338689 0.008971062982399068
13.5421054 0.9471375692938966 0.008931342124532567
13.5921054 0.9412466007991654 0.008892642066947063
13.6421054 0.9354604336060202 0.008854930917849444
13.6921054 0.9297770039373836 0.008818177976760731
13.7421054 0.9241942946848983 0.008782353682464234
13.7921054 0.9187103341536967 0.008747429563567551
13.8421054 0.9133231948481112 0.008713378191529708
13.8921054 0.9080309922967106 0.008680173136014114
13.9421054 0.9028318839151274 0.008647788922436866
13.9921054 0.8977240679052091 0.008616200991588082
14.0421054 0.8927057821890947 0.008585385661211611
14.0921054 0.8877753033768825 0.008555320089435534
14.1421054 0.8829309457666134 0.008525982239952485
14.1921054 0.8781710603753521 0.00849735084885498
14.2421054 0.873494034000204 0.008469405393036722
14.2921054 0.8688982883081537 0.008442126060076152
14.3421054 0.8643822789536648 0.008415493719523583
14.3921054 0.8599444947230215 0.008389489895517872
14.4421054 0.8555834567044404 0.008364096740663008
14.4921054 0.851297717483022 0.008339297011099018
14.5421054 0.8470858603596494 0.008315074042705446
14.5921054 0.8429464985929815 0.008291411728379236
14.6421054 0.8388782746637231 0.008268294496332172
14.6921054 0.8348798595603875 0.008245707289356165
14.7421054 0.8309499520858026 0.008223635545007595
14.7921054 0.8270872781836384 0.008202065176664728
14.8421054 0.8232905902842677 0.008180982555414711
14.8921054 0.8195586666692951 0.00816037449272913
14.9421054 0.8158903108541217 0.008140228223889375
14.9921054 0.8122843509879327 0.008120531392125178
15.0421054 0.8087396392705242 0.008101272033431663
15.0921054 0.8052550513854059 0.008082438562032205
15.1421054 0.8018294859486392 0.008064019756456053
15.1921054 0.7984618639728924 0.00804600474620145
15.2421054 0.7951511283462125 0.008028382998956434
15.2921054 0.7918962433250358 0.00801114430835107
15.3421054 0.7886961940409748 0.007994278782216155
15.3921054 0.7855499860209375 0.007977776831324871
15.4421054 0.7824566447201536 0.007961629158594904
15.4921054 0.7794152150676951 0.007945826748729906
15.5421054 0.7764247610240973 0.007930360858280113
15.5921054 0.7734843651506988 0.007915223006103039
15.6421054 0.7705931281903347 0.00790040496420613
15.6921054 0.767750168659028 0.007885898748954123
15.7421054 0.7649546224483419 0.007871696612624837
15.7921054 0.7622056424380627 0.007857791035297768
15.8421054 0.7595023981188981 0.007844174717060842
15.8921054 0.7568440752248875 0.007830840570521184
15.9421054 0.7542298753752279 0.007817781713606656
15.9921054 0.7516590157252345 0.007804991462645417
16.0421054 0.7491307286261619 0.007792463325711471
16.0921054 0.7466442612936212 0.007780190996224689
16.1421054 0.7441988754843398 0.007768168346794386
16.1921054 0.7417938471810183 0.007756389423296036
16.2421054 0.7394284662850444 0.007744848439171222
16.2921054 0.7371020363168396 0.007733539769941337
16.3421054 0.7348138741236127 0.007722457947926089
16.3921054 0.7325633095943092 0.007711597657158175
16.4421054 0.7303496853815489 0.007700953728485982
16.4921054 0.7281723566303524 0.007690521134856506
16.5421054 0.7260306907134633 0.007680294986771011
16.5921054 0.7239240669730794 0.007670270527906405
16.6421054 0.7218518764688134 0.007660443130895469
16.6921054 0.7198135217317074 0.007650808293259537
16.7421054 0.7178084165241325 0.007641361633487421
16.7921054 0.7158359856054118 0.007632098887254683
16.8421054 0.7138956645030067 0.007623015903777649
16.8921054 0.7119868992891141 0.007614108642296727
16.9421054 0.7101091463625282 0.007605373168683958
16.9921054 0.7082618722356205 0.007596805652169809
17.0421054 0.7064445533263018 0.007588402362184572
17.0921054 0.7046566757548306 0.007580159665309815
17.1421054 0.7028977351453375 0.007572074022335649
17.1921054 0.7011672364319402 0.007564141985419621
17.2421054 0.6994646936693265 0.007556360195343385
17.2921054 0.6977896298476861 0.007548725378863293
17.3421054 0.6961415767118777 0.007541234346151373
17.3921054 0.6945200745847195 0.007533883988323199
17.4421054 0.6929246721942944 0.00752667127504937
17.4921054 0.6913549265051667 0.007519593252247398
17.5421054 0.6898104025534074 0.007512647039851023
17.5921054 0.6882906732853306 0.007505829829653978
17.6421054 0.6867953193998453 0.007499138883225499
17.6921054 0.6853239291943293 0.007492571529894826
17.7421054 0.6838760984139359 0.007486125164802194
17.7921054 0.6824514301042465 0.007479797247013832
17.8421054 0.6810495344671823 0.007473585297698615
17.8921054 0.6796700287200962 0.007467486898364124
17.9421054 0.6783125369579619 0.007461499689149918
17.9921054 0.6769766900185841 0.007455621367175969
18.0421054 0.6756621253507545 0.007449849684944243
18.0921054 0.6743684868852808 0.007444182448791517
18.1421054 0.6730954249088151 0.007438617517391583
18.1921054 0.671842595940417 0.007433152800305093
18.2421054 0.6706096626107797 0.00742778625657532
18.2921054 0.6693962935440578 0.007422515893368221
18.3421054 0.6682021632422307 0.007417339764655233
18.3921054 0.6670269519719404 0.007412255969937298
18.4421054 0.665870345653746 0.007407262653008659
18.4921054 0.6647320357537334 0.007402358000759059
18.5421054 0.6636117191774261 0.007397540242012977
18.5921054 0.6625090981659406 0.007392807646404636
18.6421054 0.6614238801943334 0.00738815852328755
18.6921054 0.6603557778720874 0.007383591220677397
18.7421054 0.6593045088456874 0.007379104124227097
18.7921054 0.6582697957032339 0.007374695656232997
18.8421054 0.6572513658810495 0.007370364274671068
18.8921054 0.6562489515722294 0.007366108472262153
18.9421054 0.6552622896370904 0.007361926775565226
18.9921054 0.654291121515476 0.007357817744097763
19.0421054 0.6533351931408724 0.007353779969482288
19.0921054 0.6523942548562952 0.007349812074618236
19.1421054 0.6514680613319044 0.007345912712878272
19.1921054 0.6505563714843087 0.007342080567328281
19.2421054 0.6496589483975211 0.007338314349970208
19.2921054 0.6487755592455267 0.007334612801007037
19.3421054 0.6479059752164257 0.007330974688129151
19.3921054 0.647049971438119 0.007327398805821389
19.4421054 0.6462073269054968 0.007323883974690117
19.4921054 0.6453778244090995 0.00732042904080967
19.5421054 0.6445612504652173 0.007317032875087528
19.5921054 0.6437573952473947 0.007313694372647644
19.6421054 0.6429660525193107 0.007310412452231305
19.6921054 0.642187019569002 0.007307186055614995
19.7421054 0.6414200971444005 0.007304014147044704
19.7921054 0.6406650893901554 0.00730089571268617
19.8421054 0.6399218037857118 0.007297829760090521
19.8921054 0.6391900510846182 0.007294815317674876
19.9421054 0.6384696452550355 0.007291851434217392
19.9921054 0.6377604034214209 0.007288937178366327
20.0421054 0.6370621458073621 0.007286071638162669
20.0921054 0.6363746956795356 0.007283253920575924
20.1421054 0.6356978792927656 0.007280483151052636
20.1921054 0.6350315258361576 0.007277758473077253
20.2421054 0.6343754673802875 0.00727507904774497
20.2921054 0.6337295388254185 0.007272444053346148
20.3421054 0.6330935778507274 0.007269852684962001
20.3921054 0.6324674248645169 0.007267304154071164
20.4421054 0.6318509229553932 0.007264797688166837
20.4921054 0.6312439178443885 0.00726233253038417
20.5421054 0.6306462578380078 0.007259907939137599
20.5921054 0.6300577937821811 0.007257523187767803
20.6421054 0.6294783790171009 0.007255177564198021
20.6921054 0.628907869332927 0.007252870370599442
20.7421054 0.6283461229263401 0.007250600923065378
20.7921054 0.6277930003579261 0.007248368551293995
20.8421054 0.6272483645103742 0.00724617259827931
20.8921054 0.6267120805474719 0.007244012420010246
20.9421054 0.626184015873878 0.007241887385177474
20.9921054 0.6256640400956619 0.007239796874887841
21.0421054 0.6251520249815889 0.007237740282386147
21.0921054 0.6246478444251379 0.007235717012784063
21.1421054 0.6241513744072364 0.00723372648279598
21.1921054 0.6236624929596987 0.007231768120481593
21.2421054 0.6231810801293498 0.007229841364995009
21.2921054 0.6227070179428259 0.007227945666340226
21.3421054 0.6222401903720322 0.007226080485132762
21.3921054 0.6217804833002488 0.007224245292367282
21.4421054 0.6213277844888692 0.007222439569191045
21.4921054 0.6208819835447591 0.007220662806683007
21.5421054 0.6204429718882237 0.007218914505638417
21.5921054 0.6200106427215696 0.007217194176358762
21.6421054 0.6195848909982501 0.007215501338446888
21.6921054 0.6191656133925832 0.007213835520607182
21.7421054 0.6187527082700286 0.007212196260450651
21.7921054 0.6183460756580137 0.007210583104304768
21.8421054 0.6179456172172985 0.007208995607027952
21.8921054 0.6175512362138663 0.007207433331828571
21.9421054 0.6171628374913321 0.007205895850088304
21.9921054 0.6167803274438559 0.007204382741189785
22.0421054 0.6164036139895545 0.007202893592348395
22.0921054 0.6160326065443968 0.007201427998448063
22.1421054 0.6156672159965786 0.007199985561881023
22.1921054 0.6153073546813623 0.007198565892391367
22.2421054 0.6149529363563773 0.007197168606922316
22.2921054 0.6146038761773664 0.007195793329467111
22.3421054 0.6142600906743758 0.007194439690923413
22.3921054 0.6139214977283738 0.00719310732895114
22.4421054 0.6135880165482948 0.007191795887833609
22.4921054 0.6132595676484968 0.007190505018341953
22.5421054 0.6129360728266267 0.007189234377602671
22.5921054 0.6126174551418837 0.007187983628968264
22.6421054 0.612303638893675 0.007186752441890858
22.6921054 0.6119945496006535 0.007185540491798747
22.7421054 0.6116901139801327 0.007184347459975764
22.7921054 0.6113902599278709 0.007183173033443425
22.8421054 0.6110949164982157 0.007182016904845764
22.8921054 0.6108040138846044 0.007180878772336781
22.9421054 0.6105174834004125 0.007179758339470461
22.9921054 0.6102352574601426 0.007178655315093262
23.0421054 0.6099572695609493 0.007177569413239043
23.0921054 0.6096834542644908 0.00717650035302635
23.1421054 0.6094137471791045 0.007175447858558
23.1921054 0.6091480849422971 0.007174411658822914
23.2421054 0.6088864052035455 0.007173391487600135
23.2921054 0.6086286466074016 0.007172387083364981
23.3421054 0.6083747487768948 0.007171398189197264
23.3921054 0.6081246522972283 0.007170424552691556
23.4421054 0.607878298699762 0.007169465925869405
23.4921054 0.6076356304462762 0.007168522065093502
23.5421054 0.6073965909135136 0.007167592730983698
23.5921054 0.6071611243779909 0.007166677688334882
23.6421054 0.6069291760010773 0.007165776706036618
23.6921054 0.6067006918143343 0.00716488955699455
23.7421054 0.6064756187051109 0.007164016018053473
23.7921054 0.6062539044023916 0.007163155869922101
23.8421054 0.6060354974628895 0.007162308897099416
23.8921054 0.6058203472573837 0.007161474887802621
23.9421054 0.605608403957292 0.007160653633896612
23.9921054 0.6053996185214791 0.007159844930824969
24.0421054 0.6051939426832922 0.007159048577542406
24.0921054 0.6049913289378223 0.007158264376448642
24.1421054 0.6047917305293852 0.007157492133323689
24.1921054 0.6045951014392197 0.007156731657264484
24.2421054 0.6044013963733981 0.007155982760622857
24.2921054 0.6042105707509453 0.00715524525894481
24.3421054 0.6040225806921626 0.007154518970911042
24.3921054 0.6038373830071523 0.007153803718278728
24.4421054 0.6036549351845402 0.007153099325824505
24.4921054 0.6034751953803914 0.007152405621288634
24.5421054 0.6032981224073165 0.007151722435320314
24.5921054 0.6031236757237642 0.007151049601424133
24.6421054 0.6029518154234975 0.007150386955907603
24.6921054 0.6027825022252499 0.007149734337829784
24.7421054 0.6026156974625582 0.007149091588950943
24.7921054 0.6024513630737688 0.007148458553683257
24.8421054 0.6022894615922145 0.007147835079042498
24.8921054 0.6021299561365584 0.007147221014600709
24.9421054 0.6019728104013019 0.007146616212439831
24.9921054 0.6018179886474551 0.007146020527106271
25.0421054 0.6016654556933636 0.007145433815566374
25.0921054 0.6015151769056932 0.007144855937162803
25.1421054 0.6013671181905654 0.007144286753571765
25.1921054 0.6012212459848437 0.007143726128761116
25.2421054 0.6010775272475677 0.007143173928949296
25.2921054 0.6009359294515308 0.007142630022565061
25.3421054 0.6007964205750014 0.007142094280208029
25.3921054 0.6006589690935817 0.007141566574610002
25.4421054 0.6005235439722063 0.007141046780597045
25.4921054 0.6003901146572723 0.007140534775052317
25.5421054 0.6002586510689044 0.007140030436879619
25.5921054 0.6001291235933482 0.007139533646967668
25.6421054 0.600001503075492 0.007139044288155061
25.6921054 0.5998757608115132 0.007138562245195922
25.7421054 0.5997518685416482 0.007138087404726209
25.7921054 0.5996297984430838 0.007137619655230689
25.8421054 0.5995095231229662 0.007137158887010534
25.8921054 0.5993910156115275 0.007136704992151552
25.9421054 0.5992742493553271 0.007136257864493025
25.9921054 0.5991591982106048 0.007135817399597145
26.0421054 0.5990458364367456 0.007135383494719036
26.0921054 0.5989341386898525 0.007134956048777346
26.1421054 0.5988240800164261 0.0071345349623254
26.1921054 0.5987156358471502 0.007134120137522903
26.2421054 0.5986087819907788 0.007133711478108178
26.2921054 0.598503494628126 0.007133308889370931
26.3421054 0.5983997503061547 0.007132912278125524
26.3921054 0.5982975259321625 0.00713252155268476
26.4421054 0.5981967987680653 0.007132136622834154
26.4921054 0.5980975464247742 0.00713175739980669
26.5421054 0.597999746856665 0.007131383796258049
26.5921054 0.5979033783561397 0.0071310157262423
26.6421054 0.5978084195482771 0.007130653105188041
26.6921054 0.5977148493855718 0.007130295849874991
26.7421054 0.5976226471427593 0.007129943878411003
26.7921054 0.5975317924117262 0.007129597110209522
26.8421054 0.5974422650965047 0.007129255465967436
26.8921054 0.5973540454083481 0.007128918867643357
26.9421054 0.5972671138608879 0.007128587238436288
26.9921054 0.5971814512653699 0.007128260502764682
27.0421054 0.5970970387259682 0.007127938586245898
27.0921054 0.5970138576351758 0.00712762141567601
27.1421054 0.5969318896692709 0.007127308919010008
27.1921054 0.596851116783857 0.007127001025342344
27.2421054 0.5967715212094755 0.007126697664887837
27.2921054 0.5966930854472901 0.007126398768962921
27.3421054 0.5966157922648413 0.007126104269967242
27.3921054 0.5965396246918706 0.007125814101365576
27.4421054 0.596464566016212 0.007125528197670076
27.4921054 0.5963905997797498 0.007125246494422842
27.5421054 0.5963177097744438 0.007124968928178809
27.5921054 0.5962458800384166 0.007124695436488922
27.6421054 0.5961750948521067 0.007124425957883639
27.6921054 0.5961053387344821 0.007124160431856707
27.7421054 0.5960365964393164 0.007123898798849237
27.7921054 0.5959688529515242 0.007123641000234063
27.8421054 0.5959020934835567 0.007123386978300374
27.8921054 0.5958363034718546 0.007123136676238625
27.9421054 0.5957714685733588 0.007122890038125705
27.9921054 0.5957075746620779 0.007122647008910386
28.0421054 0.5956446078257092 0.007122407534399002
28.0921054 0.5955825543623162 0.007122171561241402
28.1421054 0.5955214007770588 0.007121939036917145
28.1921054 0.5954611337789755 0.007121709909721929
28.2421054 0.5954017402778177 0.007121484128754265
28.2921054 0.5953432073809356 0.007121261643902388
28.3421054 0.595285522390213 0.007121042405831383
28.3921054 0.5952286727990519 0.00712082636597055
28.4421054 0.5951726462894049 0.007120613476500981
28.4921054 0.5951174307288559 0.007120403690343349
28.5421054 0.5950630141677469 0.007120196961145926
28.5921054 0.5950093848363506 0.007119993243272786
28.6421054 0.5949565311420894 0.007119792491792228
28.6921054 0.5949044416667969 0.007119594662465389
28.7421054 0.5948531051640251 0.007119399711735066
28.7921054 0.5948025105563931 0.007119207596714715
28.8421054 0.5947526469329786 0.007119018275177646
28.8921054 0.5947035035467512 0.007118831705546412
28.9421054 0.5946550698120461 0.007118647846882362
28.9921054 0.5946073353020785 0.007118466658875389
29.0421054 0.5945602897464972 0.007118288101833839
29.0921054 0.5945139230289764 0.007118112136674608
29.1421054 0.5944682251848474 0.007117938724913395
29.1921054 0.5944231863987665 0.007117767828655121
29.2421054 0.59437879700242 0.007117599410584519
29.2921054 0.5943350474722667 0.00711743343395688
29.3421054 0.5942919284273146 0.007117269862588951
29.3921054 0.5942494306269339 0.007117108660849992
29.4421054 0.5942075449687042 0.007116949793652982
29.4921054 0.5941662624862956 0.007116793226445975
29.5421054 0.5941255743473834 0.007116638925203601
29.5921054 0.5940854718515965 0.007116486856418704
29.6421054 0.5940459464284965 0.007116336987094133
29.6921054 0.5940069896355902 0.007116189284734658
29.7421054 0.5939685931563726 0.007116043717339027
29.7921054 0.5939307487984012 0.007115900253392158
29.8421054 0.5938934484914005 0.007115758861857458
29.8921054 0.5938566842853956 0.00711561951216927
29.9421054 0.5938204483488765 0.007115482174225442
29.9921054 0.5937847329669901 0.007115346818380037
30.0421054 0.5937495305397613 0.007115213415436141
30.0921054 0.5937148335803416 0.007115081936638801
30.1421054 0.5936806347132852 0.007114952353668085
30.1921054 0.5936469266728526 0.007114824638632249
30.2421054 0.5936137023013398 0.00711469876406102
30.2921054 0.5935809545474352 0.007114574702898988
30.3421054 0.5935486764646007 0.00711445242849911
30.3921054 0.5935168612094789 0.007114331914616323
30.4421054 0.5934855020403248 0.007114213135401251
30.4921054 0.5934545923154629 0.007114096065394032
30.5421054 0.5934241254917674 0.007113980679518227
30.5921054 0.593394095123166 0.007113866953074849
30.6421054 0.5933644948591683 0.007113754861736475
30.6921054 0.5933353184434161 0.00711364438154146
30.7421054 0.5933065597122564 0.007113535488888245
30.7921054 0.5932782125933369 0.00711342816052976
30.8421054 0.5932502711042232 0.007113322373567911
30.8921054 0.5932227293510377 0.007113218105448165
30.9421054 0.5931955815271195 0.007113115333954223
30.9921054 0.5931688219117048 0.007113014037202769
31.0421054 0.5931424448686289 0.007112914193638318
31.0921054 0.5931164448450468 0.007112815782028136
31.1421054 0.593090816370175 0.007112718781457252
31.1921054 0.5930655540540523 0.007112623171323546
31.2421054 0.5930406525863191 0.007112528931332913
31.2921054 0.5930161067350174 0.007112436041494508
31.3421054 0.5929919113454073 0.007112344482116078
31.3921054 0.5929680613388033 0.007112254233799343
31.4421054 0.5929445517114281 0.007112165277435482
31.4921054 0.5929213775332841 0.007112077594200674
31.5421054 0.5928985339470421 0.00711199116555171
31.5921054 0.5928760161669477 0.007111905973221684
31.6421054 0.5928538194777446 0.007111821999215742
31.6921054 0.5928319392336135 0.007111739225806917
31.7421054 0.592810370857129 0.007111657635532008
31.7921054 0.5927891098382305 0.007111577211187544
31.8421054 0.5927681517332117 0.007111497935825797
31.8921054 0.5927474921637227 0.007111419792750874
31.9421054 0.5927271268157898 0.007111342765514859
31.9921054 0.5927070514388488 0.007111266837914027
32.0421054 0.5926872618447945 0.007111191993985098
32.0921054 0.5926677539070434 0.007111118218001585
32.1421054 0.5926485235596122 0.007111045494470161
32.1921054 0.5926295667962092 0.007110973808127113
32.2421054 0.5926108796693408 0.007110903143934843
32.2921054 0.5925924582894307 0.007110833487078414
32.3421054 0.5925742988239535 0.007110764822962169
32.3921054 0.5925563974965805 0.007110697137206391
32.4421054 0.5925387505863398 0.007110630415644012
32.4921054 0.5925213544267884 0.007110564644317397
32.5421054 0.5925042054051977 0.007110499809475145
32.5921054 0.5924872999617501 0.007110435897568972
32.6421054 0.5924706345887498 0.007110372895250621
32.6921054 0.5924542058298442 0.007110310789368831
32.7421054 0.5924380102792577 0.007110249566966354
32.7921054 0.5924220445810373 0.007110189215277013
32.8421054 0.5924063054283094 0.007110129721722806
32.8921054 0.5923907895625485 0.007110071073911074
32.9421054 0.5923754937728563 0.007110013259631681
32.9921054 0.5923604148952522 0.007109956266854262
33.0421054 0.5923455498119751 0.007109900083725509
33.0921054 0.5923308954507949 0.007109844698566499
33.1421054 0.5923164487843349 0.007109790099870061
33.1921054 0.5923022068294049 0.007109736276298182
33.2421054 0.5922881666463437 0.007109683216679465
33.2921054 0.5922743253383719 0.00710963091000661
33.3421054 0.5922606800509553 0.007109579345433949
33.3921054 0.5922472279711766 0.007109528512275018
33.4421054 0.5922339663271176 0.00710947840000015
33.4921054 0.5922208923872504 0.007109428998234127
33.5421054 0.5922080034598383 0.007109380296753856
33.5921054 0.5921952968923451 0.007109332285486086
33.6421054 0.5921827700708537 0.007109284954505156
33.6921054 0.592170420419494 0.007109238294030781
33.7421054 0.5921582453998782 0.007109192294425876
33.7921054 0.5921462425105459 0.007109146946194403
33.8421054 0.5921344092864175 0.007109102239979261
33.8921054 0.5921227432982547 0.007109058166560209
33.9421054 0.5921112421521304 0.007109014716851809
33.9921054 0.5920999034889064 0.007108971881901418
34.0421054 0.5920887249837183 0.007108929652887195
34.0921054 0.5920777043454691 0.007108888021116153
34.1421054 0.5920668393163298 0.007108846978022225
34.1921054 0.5920561276712475 0.00710880651516438
34.2421054 0.5920455672174619 0.007108766624224744
34.2921054 0.5920351557940277 0.007108727297006776
34.3421054 0.5920248912713449 0.007108688525433444
34.3921054 0.5920147715506968 0.007108650301545461
34.4421054 0.5920047945637934 0.007108612617499509
34.4921054 0.5919949582723232 0.007108575465566533
34.5421054 0.5919852606675112 0.007108538838130029
34.5921054 0.591975699769683 0.007108502727684369
34.6421054 0.5919662736278364 0.007108467126833154
34.6921054 0.5919569803192186 0.007108432028287592
34.7421054 0.5919478179489108 0.007108397424864897
34.7921054 0.5919387846494175 0.007108363309486715
34.8421054 0.5919298785802636 0.00710832967517757
34.8921054 0.5919210979275964 0.007108296515063343
34.9421054 0.5919124409037941 0.007108263822369763
34.9921054 0.5919039057470803 0.00710823159042093
35.0421054 0.5918954907211436 0.007108199812637855
35.0921054 0.5918871941147636 0.007108168482537026
35.1421054 0.5918790142414424 0.007108137593728989
35.1921054 0.5918709494390411 0.007108107139916962
35.2421054 0.5918629980694222 0.007108077114895462
35.2921054 0.5918551585180979 0.007108047512548946
35.3421054 0.591847429193882 0.007108018326850494
35.3921054 0.591839808528549 0.007107989551860491
35.4421054 0.5918322949764966 0.007107961181725339
35.4921054 0.5918248870144145 0.007107933210676186
35.5421054 0.5918175831409573 0.007107905633027675
35.5921054 0.591810381876423 0.007107878443176712
35.6421054 0.5918032817624357 0.007107851635601255
35.6921054 0.5917962813616331 0.00710782520485911
35.7421054 0.5917893792573592 0.007107799145586765
35.7921054 0.591782574053361 0.007107773452498226
35.8421054 0.5917758643734901 0.00710774812038387
35.8921054 0.5917692488614084 0.00710772314410933
35.9421054 0.5917627261802983 0.007107698518614378
35.9921054 0.5917562950125779 0.007107674238911841
36.0421054 0.5917499540596188 0.007107650300086523
36.0921054 0.5917437020414703 0.007107626697294147
36.1421054 0.5917375376965858 0.007107603425760315
36.1921054 0.5917314597815539 0.007107580480779474
36.2421054 0.5917254670708346 0.007107557857713919
36.2921054 0.5917195583564973 0.00710753555199278
36.3421054 0.5917137324479642 0.007107513559111053
36.3921054 0.5917079881717577 0.00710749187462863
36.4421054 0.5917023243712503 0.007107470494169344
36.4921054 0.5916967399064189 0.007107449413420034
36.5421054 0.5916912336536038 0.007107428628129626
36.5921054 0.5916858045052688 0.007107408134108218
36.6421054 0.5916804513697672 0.007107387927226179
36.6921054 0.5916751731711103 0.007107368003413283
36.7421054 0.5916699688487391 0.007107348358657821
36.7921054 0.5916648373573 0.007107328989005755
36.8421054 0.5916597776664232 0.007107309890559874
36.8921054 0.5916547887605048 0.007107291059478959
36.9421054 0.5916498696384924 0.007107272491976969
36.9921054 0.5916450193136729 0.007107254184322234
37.0421054 0.5916402368134642 0.007107236132836653
37.0921054 0.5916355211792104 0.007107218333894926
37.1421054 0.5916308714659785 0.007107200783923769
37.1921054 0.5916262867423596 0.007107183479401166
37.2421054 0.5916217660902727 0.007107166416855612
37.2921054 0.5916173086047706 0.007107149592865385
37.3421054 0.5916129133938495 0.00710713300405781
37.3921054 0.5916085795782615 0.007107116647108558
37.4421054 0.5916043062913292 0.007107100518740923
37.4921054 0.5916000926787632 0.007107084615725149
37.5421054 0.591595937898483 0.007107068934877728
37.5921054 0.5915918411204393 0.00710705347306074
37.6421054 0.5915878015264404 0.007107038227181183
37.6921054 0.59158381830998 0.007107023194190319
37.7421054 0.5915798906760676 0.007107008371083034
37.7921054 0.5915760178410625 0.007106993754897204
37.8421054 0.5915721990325087 0.007106979342713061
37.8921054 0.5915684334889733 0.007106965131652594
37.9421054 0.5915647204598871 0.007106951118878924
37.9921054 0.5915610592053873 0.007106937301595723
38.0421054 0.5915574489961627 0.007106923677046613
38.0921054 0.591553889113301 0.007106910242514594
38.1421054 0.5915503788481385 0.007106896995321467
38.1921054 0.5915469175021121 0.007106883932827277
38.2421054 0.5915435043866129 0.007106871052429754
38.2921054 0.591540138822843 0.007106858351563767
38.3421054 0.5915368201416733 0.00710684582770079
38.3921054 0.5915335476835043 0.007106833478348366
38.4421054 0.5915303207981282 0.007106821301049587
38.4921054 0.5915271388445933 0.007106809293382583
38.5421054 0.5915240011910708 0.007106797452960003
38.5921054 0.5915209072147229 0.007106785777428534
38.6421054 0.5915178563015732 0.00710677426446839
38.6921054 0.5915148478463786 0.007106762911792839
38.7421054 0.5915118812525043 0.007106751717147721
38.7921054 0.5915089559317988 0.007106740678310976
38.8421054 0.5915060713044719 0.007106729793092183
38.8921054 0.5915032267989745 0.007106719059332101
38.9421054 0.5915004218518798 0.007106708474902217
38.9921054 0.5914976559077662 0.007106698037704307
39.0421054 0.591494928419102 0.007106687745669995
39.0921054 0.5914922388461324 0.007106677596760323
39.1421054 0.5914895866567669 0.007106667588965325
39.1921054 0.5914869713264692 0.007106657720303617
39.2421054 0.591484392338149 0.007106647988821969
39.2921054 0.5914818491820544 0.007106638392594918
39.3421054 0.5914793413556666 0.007106628929724348
39.39210540000001 0.591476868363596 0.007106619598339117
39.4421054 0.5914744297174799 0.007106610396594651
39.4921054 0.5914720249358808 0.007106601322672569
39.5421054 0.591469653544188 0.007106592374780305
39.5921054 0.5914673150745189 0.007106583551150738
39.64210540000001 0.5914650090656223 0.007106574850041822
39.6921054 0.5914627350627837 0.007106566269736228
39.7421054 0.5914604926177313 0.007106557808540989
39.7921054 0.5914582812885433 0.007106549464787146
39.8421054 0.5914561006395571 0.007106541236829409
39.89210540000001 0.5914539502412798 0.00710653312304581
39.9421054 0.591451829670299 0.00710652512183737
39.9921054 0.5914497385091961 0.007106517231627776
40.0421054 0.5914476763464604 0.007106509450863042
40.0921054 0.5914456427764047 0.007106501778011199
40.14210540000001 0.5914436373990809 0.007106494211561978
40.1921054 0.5914416598201993 0.007106486750026491
40.2421054 0.5914397096510461 0.007106479391936935
40.2921054 0.5914377865084046 0.007106472135846278
40.3421054 0.5914358900144759 0.007106464980327972
40.39210540000001 0.591434019796802 0.007106457923975655
40.4421054 0.5914321754881885 0.007106450965402855
40.4921054 0.5914303567266301 0.007106444103242718
40.5421054 0.5914285631552364 0.007106437336147716
40.5921054 0.591426794422158 0.007106430662789373
40.64210540000001 0.5914250501805153 0.007106424081858001
40.6921054 0.5914233300883268 0.007106417592062415
40.7421054 0.5914216338084398 0.007106411192129678
40.7921054 0.5914199610084607 0.007106404880804842
40.8421054 0.5914183113606875 0.007106398656850685
40.89210540000001 0.5914166845420427 0.007106392519047459
40.9421054 0.5914150802340072 0.007106386466192642
40.9921054 0.5914134981225556 0.007106380497100689
41.0421054 0.5914119378980912 0.007106374610602791
41.0921054 0.591410399255384 0.007106368805546637
41.14210540000001 0.5914088818935073 0.007106363080796175
41.1921054 0.5914073855157771 0.007106357435231383
41.2421054 0.5914059098296913 0.007106351867748037
41.2921054 0.5914044545468702 0.00710634637725749
41.3421054 0.5914030193829974 0.007106340962686444
41.39210540000001 0.5914016040577625 0.007106335622976735
41.4421054 0.5914002082948034 0.007106330357085117
41.4921054 0.5913988318216505 0.007106325163983046
41.5421054 0.5913974743696713 0.007106320042656472
41.5921054 0.5913961356740153 0.007106314992105637
41.64210540000001 0.5913948154735605 0.007106310011344863
41.6921054 0.5913935135108607 0.007106305099402356
41.7421054 0.5913922295320921 0.007106300255320008
41.7921054 0.5913909632870032 0.007106295478153205
41.8421054 0.5913897145288628 0.007106290766970625
41.89210540000001 0.5913884830144106 0.00710628612085406
41.9421054 0.5913872685038073 0.007106281538898224
41.9921054 0.5913860707605869 0.007106277020210569
42.0421054 0.5913848895516077 0.0071062725639111
42.0921054 0.5913837246470058 0.007106268169132211
42.14210540000001 0.5913825758201483 0.00710626383501849
42.1921054 0.5913814428475872 0.007106259560726556
42.2421054 0.5913803255090145 0.007106255345424886
42.2921054 0.5913792235872176 0.007106251188293652
42.3421054 0.5913781368680352 0.007106247088524541
42.39210540000001 0.5913770651403139 0.007106243045320607
42.4421054 0.5913760081958658 0.007106239057896098
42.4921054 0.5913749658294264 0.007106235125476302
42.5421054 0.5913739378386129 0.007106231247297392
42.5921054 0.5913729240238836 0.007106227422606266
42.64210540000001 0.5913719241884975 0.007106223650660402
42.6921054 0.5913709381384746 0.007106219930727699
42.7421054 0.5913699656825567 0.007106216262086339
42.7921054 0.5913690066321692 0.007106212644024631
42.8421054 0.5913680608013824 0.007106209075840878
42.89210540000001 0.5913671280068747 0.007106205556843225
42.9421054 0.5913662080678954 0.007106202086349528
42.9921054 0.5913653008062284 0.00710619866368721
43.0421054 0.5913644060461561 0.007106195288193133
43.0921054 0.5913635236144243 0.007106191959213452
43.14210540000001 0.5913626533402072 0.007106188676103497
43.1921054 0.591361795055073 0.007106185438227636
43.2421054 0.5913609485929503 0.007106182244959146
43.2921054 0.5913601137900943 0.007106179095680091
43.3421054 0.5913592904850545 0.007106175989781196
43.39210540000001 0.5913584785186419 0.00710617292666172
43.4421054 0.5913576777338967 0.007106169905729349
43.4921054 0.5913568879760576 0.007106166926400056
43.5421054 0.5913561090925299 0.007106163988098001
43.5921054 0.5913553409328558 0.007106161090255411
43.64210540000001 0.5913545833486835 0.007106158232312459
43.6921054 0.5913538361937377 0.007106155413717162
43.7421054 0.5913530993237904 0.007106152633925266
43.7921054 0.5913523725966319 0.007106149892400129
43.8421054 0.5913516558720422 0.007106147188612631
43.89210540000001 0.5913509490117634 0.007106144522041049
43.9421054 0.5913502518794715 0.007106141892170966
43.9921054 0.5913495643407493 0.00710613929849516
44.0421054 0.5913488862630596 0.007106136740513509
44.0921054 0.5913482175157188 0.007106134217732886
44.14210540000001 0.5913475579698704 0.007106131729667059
44.1921054 0.5913469074984598 0.007106129275836603
44.2421054 0.5913462659762083 0.00710612685576879
44.2921054 0.5913456332795888 0.007106124468997508
44.3421054 0.5913450092868003 0.007106122115063159
44.39210540000001 0.5913443938777445 0.007106119793512573
44.4421054 0.5913437869340011 0.007106117503898912
44.4921054 0.5913431883388046 0.007106115245781585
44.5421054 0.5913425979770207 0.00710611301872616
44.5921054 0.5913420157351238 0.007106110822304273
44.64210540000001 0.591341441501174 0.007106108656093547
44.6921054 0.5913408751647949 0.007106106519677509
44.7421054 0.5913403166171519 0.0071061044126455
44.7921054 0.5913397657509302 0.007106102334592599
44.8421054 0.5913392224603132 0.007106100285119544
44.89210540000001 0.5913386866409622 0.007106098263832645
44.9421054 0.591338158189995 0.007106096270343714
44.9921054 0.5913376370059659 0.007106094304269978
45.0421054 0.5913371229888451 0.007106092365234017
45.0921054 0.5913366160399993 0.007106090452863675
45.14210540000001 0.5913361160621716 0.007106088566791992
45.1921054 0.5913356229594627 0.007106086706657133
45.2421054 0.5913351366373113 0.007106084872102312
45.2921054 0.5913346570024759 0.007106083062775722
45.3421054 0.5913341839630158 0.00710608127833047
45.39210540000001 0.5913337174282735 0.007106079518424503
45.4421054 0.5913332573088557 0.007106077782720536
45.4921054 0.5913328035166168 0.007106076070885997
45.5421054 0.5913323559646404 0.007106074382592953
45.5921054 0.591331914567223 0.007106072717518046
45.64210540000001 0.5913314792398561 0.007106071075342429
45.6921054 0.5913310498992099 0.007106069455751702
45.74210540000001 0.5913306264631172 0.007106067858435854
45.7921054 0.5913302088505564 0.007106066283089197
45.8421054 0.5913297969816361 0.007106064729410307
45.89210540000001 0.5913293907775786 0.007106063197101963
45.9421054 0.5913289901607053 0.007106061685871095
45.99210540000001 0.5913285950544201 0.007106060195428713
46.0421054 0.5913282053831957 0.007106058725489861
46.0921054 0.5913278210725575 0.007106057275773559
46.14210540000001 0.5913274420490695 0.007106055846002746
46.1921054 0.5913270682403193 0.00710605443590422
46.24210540000001 0.5913266995749045 0.00710605304520859
46.2921054 0.591326335982418 0.007106051673650227
46.3421054 0.5913259773934346 0.007106050320967202
46.39210540000001 0.5913256237394968 0.007106048986901239
46.4421054 0.5913252749531016 0.007106047671197664
46.49210540000001 0.5913249309676873 0.007106046373605355
46.5421054 0.59132459171762 0.007106045093876689
46.5921054 0.5913242571381809 0.007106043831767501
46.64210540000001 0.5913239271655539 0.007106042587037026
46.6921054 0.5913236017368124 0.007106041359447862
46.74210540000001 0.5913232807899071 0.00710604014876591
46.7921054 0.5913229642636542 0.007106038954760344
46.8421054 0.5913226520977225 0.007106037777203551
46.89210540000001 0.5913223442326226 0.007106036615871096
46.9421054 0.5913220406096946 0.007106035470541672
46.99210540000001 0.5913217411710964 0.007106034340997061
47.0421054 0.5913214458597925 0.007106033227022085
47.0921054 0.5913211546195432 0.007106032128404571
47.14210540000001 0.591320867394893 0.007106031044935306
47.1921054 0.59132058413116 0.007106029976407992
47.24210540000001 0.591320304774425 0.007106028922619212
47.2921054 0.5913200292715211 0.007106027883368388
47.3421054 0.5913197575700228 0.007106026858457737
47.39210540000001 0.5913194896182364 0.00710602584769224
47.4421054 0.5913192253651898 0.007106024850879597
47.49210540000001 0.5913189647606215 0.007106023867830193
47.5421054 0.591318707754972 0.007106022898357059
47.5921054 0.5913184542993732 0.007106021942275838
47.64210540000001 0.5913182043456396 0.007106020999404742
47.6921054 0.5913179578462581 0.007106020069564531
47.74210540000001 0.5913177147543791 0.007106019152578457
47.7921054 0.5913174750238073 0.007106018248272243
47.8421054 0.5913172386089925 0.007106017356474057
47.89210540000001 0.591317005465021 0.007106016477014452
47.9421054 0.5913167755476062 0.00710601560972636
47.99210540000001 0.5913165488130808 0.007106014754445043
48.0421054 0.5913163252183875 0.007106013911008065
48.0921054 0.5913161047210709 0.007106013079255263
48.14210540000001 0.591315887279269 0.007106012259028714
48.1921054 0.5913156728517055 0.0071060114501727
48.24210540000001 0.5913154613976812 0.007106010652533686
48.2921054 0.5913152528770663 0.00710600986596028
48.3421054 0.5913150472502925 0.007106009090303213
48.39210540000001 0.5913148444783453 0.007106008325415302
48.4421054 0.5913146445227564 0.007106007571151426
48.49210540000001 0.591314447345596 0.007106006827368499
48.5421054 0.5913142529094656 0.007106006093925432
48.5921054 0.5913140611774907 0.007106005370683122
48.64210540000001 0.5913138721133135 0.007106004657504406
48.6921054 0.591313685681086 0.007106003954254052
48.74210540000001 0.5913135018454625 0.007106003260798721
48.7921054 0.5913133205715935 0.007106002577006944
48.8421054 0.5913131418251181 0.007106001902749097
48.89210540000001 0.5913129655721578 0.007106001237897376
48.9421054 0.59131279177931 0.007106000582325772
48.99210540000001 0.5913126204136409 0.007105999935910046
49.0421054 0.5913124514426795 0.007105999298527703
49.0921054 0.5913122848344116 0.007105998670057971
49.14210540000001 0.5913121205572724 0.007105998050381777
49.1921054 0.5913119585801421 0.007105997439381724
49.24210540000001 0.5913117988723381 0.007105996836942065
49.2921054 0.5913116414036101 0.007105996242948684
49.3421054 0.591311486144134 0.007105995657289073
49.39210540000001 0.5913113330645057 0.007105995079852309
49.4421054 0.5913111821357359 0.007105994510529031
49.49210540000001 0.5913110333292442 0.007105993949211428
49.5421054 0.5913108866168536 0.007105993395793202
49.5921054 0.591310741970785 0.007105992850169562
49.64210540000001 0.5913105993636518 0.007105992312237193
49.6921054 0.5913104587684544 0.007105991781894246
49.74210540000001 0.5913103201585754 0.007105991259040311
49.7921054 0.591310183507774 0.007105990743576394
49.8421054 0.591310048790181 0.007105990235404913
49.89210540000001 0.5913099159802939 0.007105989734429662
49.9421054 0.5913097850529719 0.007105989240555801
49.99210540000001 0.5913096559834309 0.007105988753689835
50.0421054 0.5913095287472387 0.0071059882737396
50.0921054 0.5913094033203105 0.007105987800614238
50.14210540000001 0.5913092796789039 0.007105987334224188
50.1921054 0.5913091577996146 0.007105986874481158
50.24210540000001 0.5913090376593714 0.00710598642129812
50.2921054 0.5913089192354323 0.007105985974589281
50.3421054 0.5913088025053796 0.007105985534270077
50.39210540000001 0.591308687447116 0.007105985100257146
50.4421054 0.5913085740388595 0.007105984672468324
50.49210540000001 0.5913084622591404 0.007105984250822619
50.5421054 0.5913083520867959 0.0071059838352402
50.5921054 0.5913082435009669 0.007105983425642379
50.64210540000001 0.5913081364810935 0.007105983021951598
50.6921054 0.591308031006911 0.007105982624091414
50.74210540000001 0.5913079270584463 0.007105982231986482
50.7921054 0.5913078246160135 0.007105981845562542
50.8421054 0.5913077236602108 0.007105981464746404
50.89210540000001 0.591307624171916 0.007105981089465935
50.9421054 0.591307526132283 0.007105980719650041
50.99210540000001 0.5913074295227387 0.007105980355228661
51.0421054 0.5913073343249786 0.007105979996132745
51.0921054 0.5913072405209637 0.007105979642294244
51.14210540000001 0.5913071480929172 0.007105979293646099
51.1921054 0.5913070570233201 0.007105978950122226
51.24210540000001 0.5913069672949089 0.007105978611657501
51.2921054 0.5913068788906719 0.007105978278187753
51.3421054 0.5913067917938456 0.007105977949649745
51.39210540000001 0.5913067059879117 0.007105977625981166
51.4421054 0.5913066214565939 0.007105977307120617
51.49210540000001 0.5913065381838546 0.007105976993007601
51.5421054 0.591306456153892 0.007105976683582511
51.5921054 0.5913063753511368 0.007105976378786614
51.64210540000001 0.5913062957602495 0.007105976078562047
51.6921054 0.5913062173661172 0.0071059757828518
51.74210540000001 0.5913061401538504 0.007105975491599708
51.7921054 0.5913060641087806 0.007105975204750434
51.8421054 0.5913059892164574 0.007105974922249472
51.89210540000001 0.5913059154626453 0.007105974644043122
51.9421054 0.5913058428333213 0.007105974370078484
51.99210540000001 0.5913057713146721 0.007105974100303453
52.0421054 0.5913057008930913 0.007105973834666702
52.0921054 0.5913056315551769 0.007105973573117675
52.14210540000001 0.5913055632877288 0.007105973315606579
52.1921054 0.5913054960777456 0.007105973062084372
52.24210540000001 0.5913054299124232 0.007105972812502751
52.2921054 0.5913053647791512 0.007105972566814149
52.3421054 0.591305300665511 0.007105972324971721
52.39210540000001 0.5913052375592734 0.007105972086929334
52.4421054 0.5913051754483961 0.007105971852641562
52.49210540000001 0.5913051143210213 0.007105971622063677
52.5421054 0.5913050541654734 0.007105971395151636
52.5921054 0.5913049949702571 0.007105971171862075
52.64210540000001 0.5913049367240547 0.007105970952152301
52.6921054 0.591304879415724 0.007105970735980286
52.74210540000001 0.5913048230342962 0.007105970523304652
52.7921054 0.5913047675689739 0.007105970314084669
52.8421054 0.5913047130091287 0.007105970108280246
52.89210540000001 0.5913046593442993 0.00710596990585192
52.9421054 0.5913046065641897 0.007105969706760851
52.99210540000001 0.5913045546586665 0.007105969510968818
53.0421054 0.5913045036177578 0.007105969318438201
53.0921054 0.5913044534316504 0.007105969129131987
53.14210540000001 0.5913044040906885 0.007105968943013749
53.1921054 0.5913043555853716 0.00710596876004765
53.24210540000001 0.5913043079063528 0.007105968580198433
53.2921054 0.5913042610444367 0.007105968403431411
53.3421054 0.5913042149905774 0.007105968229712462
53.39210540000001 0.5913041697358776 0.007105968059008022
53.4421054 0.5913041252715862 0.007105967891285082
53.49210540000001 0.5913040815890962 0.007105967726511174
53.5421054 0.5913040386799442 0.007105967564654374
53.5921054 0.5913039965358076 0.007105967405683286
53.64210540000001 0.5913039551485035 0.007105967249567044
53.6921054 0.5913039145099873 0.007105967096275302
53.74210540000001 0.5913038746123503 0.007105966945778227
53.7921054 0.5913038354478192 0.007105966798046498
53.8421054 0.5913037970087536 0.007105966653051292
53.89210540000001 0.5913037592876452 0.007105966510764289
53.9421054 0.5913037222771161 0.007105966371157656
53.99210540000001 0.5913036859699172 0.00710596623420405
54.0421054 0.5913036503589267 0.007105966099876606
54.0921054 0.5913036154371493 0.007105965968148936
54.14210540000001 0.5913035811977139 0.007105965838995122
54.1921054 0.5913035476338728 0.00710596571238971
54.24210540000001 0.5913035147390006 0.007105965588307708
54.2921054 0.5913034825065923 0.00710596546672458
54.3421054 0.5913034509302623 0.007105965347616236
54.39210540000001 0.591303420003743 0.007105965230959035
54.4421054 0.591303389720884 0.007105965116729776
54.49210540000001 0.5913033600756502 0.007105965004905695
54.5421054 0.591303331062121 0.007105964895464457
54.5921054 0.5913033026744889 0.007105964788384158
54.64210540000001 0.5913032749070589 0.007105964683643313
54.6921054 0.5913032477542465 0.007105964581220857
54.74210540000001 0.591303221210577 0.007105964481096139
54.7921054 0.5913031952706846 0.007105964383248919
54.8421054 0.5913031699293113 0.007105964287659363
54.89210540000001 0.5913031451813053 0.007105964194308036
54.9421054 0.5913031210216204 0.007105964103175905
54.99210540000001 0.5913030974453151 0.007105964014244328
55.0421054 0.591303074447551 0.007105963927495057
55.0921054 0.5913030520235927 0.007105963842910227
55.14210540000001 0.5913030301688058 0.007105963760472357
55.1921054 0.5913030088786571 0.007105963680164347
55.24210540000001 0.5913029881487126 0.007105963601969472
55.2921054 0.5913029679746373 0.007105963525871379
55.3421054 0.591302948352194 0.007105963451854086
55.39210540000001 0.5913029292772425 0.007105963379901973
55.4421054 0.5913029107457387 0.00710596330999979
55.49210540000001 0.5913028927537339 0.007105963242132637
55.5421054 0.5913028752973738 0.007105963176285977
55.5921054 0.5913028583728978 0.007105963112445624
55.64210540000001 0.5913028419766381 0.007105963050597745
55.6921054 0.5913028261050191 0.007105962990728848
55.74210540000001 0.5913028107545565 0.007105962932825794
55.7921054 0.5913027959218566 0.007105962876875781
55.8421054 0.5913027816036158 0.007105962822866345
55.89210540000001 0.5913027677966194 0.007105962770785361
55.9421054 0.5913027544977414 0.007105962720621038
55.99210540000001 0.5913027417039437 0.007105962672361914
56.0421054 0.5913027294122752 0.007105962625996861
56.0921054 0.5913027176198714 0.007105962581515069
56.14210540000001 0.5913027063239538 0.00710596253890606
56.1921054 0.5913026955218289 0.007105962498159674
56.24210540000001 0.5913026852108882 0.00710596245926607
56.2921054 0.5913026753886073 0.007105962422215726
56.3421054 0.5913026660525452 0.007105962386999435
56.39210540000001 0.591302657200344 0.007105962353608303
56.4421054 0.5913026488297283 0.007105962322033744
56.49210540000001 0.5913026409385045 0.007105962292267488
56.5421054 0.5913026335245607 0.007105962264301565
56.5921054 0.5913026265858656 0.007105962238128317
56.64210540000001 0.5913026201204686 0.007105962213740381
56.6921054 0.5913026141264991 0.007105962191130703
56.74210540000001 0.591302608602166 0.007105962170292527
56.7921054 0.5913026035457573 0.007105962151219395
56.8421054 0.5913025989556396 0.007105962133905148
56.89210540000001 0.5913025948302582 0.007105962118343917
56.9421054 0.5913025911681355 0.007105962104530131
56.99210540000001 0.5913025879678724 0.007105962092458513
57.0421054 0.591302585228146 0.007105962082124071
57.0921054 0.591302582947711 0.00710596207352211
57.14210540000001 0.5913025811253979 0.007105962066648216
57.1921054 0.5913025797601137 0.007105962061498268
57.24210540000001 0.5913025788508409 0.007105962058068427
57.2921054 0.5913025783966379 0.007105962056355141
57.3421054 0.5913025783966379 0.007105962056355141
