7.6052632 5.184088344706046 0.5372241400065125
7.655263199999999 5.017851432331034 0.4549515267297506
7.705263199999999 4.863776527337439 0.3899941672279021
7.7552632 4.720252610510039 0.3378586751696372
7.8052632 4.585975716721097 0.2954132620988736
7.8552632 4.459875167746932 0.2604222937270865
7.905263199999999 4.341060712516585 0.2312561402972751
7.955263199999999 4.22878384783222 0.2067048132793261
8.0052632 4.122408988167706 0.1858550760963407
8.055263199999999 4.021391621322927 0.1680075001979258
8.1052632 3.925261512606299 0.1526193059911218
8.1552632 3.833609619150077 0.1392642303662359
8.205263199999999 3.746077772296078 0.1276038696280565
8.2552632 3.662350453673549 0.1173669008696182
8.305263199999999 3.582148174761073 0.1083338040182628
8.3552632 3.505222098585385 0.1003254838473472
8.4052632 3.43134963376778 0.09319469626828343
8.455263199999999 3.36033079710511 0.08681951734984744
8.5052632 3.291985189035032 0.08109831823931073
8.555263199999999 3.22614946191742 0.07594586261154936
8.6052632 3.16267518764504 0.07129024953306325
8.6552632 3.10142705115915 0.06707049917383079
8.705263199999999 3.042281311734487 0.06323463173384655
8.7552632 2.985124485653678 0.05973812796580837
8.805263199999999 2.929852213006368 0.05654268726573995
8.8552632 2.876368278471922 0.05361521952723596
8.9052632 2.824583761553168 0.05092702191786578
8.955263199999999 2.774416296175123 0.04845310290405571
9.0052632 2.72578942311122 0.04617162425514753
9.055263199999999 2.678632021549067 0.04406343813161136
9.1052632 2.632877808409438 0.04211170123274306
9.1552632 2.588464895901784 0.0403015517265369
9.205263199999999 2.545335399326158 0.03861983758691039
9.2552632 2.503435088384331 0.03705488722576594
9.305263199999999 2.462713076295985 0.03559631508130113
9.3552632 2.423121541871748 0.03423485622292273
9.4052632 2.384615480406812 0.03296222514236515
9.455263199999999 2.347152479853846 0.03177099478474053
9.5052632 2.310692519232826 0.03065449258144782
9.555263199999999 2.275197786655565 0.02960671081685388
9.6052632 2.240632514697776 0.02862222912149544
9.6552632 2.20696283115252 0.02769614725876789
9.705263199999999 2.17415662345512 0.02682402667722021
9.7552632 2.142183415288224 0.02600183955041297
9.805263199999999 2.111014254062979 0.02522592423163633
9.8552632 2.080621608133033 0.0244929462201806
9.9052632 2.050979272736581 0.02379986387609533
9.955263199999999 2.022062283781288 0.02314389823688217
10.0052632 1.993846838690438 0.02252250638667808
10.0552632 1.966310223618636 0.02193335790969093
10.1052632 1.939430746423605 0.02137431402776128
10.1552632 1.913187674848894 0.0208434090792262
10.2052632 1.887561179432035 0.02033883404460692
10.2552632 1.862532280704988 0.01985892186554604
10.3052632 1.838082800299672 0.01940213433812046
10.3552632 1.81419531561183 0.01896705039117138
10.4052632 1.790853117712152 0.01855235558546057
10.4552632 1.768040172225092 0.01815683269097576
10.5052632 1.745741082923728 0.01777935321814153
10.5552632 1.723941057813793 0.01741886979452326
10.6052632 1.702625877501959 0.0170744092922377
10.6552632 1.681781865663098 0.01674506662303777
10.7052632 1.661395861438657 0.01642999912819951
10.7552632 1.641455193613918 0.0161284214991399
10.8052632 1.621947656435845 0.01583960117233223
10.8552632 1.602861486945751 0.01556285414872824
10.9052632 1.584185343712204 0.01529754119368311
10.9552632 1.565908286859708 0.01504306437842971
11.0052632 1.548019759297771 0.01479886392856599
11.0552632 1.530509569063113 0.01456441534888676
11.1052632 1.513367872695218 0.01433922679728591
11.1552632 1.496585159572051 0.01412283668343752
11.2052632 1.480152237138822 0.01391481147059028
11.2552632 1.464060216968171 0.01371474366112402
11.3052632 1.448300501595067 0.0135222499485616
11.3552632 1.432864772074283 0.01333696952053651
11.4052632 1.417744976212359 0.01315856249881718
11.4552632 1.402933317429725 0.01298670850390886
11.5052632 1.388422244212067 0.0128211053330141
11.5552632 1.374204440113105 0.01266146774125434
11.6052632 1.360272814273809 0.01250752631705318
11.6552632 1.346620492425662 0.01235902644347201
11.7052632 1.333240808347961 0.01221572733808343
11.7552632 1.320127295751327 0.01207740116467792
11.8052632 1.307273680561586 0.01194383221073514
11.8552632 1.29467387358002 0.01181481612516062
11.9052632 1.282321963497674 0.01169015921129961
11.9552632 1.270212210242953 0.01156967777069856
12.0052632 1.258339038643172 0.01145319749349742
12.0552632 1.246697032382041 0.01134055289170705
12.1052632 1.235280928236267 0.01123158677196074
12.1552632 1.224085610575598 0.01112614974463038
12.2052632 1.213106106111646 0.01102409976647047
12.2552632 1.202337578881794 0.01092530171419921
12.3052632 1.191775325455383 0.01082962698664871
12.3552632 1.181414770350182 0.01073695313331825
12.4052632 1.171251461647915 0.01064716350734695
12.4552632 1.16128106679831 0.01056014694108862
12.5052632 1.15149936860182 0.01047579744262171
12.5552632 1.141902261361724 0.01039401391166464
12.6052632 1.13248574719694 0.01031469987349086
12.6552632 1.123245932507355 0.01023776322955193
12.7052632 1.114179024583999 0.0101631160236198
12.7552632 1.105281328356837 0.01009067422235401
12.8052632 1.096549243273367 0.01002035750928544
12.8552632 1.087979260301633 0.009952089091286828
12.9052632 1.0795679590516 0.009885795516672267
12.9552632 1.071312005009208 0.009821406504133415
13.0052632 1.063208146877737 0.009758854781780537
13.0552632 1.055253214021417 0.00969807593561159
13.1052632 1.047444114006483 0.009639008266783145
13.1552632 1.039777830235181 0.009581592657103346
13.2052632 1.032251419668426 0.009525772442209838
13.2552632 1.024862010633086 0.009471493291934616
13.3052632 1.017606800710063 0.009418703097393934
13.3552632 1.010483054699551 0.009367351864374467
13.4052632 1.003488102660042 0.009317391612617519
13.4552632 0.9966193380178358 0.009268776280631172
13.5052632 0.9898742157439648 0.009221461635686237
13.5552632 0.9832502505956267 0.009175405188675788
13.6052632 0.9767450154193401 0.009130566113540222
13.6552632 0.9703561395132025 0.009086905170980111
13.7052632 0.9640813070457473 0.009044384636198121
13.7552632 0.9579182555290298 0.0090029682304286
13.8052632 0.9518647743436839 0.008962621056029713
13.8552632 0.9459187033138083 0.008923309534927882
13.9052632 0.9400779313296388 0.008885001350218261
13.9552632 0.9343403950160674 0.008847665390737693
14.0052632 0.92870407744516 0.008811271698438684
14.0552632 0.9231670068909135 0.008775791418403876
14.1052632 0.9177272556245731 0.008741196751350861
14.1552632 0.9123829387489159 0.008707460908486703
14.2052632 0.9071322130699732 0.008674558068580402
14.2552632 0.9019732760047426 0.008642463337129877
14.3052632 0.8969043645235002 0.008611152707507595
14.3552632 0.8919237541253917 0.008580603023976322
14.4052632 0.8870297578460391 0.008550791946472944
14.4552632 0.882220725295956 0.008521697917064697
14.5052632 0.8774950417286179 0.008493300127987833
14.5552632 0.8728511271370891 0.008465578491184213
14.6052632 0.8682874353781483 0.008438513609256348
14.6552632 0.8638024533229095 0.008412086747766155
14.7052632 0.8593947000329721 0.008386279808807044
14.7552632 0.8550627259611799 0.008361075305783148
14.8052632 0.850805112176104 0.008336456339333304
14.8552632 0.8466204696094062 0.008312406574341029
14.9052632 0.8425074383252722 0.008288910217975082
14.9552632 0.8384646868111391 0.008265951998708401
15.0052632 0.8344909112889728 0.008243517146266123
15.0552632 0.8305848350463841 0.008221591372456221
15.1052632 0.826745207786898 0.008200160852838834
15.1552632 0.822970804998721 0.008179212209192854
15.2052632 0.8192604273413783 0.0081587324927406
15.2552632 0.8156129000496142 0.008138709168093587
15.3052632 0.8120270723539793 0.008119130097884363
15.3552632 0.8085018169175447 0.008099983528051368
15.4052632 0.8050360292882099 0.008081258073745465
15.4552632 0.8016286273660889 0.008062942705828528
15.5052632 0.7982785508854831 0.008045026737936029
15.5552632 0.7949847609109633 0.008027499814077084
15.6052632 0.791746239347106 0.008010351896746733
15.6552632 0.7885619884614438 0.007993573255526635
15.7052632 0.7854310304202081 0.007977154456151579
15.7552632 0.782352406836457 0.007961086350020324
15.8052632 0.7793251783301968 0.007945360064130467
15.8552632 0.7763484241001208 0.007929966991417995
15.9052632 0.7734212415066032 0.007914898781483248
15.9552632 0.7705427456655958 0.007900147331685845
16.0052632 0.7677120690530946 0.007885704778592089
16.0552632 0.7649283611198489 0.007871563489759134
16.1052632 0.7621907879160009 0.007857716055840992
16.1552632 0.7594985317253555 0.007844155283002231
16.2052632 0.756850790708987 0.007830874185625811
16.2552632 0.7542467785579046 0.007817865979302329
16.3052632 0.7516857241545053 0.007805124074088362
16.3552632 0.7491668712425528 0.007792642068022403
16.4052632 0.7466894781054298 0.007780413740887229
16.4552632 0.7442528172524233 0.00776843304820826
16.5052632 0.7418561751128037 0.007756694115477837
16.5552632 0.7394988517374749 0.007745191232595874
16.6052632 0.7371801605079746 0.00773391884851779
16.6552632 0.7348994278526123 0.007722871566101042
16.7052632 0.7326559929695422 0.007712044137141973
16.7552632 0.7304492075565726 0.007701431457595113
16.8052632 0.7282784355475203 0.007691028562967369
16.8552632 0.726143052854926 0.007680830623879973
16.9052632 0.724042447118952 0.007670832941791281
16.9552632 0.721976017462289 0.007661030944873921
17.0052632 0.7199431742509046 0.007651420184040032
17.0552632 0.7179433388604733 0.00764199632910861
17.1052632 0.7159759434483303 0.007632755165109311
17.1552632 0.7140404307307966 0.007623692588717195
17.2052632 0.7121362537657316 0.007614804604813279
17.2552632 0.7102628757401693 0.007606087323165868
17.3052632 0.7084197697629003 0.007597536955227958
17.3552632 0.7066064186618677 0.007589149811046106
17.4052632 0.7048223147862474 0.007580922296276475
17.4552632 0.7030669598130881 0.007572850909303852
17.5052632 0.7013398645583888 0.007564932238459663
17.5552632 0.699640548792498 0.007557162959335196
17.6052632 0.6979685410597204 0.007549539832186343
17.6552632 0.6963233785020191 0.007542059699426406
17.7052632 0.69470460668671 0.007534719483203591
17.7552632 0.6931117794380406 0.007527516183060004
17.8052632 0.6915444586725561 0.007520446873669065
17.8552632 0.6900022142381526 0.007513508702648405
17.9052632 0.6884846237567244 0.007506698888445414
17.9552632 0.686991272470313 0.007500014718292753
18.0052632 0.6855217530906685 0.007493453546231221
18.0552632 0.6840756656521376 0.007487012791197506
18.1052632 0.6826526173677928 0.007480689935174413
18.1552632 0.6812522224887232 0.007474482521401304
18.2052632 0.6798741021664059 0.007468388152642547
18.2552632 0.6785178843180825 0.007462404489511866
18.3052632 0.6771832034950648 0.007456529248850549
18.3552632 0.6758697007538985 0.007450760202157639
18.4052632 0.6745770235303136 0.007445095174070148
18.4552632 0.6733048255158921 0.007439532040891591
18.5052632 0.6720527665373897 0.00743406872916707
18.5552632 0.670820512438642 0.007428703214303273
18.6052632 0.6696077349649975 0.007423433519231805
18.6552632 0.6684141116502111 0.007418257713114312
18.7052632 0.6672393257057445 0.007413173910087952
18.7552632 0.6660830659124095 0.007408180268049786
18.8052632 0.6649450265143033 0.007403274987478748
18.8552632 0.6638249071149778 0.007398456310293884
18.9052632 0.6627224125757912 0.007393722518747606
18.9552632 0.6616372529163902 0.007389071934352769
19.0052632 0.6605691432172716 0.007384502916842399
19.0552632 0.6595178035243752 0.007380013863160957
19.1052632 0.6584829587556602 0.007375603206486078
19.1552632 0.6574643386096189 0.007371269415279741
19.2052632 0.6564616774756813 0.007367010992367883
19.2552632 0.6554747143464685 0.007362826474047492
19.3052632 0.6545031927318516 0.00735871442922027
19.3552632 0.6535468605747728 0.007354673458551965
19.4052632 0.6526054701687909 0.007350702193656524
19.4552632 0.6516787780773096 0.007346799296304255
19.5052632 0.6507665450544509 0.00734296345765318
19.5552632 0.6498685359675362 0.007339193397502838
19.6052632 0.6489845197211387 0.00733548786356979
19.6552632 0.6481142691826705 0.007331845630784124
19.7052632 0.6472575611094711 0.007328265500606257
19.7552632 0.6464141760773636 0.007324746300363416
19.8052632 0.6455838984106442 0.00732128688260511
19.8552632 0.6447665161134736 0.007317886124477017
19.9052632 0.6439618208026404 0.007314542927112689
19.9552632 0.6431696076416642 0.007311256215042483
20.0052632 0.6423896752762089 0.007308024935619208
20.0552632 0.6416218257707792 0.007304848058459912
20.1052632 0.6408658645466686 0.007301724574903336
20.1552632 0.6401216003211352 0.00729865349748251
20.2052632 0.6393888450477754 0.00729563385941204
20.2552632 0.6386674138580709 0.007292664714089612
20.3052632 0.637957125004083 0.007289745134611265
20.3552632 0.6372577998022693 0.007286874213300015
20.4052632 0.6365692625783982 0.007284051061247416
20.4552632 0.6358913406135385 0.00728127480786764
20.5052632 0.6352238640910993 0.007278544600463717
20.5552632 0.634566666044899 0.007275859603805538
20.6052632 0.6339195823082407 0.007273218999719276
20.6552632 0.6332824514639732 0.007270621986687875
20.7052632 0.6326551147955148 0.00726806777946225
20.7552632 0.632037416238822 0.007265555608682916
20.8052632 0.6314292023352808 0.007263084720511678
20.8552632 0.6308303221855023 0.007260654376273134
20.9052632 0.6302406274040036 0.007258263852105646
20.9552632 0.6296599720747541 0.00725591243862153
21.0052632 0.6290882127075709 0.007253599440576179
21.0552632 0.6285252081953433 0.007251324176545854
21.1052632 0.6279708197720717 0.007249085978613885
21.1552632 0.6274249109717014 0.007246884192065031
21.2052632 0.6268873475877363 0.007244718175087776
21.2552632 0.6263579976336162 0.007242587298484301
21.3052632 0.6258367313038409 0.007240490945387932
21.3552632 0.6253234209358272 0.007238428510987839
21.4052632 0.6248179409724822 0.007236399402260758
21.4552632 0.6243201679254795 0.007234403037709571
21.5052632 0.6238299803392224 0.007232438847108504
21.5552632 0.623347258755482 0.007230506271254782
21.6052632 0.6228718856786947 0.007228604761726549
21.6552632 0.6224037455419057 0.007226733780646859
21.7052632 0.6219427246733481 0.007224892800453595
21.7552632 0.6214887112636398 0.007223081303675117
21.8052632 0.6210415953335908 0.007221298782711497
21.8552632 0.620601268702605 0.007219544739621173
21.9052632 0.6201676249576664 0.007217818685912885
21.9552632 0.6197405594228972 0.00721612014234272
22.0052632 0.6193199691296765 0.007214448638716143
22.0552632 0.6189057527873082 0.007212803713694879
22.1052632 0.6184978107542279 0.007211184914608487
22.1552632 0.618096045009737 0.007209591797270523
22.2052632 0.617700359126254 0.007208023925799152
22.2552632 0.617310658242073 0.007206480872442087
22.3052632 0.6169268490346189 0.007204962217405741
22.3552632 0.6165488396941898 0.007203467548688474
22.4052632 0.616176539898177 0.007201996461917821
22.4552632 0.6158098607857524 0.007200548560191609
22.5052632 0.6154487149330158 0.007199123453922829
22.5552632 0.6150930163285915 0.007197720760688191
22.6052632 0.6147426803496657 0.007196340105080244
22.6552632 0.6143976237384571 0.007194981118562973
22.7052632 0.6140577645791111 0.007193643439330789
22.7552632 0.6137230222750097 0.007192326712170792
22.8052632 0.6133933175264895 0.007191030588328259
22.8552632 0.6130685723089591 0.007189754725375247
22.9052632 0.6127487098514088 0.007188498787082236
22.9552632 0.612433654615305 0.007187262443292723
23.0052632 0.6121233322738612 0.007186045369800713
23.0552632 0.6118176696916794 0.007184847248231011
23.1052632 0.6115165949047536 0.007183667765922233
23.1552632 0.6112200371008298 0.00718250661581251
23.2052632 0.610927926600115 0.007181363496327759
23.2552632 0.6106401948363269 0.007180238111272491
23.3052632 0.6103567743380822 0.007179130169723086
23.3552632 0.6100775987106118 0.007178039385923463
23.4052632 0.6098026026178006 0.007176965479183086
23.4552632 0.6095317217645432 0.007175908173777255
23.5052632 0.6092648928794119 0.007174867198849608
23.5552632 0.6090020536976291 0.007173842288316804
23.6052632 0.6087431429443385 0.007172833180775295
23.6552632 0.6084881003181716 0.007171839619410175
23.7052632 0.6082368664751007 0.007170861351906022
23.7552632 0.6079893830125759 0.007169898130359702
23.8052632 0.6077455924539391 0.007168949711195078
23.8552632 0.6075054382331103 0.007168015855079575
23.9052632 0.6072688646795416 0.007167096326842569
23.9552632 0.6070358170034323 0.007166190895395533
24.0052632 0.6068062412812031 0.007165299333653919
24.0552632 0.6065800844412206 0.007164421418460709
24.1052632 0.6063572942497719 0.007163556930511628
24.1552632 0.6061378192972816 0.007162705654281947
24.2052632 0.6059216089847665 0.007161867377954842
24.2552632 0.6057086135105267 0.007161041893351296
24.3052632 0.6054987838570651 0.007160228995861478
24.3552632 0.6052920717782335 0.007159428484377577
24.4052632 0.6050884297865999 0.007158640161228058
24.4552632 0.6048878111410342 0.007157863832113294
24.5052632 0.6046901698345061 0.007157099306042559
24.5552632 0.604495460582094 0.00715634639527233
24.6052632 0.6043036388091994 0.007155604915245884
24.6552632 0.6041146606399626 0.007154874684534148
24.7052632 0.603928482885878 0.00715415552477779
24.7552632 0.6037450630346034 0.007153447260630481
24.8052632 0.6035643592389605 0.007152749719703353
24.8552632 0.6033863303061233 0.007152062732510593
24.9052632 0.6032109356869921 0.007151386132416151
24.9552632 0.6030381354657459 0.007150719755581542
25.0052632 0.602867890349575 0.007150063440914714
25.0552632 0.602700161658587 0.007149417030019953
25.1052632 0.6025349113158843 0.007148780367148813
25.1552632 0.6023721018378103 0.007148153299152032
25.2052632 0.6022116963243603 0.007147535675432422
25.2552632 0.6020536584497554 0.007146927347898712
25.3052632 0.6018979524531752 0.007146328170920315
25.3552632 0.6017445431296472 0.007145738001283002
25.4052632 0.6015933958210906 0.00714515669814546
25.4552632 0.6014444764075101 0.007144584122996719
25.5052632 0.6012977512983385 0.007144020139614431
25.5552632 0.6011531874239253 0.007143464614023957
25.6052632 0.6010107522271679 0.007142917414458293
25.6552632 0.6008704136552834 0.007142378411318759
25.7052632 0.6007321401517185 0.007141847477136483
25.7552632 0.6005959006481952 0.007141324486534625
25.8052632 0.6004616645568897 0.007140809316191351
25.8552632 0.6003294017627415 0.007140301844803535
25.9052632 0.6001990826158919 0.007139801953051145
25.9552632 0.6000706779242483 0.007139309523562356
26.0052632 0.5999441589461724 0.007138824440879311
26.0552632 0.5998194973832908 0.007138346591424558
26.1052632 0.5996966653734248 0.007137875863468134
26.1552632 0.5995756354836382 0.007137412147095278
26.2052632 0.5994563807034002 0.007136955334174773
26.2552632 0.5993388744378624 0.007136505318327883
26.3052632 0.5992230905012464 0.007136061994897894
26.3552632 0.5991090031103429 0.007135625260920235
26.4052632 0.5989965868781159 0.00713519501509316
26.4552632 0.5988858168074146 0.007134771157748998
26.5052632 0.5987766682847891 0.00713435359082594
26.5552632 0.5986691170744073 0.007133942217840359
26.6052632 0.5985631393120726 0.007133536943859658
26.6552632 0.5984587114993412 0.007133137675475625
26.7052632 0.5983558104977345 0.007132744320778289
26.7552632 0.5982544135230485 0.007132356789330265
26.8052632 0.5981544981397562 0.007131974992141582
26.8552632 0.5980560422555009 0.007131598841644977
26.9052632 0.5979590241156819 0.00713122825167165
26.9552632 0.5978634222981276 0.00713086313742747
27.0052632 0.5977692157078561 0.007130503415469625
27.0552632 0.5976763835719225 0.007130149003683695
27.1052632 0.5975849054343492 0.007129799821261157
27.1552632 0.5974947611511399 0.007129455788677304
27.2052632 0.5974059308853753 0.007129116827669564
27.2552632 0.5973183951023884 0.007128782861216218
27.3052632 0.5972321345650183 0.007128453813515519
27.3552632 0.5971471303289421 0.007128129609965169
27.4052632 0.5970633637380819 0.007127810177142196
27.4552632 0.5969808164200878 0.007127495442783183
27.5052632 0.5968994702818932 0.007127185335764855
27.5552632 0.5968193075053422 0.007126879786085026
27.6052632 0.5967403105428898 0.007126578724843882
27.6552632 0.5966624621133694 0.007126282084225609
27.7052632 0.5965857451978309 0.00712598979748035
27.7552632 0.5965101430354453 0.007125701798906483
27.8052632 0.5964356391194752 0.007125418023833217
27.8552632 0.5963622171933116 0.007125138408603515
27.9052632 0.5962898612465743 0.007124862890557295
27.9552632 0.5962185555112748 0.007124591408014956
28.0052632 0.5961482844580412 0.007124323900261181
28.0552632 0.5960790327924052 0.007124060307529041
28.1052632 0.5960107854511471 0.00712380057098437
28.1552632 0.5959435275987011 0.007123544632710425
28.2052632 0.595877244623618 0.007123292435692806
28.2552632 0.5958119221350844 0.007123043923804665
28.3052632 0.5957475459594983 0.007122799041792146
28.3552632 0.5956841021370995 0.007122557735260104
28.4052632 0.5956215769186542 0.007122319950658068
28.4552632 0.5955599567621929 0.007122085635266443
28.5052632 0.5954992283297997 0.007121854737182966
28.5552632 0.5954393784844546 0.007121627205309389
28.6052632 0.5953803942869246 0.007121402989338397
28.6552632 0.5953222629927057 0.00712118203974076
28.7052632 0.5952649720490139 0.007120964307752694
28.7552632 0.5952085090918225 0.007120749745363461
28.8052632 0.5951528619429493 0.00712053830530316
28.8552632 0.5950980186071879 0.007120329941030761
28.9052632 0.5950439672694865 0.007120124606722305
28.9552632 0.5949906962921704 0.007119922257259349
29.0052632 0.5949381942122089 0.007119722848217578
29.0552632 0.5948864497385272 0.007119526335855634
29.1052632 0.594835451749358 0.007119332677104124
29.1552632 0.5947851892896385 0.007119141829554819
29.2052632 0.5947356515684464 0.007118953751450045
29.2552632 0.5946868279564775 0.007118768401672244
29.3052632 0.5946387079835633 0.007118585739733724
29.3552632 0.5945912813362276 0.007118405725766577
29.4052632 0.5945445378552822 0.007118228320512765
29.4552632 0.5944984675334601 0.007118053485314389
29.5052632 0.5944530605130873 0.007117881182104106
29.5552632 0.5944083070837894 0.007117711373395717
29.6052632 0.5943641976802366 0.007117544022274916
29.6552632 0.5943207228799227 0.007117379092390192
29.7052632 0.5942778734009799 0.007117216547943879
29.7552632 0.5942356401000285 0.007117056353683372
29.8052632 0.5941940139700588 0.007116898474892469
29.8552632 0.5941529861383482 0.007116742877382883
29.9052632 0.5941125478644103 0.007116589527485877
29.9552632 0.5940726905379758 0.007116438392044047
30.0052632 0.5940334056770065 0.007116289438403239
30.0552632 0.5939946849257386 0.007116142634404608
30.1052632 0.5939565200527587 0.007115997948376807
30.1552632 0.5939189029491084 0.007115855349128293
30.2052632 0.5938818256264196 0.007115714805939786
30.2552632 0.5938452802150787 0.007115576288556827
30.3052632 0.5938092589624193 0.007115439767182481
30.3552632 0.593773754230944 0.007115305212470146
30.4052632 0.593738758496573 0.007115172595516493
30.4552632 0.5937042643469207 0.007115041887854508
30.5052632 0.5936702644795995 0.007114913061446663
30.5552632 0.5936367517005491 0.0071147860886782
30.6052632 0.5936037189223931 0.007114660942350502
30.6552632 0.5935711591628202 0.007114537595674612
30.7052632 0.5935390655429915 0.007114416022264821
30.7552632 0.5935074312859719 0.007114296196132387
30.8052632 0.5934762497151864 0.007114178091679342
30.8552632 0.5934455142529004 0.00711406168369241
30.9052632 0.593415218418723 0.007113946947337015
30.9552632 0.5933853558281352 0.007113833858151401
31.0052632 0.5933559201910389 0.007113722392040828
31.0552632 0.5933269053103299 0.007113612525271886
31.1052632 0.5932983050804926 0.007113504234466877
31.1552632 0.5932701134862165 0.007113397496598312
31.2052632 0.5932423246010341 0.007113292288983476
31.2552632 0.5932149325859801 0.007113188589279102
31.3052632 0.5931879316882712 0.007113086375476111
31.3552632 0.5931613162400066 0.00711298562589445
31.4052632 0.593135080656888 0.007112886319178015
31.4552632 0.5931092194369607 0.007112788434289644
31.5052632 0.5930837271593725 0.007112691950506205
31.5552632 0.5930585984831531 0.00711259684741375
31.6052632 0.5930338281460114 0.007112503104902758
31.6552632 0.5930094109631522 0.007112410703163446
31.7052632 0.5929853418261107 0.007112319622681168
31.7552632 0.5929616157016053 0.007112229844231865
31.8052632 0.5929382276304076 0.007112141348877618
31.8552632 0.5929151727262298 0.007112054117962244
31.9052632 0.5928924461746302 0.007111968133106979
31.9552632 0.5928700432319344 0.007111883376206232
32.0052632 0.5928479592241734 0.007111799829423391
32.0552632 0.5928261895460391 0.007111717475186713
32.1052632 0.5928047296598535 0.007111636296185267
32.1552632 0.5927835750945568 0.007111556275364956
32.2052632 0.5927627214447083 0.007111477395924581
32.2552632 0.5927421643695041 0.00711139964131199
32.3052632 0.5927218995918097 0.007111322995220274
32.3552632 0.5927019228972069 0.007111247441584027
32.4052632 0.5926822301330567 0.007111172964575671
32.4552632 0.5926628172075739 0.007111099548601824
32.5052632 0.592643680088919 0.007111027178299746
32.5552632 0.5926248148043018 0.007110955838533826
32.6052632 0.5926062174391 0.007110885514392129
32.6552632 0.5925878841359897 0.007110816191182999
32.7052632 0.5925698110940912 0.007110747854431714
32.7552632 0.5925519945681268 0.007110680489877197
32.8052632 0.5925344308675908 0.00711061408346877
32.8552632 0.5925171163559337 0.007110548621362969
32.9052632 0.5925000474497578 0.00711048408992041
32.9552632 0.5924832206180249 0.007110420475702686
33.0052632 0.5924666323812772 0.007110357765469338
33.0552632 0.5924502793108689 0.007110295946174861
33.1052632 0.5924341580282102 0.00711023500496575
33.1552632 0.5924182652040224 0.007110174929177605
33.2052632 0.5924025975576049 0.007110115706332278
33.2552632 0.5923871518561128 0.007110057324135058
33.3052632 0.592371924913845 0.007109999770471904
33.3552632 0.5923569135915452 0.007109943033406733
33.4052632 0.5923421147957108 0.00710988710117872
33.4552632 0.5923275254779141 0.00710983196219968
33.5052632 0.5923131426341337 0.007109777605051452
33.5552632 0.5922989633040949 0.007109724018483356
33.6052632 0.5922849845706216 0.007109671191409667
33.6552632 0.5922712035589967 0.007109619112907138
33.7052632 0.5922576174363332 0.007109567772212564
33.7552632 0.5922442234109541 0.007109517158720369
33.8052632 0.592231018731782 0.00710946726198026
33.8552632 0.5922180006877383 0.007109418071694878
33.9052632 0.5922051666071509 0.007109369577717522
33.9552632 0.592192513857171 0.007109321770049881
34.0052632 0.5921800398431988 0.00710927463883982
34.0552632 0.592167742008318 0.007109228174379187
34.1052632 0.5921556178327388 0.007109182367101665
34.1552632 0.5921436648332492 0.007109137207580645
34.2052632 0.5921318805626744 0.007109092686527143
34.2552632 0.5921202626093446 0.007109048794787744
34.3052632 0.5921088085965712 0.007109005523342574
34.3552632 0.5920975161821301 0.007108962863303312
34.4052632 0.5920863830577534 0.007108920805911226
34.4552632 0.5920754069486283 0.007108879342535243
34.5052632 0.592064585612904 0.007108838464670038
34.5552632 0.5920539168412058 0.007108798163934173
34.6052632 0.5920433984561564 0.007108758432068247
34.6552632 0.5920330283119047 0.00710871926093308
34.7052632 0.5920228042936615 0.007108680642507921
34.7552632 0.5920127243172417 0.007108642568888695
34.8052632 0.5920027863286147 0.007108605032286262
34.8552632 0.59199298830346 0.007108568025024712
34.9052632 0.5919833282467305 0.007108531539539688
34.9552632 0.5919738041922221 0.007108495568376722
35.0052632 0.5919644142021495 0.007108460104189611
35.0552632 0.5919551563667289 0.007108425139738807
35.1052632 0.591946028803766 0.007108390667889841
35.1552632 0.5919370296582513 0.007108356681611762
35.2052632 0.5919281571019611 0.007108323173975603
35.2552632 0.5919194093330636 0.007108290138152878
35.3052632 0.5919107845757323 0.007108257567414083
35.3552632 0.5919022810797644 0.007108225455127246
35.4052632 0.5918938971202046 0.007108193794756471
35.4552632 0.5918856309969754 0.007108162579860531
35.5052632 0.5918774810345123 0.007108131804091455
35.5552632 0.5918694455814046 0.007108101461193166
35.6052632 0.5918615230100416 0.00710807154500011
35.6552632 0.5918537117162639 0.007108042049435929
35.7052632 0.5918460101190204 0.007108012968512144
35.7552632 0.5918384166600299 0.007107984296326857
35.8052632 0.591830929803448 0.007107956027063475
35.8552632 0.5918235480355386 0.007107928154989456
35.9052632 0.5918162698643511 0.007107900674455063
35.9552632 0.5918090938194016 0.007107873579892157
36.0052632 0.5918020184513592 0.007107846865812985
36.0552632 0.591795042331737 0.007107820526809005
36.1052632 0.5917881640525874 0.007107794557549714
36.1552632 0.5917813822262026 0.007107768952781509
36.2052632 0.5917746954848185 0.007107743707326546
36.2552632 0.5917681024803244 0.007107718816081639
36.3052632 0.5917616018839755 0.007107694274017156
36.3552632 0.5917551923861106 0.007107670076175936
36.4052632 0.5917488726958743 0.007107646217672242
36.4552632 0.5917426415409421 0.007107622693690689
36.5052632 0.5917364976672509 0.007107599499485234
36.5552632 0.5917304398387324 0.007107576630378143
36.6052632 0.5917244668370514 0.007107554081759005
36.6552632 0.5917185774613473 0.007107531849083733
36.7052632 0.5917127705279795 0.0071075099278736
36.7552632 0.5917070448702775 0.007107488313714277
36.8052632 0.5917013993382928 0.007107467002254897
36.8552632 0.5916958327985568 0.007107445989207123
36.9052632 0.5916903441338401 0.007107425270344231
36.9552632 0.5916849322429174 0.007107404841500214
37.0052632 0.5916795960403337 0.007107384698568893
37.0552632 0.591674334456176 0.007107364837503041
37.1052632 0.5916691464358472 0.007107345254313522
37.1552632 0.5916640309398437 0.007107325945068448
37.2052632 0.5916589869435357 0.007107306905892339
37.2552632 0.5916540134369522 0.007107288132965299
37.3052632 0.5916491094245677 0.007107269622522208
37.3552632 0.5916442739250924 0.007107251370851921
37.4052632 0.591639505971266 0.007107233374296486
37.4552632 0.5916348046096541 0.007107215629250363
37.5052632 0.5916301689004478 0.00710719813215966
37.5552632 0.5916255979172662 0.007107180879521389
37.6052632 0.5916210907469616 0.007107163867882717
37.6552632 0.5916166464894281 0.007107147093840239
37.7052632 0.5916122642574126 0.007107130554039259
37.7552632 0.5916079431763284 0.007107114245173079
37.8052632 0.5916036823840719 0.007107098163982309
37.8552632 0.5915994810308425 0.007107082307254165
37.9052632 0.5915953382789635 0.00710706667182181
37.9552632 0.5915912533027076 0.007107051254563667
38.0052632 0.5915872252881237 0.007107036052402778
38.0552632 0.5915832534328667 0.007107021062306149
38.1052632 0.5915793369460296 0.00710700628128411
38.1552632 0.5915754750479786 0.007106991706389692
38.2052632 0.5915716669701894 0.007106977334718003
38.2552632 0.5915679119550874 0.00710696316340562
38.3052632 0.5915642092558896 0.007106949189629986
38.3552632 0.591560558136448 0.007106935410608821
38.4052632 0.5915569578710972 0.007106921823599536
38.4552632 0.5915534077445019 0.007106908425898657
38.5052632 0.5915499070515089 0.007106895214841262
38.5552632 0.5915464550969997 0.007106882187800419
38.6052632 0.5915430511957457 0.007106869342186642
38.6552632 0.5915396946722659 0.00710685667544734
38.7052632 0.591536384860686 0.007106844185066294
38.7552632 0.5915331211046007 0.007106831868563123
38.8052632 0.5915299027569362 0.00710681972349277
38.8552632 0.5915267291798166 0.00710680774744499
38.9052632 0.5915235997444312 0.007106795938043847
38.9552632 0.591520513830904 0.007106784292947219
39.0052632 0.5915174708281644 0.00710677280984631
39.0552632 0.591514470133822 0.007106761486465169
39.1052632 0.59151151115404 0.007106750320560211
39.1552632 0.5915085933034134 0.007106739309919763
39.2052632 0.5915057160048472 0.007106728452363585
39.2552632 0.5915028786894371 0.007106717745742436
39.3052632 0.5915000807963511 0.00710670718793761
39.3552632 0.5914973217727146 0.007106696776860509
39.4052632 0.5914946010734953 0.007106686510452203
39.4552632 0.5914919181613907 0.007106676386683003
39.5052632 0.5914892725067169 0.007106666403552037
39.5552632 0.5914866635872996 0.007106656559086847
39.6052632 0.5914840908883661 0.007106646851342963
39.65526320000001 0.5914815539024388 0.007106637278403513
39.7052632 0.5914790521292311 0.007106627838378819
39.7552632 0.5914765850755437 0.007106618529406014
39.8052632 0.591474152255163 0.007106609349648645
39.8552632 0.5914717531887613 0.007106600297296303
39.90526320000001 0.5914693874037977 0.007106591370564244
39.9552632 0.5914670544344208 0.007106582567693019
40.0052632 0.5914647538213732 0.007106573886948115
40.0552632 0.5914624851118967 0.007106565326619597
40.1052632 0.5914602478596392 0.007106556885021749
40.15526320000001 0.5914580416245632 0.00710654856049273
40.2052632 0.5914558659728549 0.007106540351394234
40.2552632 0.5914537204768359 0.00710653225611115
40.3052632 0.5914516047148745 0.007106524273051227
40.3552632 0.5914495182712997 0.007106516400644749
40.40526320000001 0.5914474607363158 0.007106508637344215
40.4552632 0.5914454317059186 0.007106500981624009
40.5052632 0.5914434307818119 0.007106493431980101
40.5552632 0.5914414575713267 0.007106485986929728
40.6052632 0.5914395116873401 0.007106478645011095
40.65526320000001 0.5914375927481965 0.007106471404783069
40.7052632 0.5914357003776294 0.007106464264824886
40.7552632 0.5914338342046841 0.007106457223735862
40.8052632 0.5914319938636422 0.007106450280135104
40.8552632 0.5914301789939467 0.007106443432661223
40.90526320000001 0.5914283892401281 0.007106436679972064
40.9552632 0.5914266242517322 0.007106430020744415
41.0052632 0.5914248836832482 0.007106423453673757
41.0552632 0.5914231671940383 0.007106416977473983
41.1052632 0.5914214744482683 0.007106410590877135
41.15526320000001 0.5914198051148386 0.007106404292633151
41.2052632 0.5914181588673174 0.007106398081509605
41.2552632 0.5914165353838736 0.007106391956291455
41.3052632 0.5914149343472116 0.007106385915780802
41.3552632 0.5914133554445064 0.007106379958796632
41.40526320000001 0.5914117983673398 0.007106374084174589
41.4552632 0.5914102628116381 0.007106368290766725
41.5052632 0.59140874847761 0.007106362577441277
41.5552632 0.5914072550696855 0.007106356943082429
41.6052632 0.5914057822964556 0.007106351386590086
41.65526320000001 0.5914043298706136 0.00710634590687965
41.7052632 0.5914028975088967 0.007106340502881802
41.7552632 0.591401484932028 0.007106335173542283
41.8052632 0.59140009186466 0.007106329917821674
41.8552632 0.591398718035319 0.007106324734695193
41.90526320000001 0.5913973631763497 0.00710631962315248
41.9552632 0.591396027023861 0.007106314582197398
42.0052632 0.5913947093176725 0.007106309610847823
42.0552632 0.5913934098012618 0.007106304708135453
42.1052632 0.5913921282217125 0.007106299873105603
42.15526320000001 0.591390864329663 0.007106295104817018
42.2052632 0.5913896178792561 0.007106290402341678
42.2552632 0.5913883886280893 0.007106285764764611
42.3052632 0.5913871763371651 0.00710628119118371
42.3552632 0.5913859807708436 0.007106276680709544
42.40526320000001 0.5913848016967944 0.007106272232465187
42.4552632 0.5913836388859496 0.007106267845586029
42.5052632 0.5913824921124575 0.007106263519219613
42.5552632 0.5913813611536374 0.007106259252525453
42.6052632 0.5913802457899341 0.007106255044674869
42.65526320000001 0.5913791458048739 0.007106250894850822
42.7052632 0.591378060985021 0.007106246802247736
42.7552632 0.5913769911199338 0.007106242766071352
42.8052632 0.5913759360021236 0.007106238785538557
42.8552632 0.5913748954270117 0.007106234859877231
42.90526320000001 0.591373869192889 0.007106230988326086
42.9552632 0.5913728571008747 0.007106227170134517
43.0052632 0.5913718589548768 0.007106223404562451
43.0552632 0.5913708745615521 0.007106219690880193
43.1052632 0.5913699037302679 0.007106216028368282
43.15526320000001 0.5913689462730632 0.007106212416317347
43.2052632 0.5913680020046113 0.007106208854027962
43.2552632 0.5913670707421818 0.007106205340810508
43.3052632 0.5913661523056047 0.007106201875985031
43.3552632 0.5913652465172341 0.007106198458881108
43.40526320000001 0.5913643532019118 0.007106195088837707
43.4552632 0.5913634721869331 0.007106191765203064
43.5052632 0.5913626033020113 0.00710618848733454
43.5552632 0.5913617463792442 0.007106185254598501
43.6052632 0.5913609012530802 0.007106182066370188
43.65526320000001 0.5913600677602848 0.00710617892203359
43.7052632 0.5913592457399084 0.007106175820981321
43.7552632 0.5913584350332536 0.007106172762614502
43.8052632 0.5913576354838437 0.007106169746342632
43.8552632 0.5913568469373913 0.00710616677158348
43.90526320000001 0.5913560692417673 0.00710616383776296
43.9552632 0.5913553022469707 0.007106160944315022
44.0052632 0.5913545458050984 0.007106158090681537
44.0552632 0.5913537997703154 0.007106155276312183
44.1052632 0.5913530639988265 0.007106152500664332
44.15526320000001 0.5913523383488463 0.007106149763202951
44.2052632 0.591351622680572 0.007106147063400492
44.2552632 0.5913509168561548 0.007106144400736775
44.3052632 0.5913502207396727 0.007106141774698901
44.3552632 0.5913495341971032 0.007106139184781139
44.40526320000001 0.5913488570962967 0.007106136630484828
44.4552632 0.59134818930695 0.007106134111318274
44.5052632 0.5913475307005803 0.007106131626796661
44.5552632 0.5913468811504997 0.00710612917644194
44.6052632 0.5913462405317902 0.007106126759782753
44.65526320000001 0.5913456087212779 0.007106124376354314
44.7052632 0.5913449855975099 0.007106122025698343
44.7552632 0.5913443710407286 0.007106119707362953
44.8052632 0.5913437649328487 0.007106117420902572
44.8552632 0.5913431671574338 0.007106115165877849
44.90526320000001 0.591342577599673 0.007106112941855573
44.9552632 0.5913419961463577 0.007106110748408577
45.0052632 0.59134142268586 0.007106108585115661
45.0552632 0.5913408571081092 0.007106106451561503
45.1052632 0.5913402993045715 0.007106104347336583
45.15526320000001 0.5913397491682273 0.007106102272037094
45.2052632 0.59133920659355 0.007106100225264863
45.2552632 0.5913386714764859 0.00710609820662728
45.3052632 0.5913381437144324 0.00710609621573721
45.3552632 0.5913376232062186 0.007106094252212921
45.40526320000001 0.5913371098520848 0.007106092315678006
45.4552632 0.5913366035536627 0.007106090405761312
45.5052632 0.5913361042139559 0.007106088522096863
45.5552632 0.5913356117373209 0.007106086664323786
45.6052632 0.5913351260294477 0.007106084832086247
45.65526320000001 0.5913346469973418 0.00710608302503337
45.7052632 0.5913341745493053 0.007106081242819176
45.7552632 0.5913337085949185 0.00710607948510251
45.8052632 0.5913332490450228 0.007106077751546974
45.8552632 0.5913327958117024 0.007106076041820862
45.90526320000001 0.591332348808267 0.007106074355597094
45.9552632 0.591331907949235 0.007106072692553149
46.0052632 0.5913314731503162 0.007106071052371004
46.0552632 0.5913310443283954 0.007106069434737071
46.1052632 0.591330621401516 0.007106067839342129
46.15526320000001 0.5913302042888635 0.007106066265881274
46.2052632 0.5913297929107498 0.00710606471405385
46.2552632 0.5913293871885975 0.00710606318356339
46.3052632 0.5913289870449242 0.007106061674117564
46.3552632 0.5913285924033275 0.007106060185428114
46.40526320000001 0.5913282031884693 0.007106058717210799
46.4552632 0.5913278193260622 0.007106057269185343
46.5052632 0.5913274407428531 0.007106055841075374
46.5552632 0.5913270673666104 0.007106054432608376
46.6052632 0.5913266991261088 0.007106053043515624
46.65526320000001 0.5913263359511154 0.007106051673532146
46.7052632 0.5913259777723763 0.007106050322396659
46.7552632 0.5913256245216024 0.007106048989851525
46.8052632 0.5913252761314566 0.007106047675642692
46.8552632 0.5913249325355397 0.007106046379519653
46.90526320000001 0.5913245936683782 0.007106045101235392
46.9552632 0.5913242594654108 0.007106043840546334
47.0052632 0.591323929862976 0.007106042597212301
47.0552632 0.5913236047982995 0.007106041370996463
47.1052632 0.5913232842094821 0.007106040161665291
47.15526320000001 0.5913229680354869 0.00710603896898851
47.2052632 0.5913226562161282 0.007106037792739056
47.2552632 0.5913223486920589 0.00710603663269303
47.3052632 0.5913220454047592 0.007106035488629658
47.3552632 0.5913217462965251 0.007106034360331238
47.40526320000001 0.5913214513104571 0.007106033247583108
47.4552632 0.5913211603904489 0.007106032150173596
47.5052632 0.5913208734811765 0.007106031067893986
47.5552632 0.5913205905280873 0.007106030000538471
47.6052632 0.5913203114773895 0.007106028947904111
47.65526320000001 0.5913200362760416 0.007106027909790802
47.7052632 0.5913197648717415 0.007106026886001227
47.7552632 0.5913194972129171 0.007106025876340824
47.8052632 0.5913192332487153 0.007106024880617744
47.8552632 0.5913189729289927 0.007106023898642816
47.90526320000001 0.5913187162043058 0.007106022930229512
47.9552632 0.5913184630259005 0.007106021975193898
48.0052632 0.5913182133457037 0.007106021033354619
48.0552632 0.591317967116313 0.007106020104532845
48.1052632 0.5913177242909881 0.007106019188552243
48.15526320000001 0.5913174848236409 0.007106018285238946
48.2052632 0.5913172486688272 0.00710601739442151
48.2552632 0.5913170157817375 0.007106016515930893
48.3052632 0.5913167861181882 0.007106015649600408
48.3552632 0.5913165596346129 0.0071060147952657
48.40526320000001 0.5913163362880545 0.007106013952764711
48.4552632 0.5913161160361557 0.00710601312193765
48.5052632 0.591315898837152 0.007106012302626957
48.5552632 0.5913156846498623 0.007106011494677279
48.6052632 0.591315473433682 0.007106010697935433
48.65526320000001 0.5913152651485741 0.007106009912250379
48.7052632 0.5913150597550623 0.007106009137473195
48.7552632 0.5913148572142224 0.00710600837345704
48.8052632 0.5913146574876754 0.007106007620057128
48.8552632 0.5913144605375797 0.007106006877130705
48.90526320000001 0.5913142663266239 0.007106006144537014
48.9552632 0.591314074818019 0.00710600542213727
49.0052632 0.5913138859754922 0.007106004709794634
49.0552632 0.5913136997632787 0.007106004007374189
49.1052632 0.5913135161461158 0.007106003314742905
49.15526320000001 0.5913133350892352 0.007106002631769621
49.2052632 0.5913131565583568 0.00710600195832502
49.2552632 0.5913129805196817 0.007106001294281595
49.3052632 0.5913128069398856 0.007106000639513634
49.3552632 0.5913126357861127 0.007105999993897191
49.40526320000001 0.5913124670259686 0.007105999357310063
49.4552632 0.5913123006275148 0.007105998729631761
49.5052632 0.5913121365592621 0.007105998110743496
49.5552632 0.5913119747901641 0.007105997500528151
49.6052632 0.5913118152896121 0.007105996898870258
49.65526320000001 0.5913116580274281 0.00710599630565597
49.7052632 0.5913115029738599 0.007105995720773053
49.7552632 0.5913113500995745 0.00710599514411085
49.8052632 0.5913111993756527 0.00710599457556027
49.8552632 0.5913110507735838 0.007105994015013757
49.90526320000001 0.5913109042652598 0.007105993462365278
49.9552632 0.5913107598229695 0.007105992917510296
50.0052632 0.5913106174193942 0.007105992380345757
50.0552632 0.5913104770276011 0.007105991850770058
50.1052632 0.5913103386210391 0.007105991328683042
50.15526320000001 0.5913102021735331 0.007105990813985965
50.2052632 0.5913100676592792 0.007105990306581485
50.2552632 0.5913099350528394 0.007105989806373645
50.3052632 0.5913098043291369 0.007105989313267842
50.3552632 0.5913096754634511 0.007105988827170826
50.40526320000001 0.5913095484314131 0.007105988347990668
50.4552632 0.5913094232090005 0.007105987875636747
50.5052632 0.591309299772533 0.007105987410019733
50.5552632 0.5913091780986677 0.00710598695105157
50.6052632 0.5913090581643948 0.007105986498645456
50.65526320000001 0.591308939947033 0.007105986052715835
50.7052632 0.5913088234242251 0.007105985613178364
50.7552632 0.5913087085739334 0.00710598517994991
50.8052632 0.5913085953744359 0.007105984752948533
50.8552632 0.591308483804322 0.007105984332093467
50.90526320000001 0.5913083738424879 0.007105983917305099
50.9552632 0.591308265468133 0.007105983508504964
51.0052632 0.5913081586607556 0.007105983105615726
51.0552632 0.5913080534001492 0.007105982708561158
51.1052632 0.5913079496663983 0.007105982317266134
51.15526320000001 0.5913078474398745 0.007105981931656609
51.2052632 0.5913077467012331 0.00710598155165961
51.2552632 0.5913076474314088 0.007105981177203218
51.3052632 0.5913075496116126 0.007105980808216557
51.3552632 0.5913074532233276 0.007105980444629773
51.40526320000001 0.5913073582483057 0.007105980086374033
51.4552632 0.5913072646685643 0.007105979733381498
51.5052632 0.5913071724663822 0.007105979385585322
51.5552632 0.5913070816242967 0.00710597904291963
51.6052632 0.5913069921250999 0.00710597870531951
51.65526320000001 0.5913069039518355 0.007105978372720998
51.7052632 0.5913068170877955 0.007105978045061068
51.7552632 0.5913067315165172 0.007105977722277618
51.8052632 0.5913066472217796 0.007105977404309458
51.8552632 0.5913065641876003 0.007105977091096299
51.90526320000001 0.5913064823982327 0.007105976782578741
51.9552632 0.5913064018381626 0.007105976478698262
52.0052632 0.5913063224921057 0.007105976179397203
52.0552632 0.591306244345004 0.007105975884618765
52.1052632 0.5913061673820234 0.007105975594306989
52.15526320000001 0.5913060915885502 0.007105975308406748
52.2052632 0.5913060169501893 0.007105975026863741
52.2552632 0.5913059434527602 0.007105974749624476
52.3052632 0.5913058710822953 0.007105974476636265
52.3552632 0.5913057998250364 0.007105974207847208
52.40526320000001 0.5913057296674326 0.007105973943206188
52.4552632 0.5913056605961372 0.007105973682662859
52.5052632 0.5913055925980054 0.007105973426167636
52.5552632 0.5913055256600918 0.007105973173671684
52.6052632 0.5913054597696475 0.007105972925126916
52.65526320000001 0.5913053949141184 0.007105972680485972
52.7052632 0.5913053310811417 0.007105972439702217
52.7552632 0.5913052682585442 0.007105972202729733
52.8052632 0.5913052064343401 0.007105971969523305
52.8552632 0.5913051455967281 0.007105971740038417
52.90526320000001 0.5913050857340892 0.00710597151423124
52.9552632 0.591305026834985 0.007105971292058626
53.0052632 0.5913049688881545 0.007105971073478098
53.0552632 0.5913049118825133 0.007105970858447841
53.1052632 0.59130485580715 0.007105970646926695
53.15526320000001 0.5913048006513247 0.007105970438874149
53.2052632 0.5913047464044673 0.00710597023425033
53.2552632 0.5913046930561748 0.007105970033015994
53.3052632 0.5913046405962097 0.007105969835132527
53.3552632 0.5913045890144975 0.007105969640561923
53.40526320000001 0.5913045383011253 0.007105969449266789
53.4552632 0.5913044884463395 0.007105969261210335
53.5052632 0.5913044394405443 0.007105969076356362
53.5552632 0.5913043912742992 0.007105968894669258
53.6052632 0.5913043439383177 0.007105968716113993
53.65526320000001 0.5913042974234652 0.007105968540656113
53.7052632 0.5913042517207574 0.007105968368261724
53.7552632 0.5913042068213583 0.007105968198897496
53.8052632 0.5913041627165787 0.007105968032530652
53.8552632 0.5913041193978744 0.007105967869128963
53.90526320000001 0.5913040768568445 0.007105967708660736
53.9552632 0.5913040350852297 0.00710596755109482
54.0052632 0.591303994074911 0.007105967396400585
54.0552632 0.5913039538179076 0.00710596724454793
54.1052632 0.5913039143063757 0.007105967095507263
54.15526320000001 0.591303875532607 0.007105966949249509
54.2052632 0.5913038374890268 0.007105966805746096
54.2552632 0.5913038001681928 0.007105966664968948
54.3052632 0.5913037635627937 0.007105966526890486
54.3552632 0.5913037276656472 0.00710596639148362
54.40526320000001 0.5913036924696995 0.007105966258721738
54.4552632 0.5913036579680231 0.007105966128578712
54.5052632 0.591303624153816 0.007105966001028882
54.5552632 0.5913035910203999 0.007105965876047057
54.6052632 0.591303558561219 0.007105965753608506
54.65526320000001 0.5913035267698388 0.007105965633688959
54.7052632 0.5913034956399449 0.007105965516264598
54.7552632 0.5913034651653414 0.007105965401312048
54.8052632 0.5913034353399502 0.007105965288808383
54.8552632 0.5913034061578092 0.007105965178731114
54.90526320000001 0.5913033776130714 0.007105965071058184
54.9552632 0.5913033497000038 0.007105964965767967
55.0052632 0.591303322412986 0.007105964862839265
55.0552632 0.5913032957465094 0.007105964762251295
55.1052632 0.5913032696951758 0.007105964663983696
55.15526320000001 0.5913032442536964 0.007105964568016519
55.2052632 0.5913032194168909 0.00710596447433022
55.2552632 0.5913031951796861 0.007105964382905666
55.3052632 0.5913031715371151 0.007105964293724117
55.3552632 0.5913031484843165 0.00710596420676724
55.40526320000001 0.591303126016533 0.007105964122017087
55.4552632 0.5913031041291107 0.007105964039456102
55.5052632 0.5913030828174978 0.007105963959067116
55.5552632 0.5913030620772441 0.007105963880833344
55.6052632 0.5913030419040002 0.007105963804738376
55.65526320000001 0.5913030222935157 0.007105963730766182
55.7052632 0.5913030032416394 0.007105963658901102
55.7552632 0.5913029847443178 0.007105963589127844
55.8052632 0.5913029667975943 0.007105963521431486
55.8552632 0.5913029493976089 0.007105963455797467
55.90526320000001 0.5913029325405964 0.007105963392211584
55.9552632 0.5913029162228869 0.007105963330659991
56.0052632 0.5913029004409037 0.007105963271129201
56.0552632 0.5913028851911636 0.00710596321360607
56.1052632 0.5913028704702755 0.007105963158077812
56.15526320000001 0.5913028562749402 0.007105963104531977
56.2052632 0.5913028426019489 0.007105963052956462
56.2552632 0.5913028294481835 0.007105963003339507
56.3052632 0.591302816810615 0.007105962955669685
56.3552632 0.5913028046863039 0.007105962909935908
56.40526320000001 0.5913027930723984 0.007105962866127418
56.4552632 0.5913027819661344 0.007105962824233791
56.5052632 0.5913027713648351 0.007105962784244928
56.5552632 0.5913027612659097 0.007105962746151055
56.6052632 0.5913027516668536 0.007105962709942727
56.65526320000001 0.5913027425652473 0.007105962675610814
56.7052632 0.5913027339587558 0.00710596264314651
56.7552632 0.5913027258451288 0.007105962612541329
56.8052632 0.591302718222199 0.007105962583787092
56.8552632 0.591302711087883 0.007105962556875942
56.90526320000001 0.5913027044401794 0.007105962531800329
56.9552632 0.5913026982771692 0.007105962508553013
57.0052632 0.5913026925970154 0.007105962487127068
57.0552632 0.591302687397962 0.007105962467515868
57.1052632 0.5913026826783339 0.007105962449713094
57.15526320000001 0.5913026784365364 0.007105962433712732
57.2052632 0.5913026746710549 0.007105962419509068
57.2552632 0.5913026713804543 0.007105962407096687
57.3052632 0.5913026685633791 0.007105962396470479
57.3552632 0.5913026662185523 0.007105962387625625
57.40526320000001 0.5913026643447756 0.007105962380557607
57.4552632 0.5913026629409289 0.007105962375262197
57.5052632 0.59130266200597 0.007105962371735465
57.5552632 0.5913026615389343 0.007105962369973772
57.6052632 0.5913026615389343 0.007105962369973772
