7.8684211 5.18841735717978 0.5395546850419872
7.9184211 5.022568931750189 0.4571026426554859
7.9684211 4.868856263011261 0.391980038490012
8.018421099999999 4.725670739871805 0.3396939144381193
8.0684211 4.591710343629922 0.2971118616697562
8.118421099999999 4.465906012493958 0.2619971856214767
8.1684211 4.34736886946446 0.2327190564676064
8.2184211 4.235351602874434 0.2080662915031771
8.268421099999999 4.129219677969944 0.1871245329904819
8.3184211 4.028429522363265 0.1691933311620881
8.368421099999999 3.932511751880608 0.1537289917176073
8.4184211 3.841058100914097 0.1403044399348665
8.4684211 3.753711116880259 0.1285805556722628
8.518421099999999 3.67015594553384 0.1182853851609413
8.5684211 3.590113717705123 0.1091988532819592
8.618421099999999 3.51333617665662 0.1011413763351278
8.6684211 3.439601276655167 0.09396527992364438
8.7184211 3.368709549223436 0.08754826049710857
8.768421099999999 3.30048108162217 0.08178835371377287
8.8184211 3.234752987643517 0.07660002618234675
8.868421099999999 3.171377277338991 0.07191111338340155
8.9184211 3.110219052340806 0.06766040111184614
8.9684211 3.051154968704038 0.0637957007196383
9.018421099999999 2.994071920937969 0.06027230646012277
9.0684211 2.938865909999197 0.05705175083468803
9.118421099999999 2.885441065134498 0.05410079407539317
9.1684211 2.833708795063739 0.05139059886856065
9.2184211 2.783587048434935 0.04889605259976115
9.268421099999999 2.734999667028426 0.04659520781171947
9.3184211 2.687875818033853 0.0444688179467682
9.368421099999999 2.642149494023073 0.04249995032081743
9.4184211 2.597759071110019 0.0406736620274162
9.4684211 2.554646917313712 0.03897672737657248
9.518421099999999 2.512759044392472 0.03739740773835571
9.5684211 2.47204479744958 0.03592525643781213
9.618421099999999 2.432456577465786 0.03455095274884495
9.6684211 2.393949592625539 0.03326616014580007
9.7184211 2.35648163489823 0.03206340485718207
9.768421099999999 2.320012878834315 0.03093597147544632
9.8184211 2.284505699956025 0.02987781294791757
9.868421099999999 2.249924510477122 0.02888347273567223
9.9184211 2.216235610387006 0.02794801730224783
9.9684211 2.183407052190472 0.02706697739988627
10.0184211 2.151408517812916 0.02623629687144343
10.0684211 2.120211206367885 0.02545228789194214
10.1184211 2.089787731644552 0.02471159174357231
10.1684211 2.060112028311088 0.02401114435855736
10.2184211 2.031159265949411 0.02334814598113271
10.2684211 2.002905770140312 0.02272003439727089
10.3184211 1.975328949907808 0.02212446126222877
10.3684211 1.94840723090976 0.02155927112431123
10.4184211 1.922119993830055 0.0210224828007253
10.4684211 1.896447517487304 0.02051227280990002
10.5184211 1.871370926227279 0.02002696060568555
10.5684211 1.846872141212273 0.01956499539366326
10.6184211 1.822933835260975 0.01912494433941631
10.6684211 1.799539390928093 0.01870548200386762
10.7184211 1.77667286154449 0.01830538086238449
10.7684211 1.75431893496648 0.01792350278285175
10.8184211 1.732462899807673 0.01755879135380682
10.8684211 1.711090613948744 0.01721026496740995
10.9184211 1.690188475140101 0.01687701057382348
10.9684211 1.669743393529842 0.01655817803377619
11.0184211 1.649742765965011 0.01625297500492624
11.0684211 1.630174451928103 0.01596066230530663
11.1184211 1.611026750983255 0.01568054970380891
11.1684211 1.592288381617782 0.01541199209347239
11.2184211 1.573948461374802 0.01515438600842081
11.2684211 1.555996488181745 0.01490716644972433
11.3184211 1.538422322787744 0.01466980398935172
11.3684211 1.521216172230249 0.01444180212478779
11.4184211 1.504368574257904 0.01422269485988797
11.4684211 1.48787038264275 0.01401204449018112
11.5184211 1.471712753320261 0.01380943957315746
11.5684211 1.455887131300733 0.01361449306613328
11.6184211 1.440385238299971 0.01342684061610057
11.6684211 1.425199061041406 0.01324613898757893
11.7184211 1.410320840185417 0.01307206461591401
11.7684211 1.395743059845098 0.01290431227473449
11.8184211 1.381458437650757 0.01274259384740638
11.8684211 1.367459915328325 0.01258663719332764
11.9184211 1.353740649759369 0.01243618510080104
11.9684211 1.340294004492852 0.01229099431902219
12.0184211 1.327113541680891 0.01215083466243446
12.0684211 1.314193014412794 0.01201548818134136
12.1184211 1.301526359423471 0.01188474839324032
12.1684211 1.289107690153994 0.0117584195698556
12.2184211 1.276931290143634 0.01163631607530965
12.2684211 1.26499160673412 0.01151826175128737
12.3184211 1.25328324506817 0.01140408934542142
12.3684211 1.241800962365581 0.01129363997946308
12.4184211 1.230539662461237 0.01118676265410718
12.4684211 1.219494390590464 0.0110833137876136
12.5184211 1.208660328408093 0.01098315678561562
12.5684211 1.198032789228488 0.01088616163972985
12.6184211 1.187607213474596 0.01079220455278535
12.6684211 1.177379164324844 0.01070116758867359
12.7184211 1.167344323547421 0.01061293834498811
12.7684211 1.157498487512098 0.01052740964677428
12.8184211 1.1478375633704 0.01044447925984732
12.8684211 1.138357565395443 0.01036404962226252
12.9184211 1.12905461147333 0.01028602759263538
12.9684211 1.119924919738448 0.0102103242141138
13.0184211 1.110964805345478 0.01013685449289926
13.0684211 1.102170677371358 0.01006553719030054
13.1184211 1.093539035840814 0.009996294627382817
13.1684211 1.085066468869462 0.009929052501347312
13.2184211 1.076749649918819 0.009863739712842845
13.2684211 1.068585335157878 0.009800288203471402
13.3184211 1.060570360926221 0.009738632802805302
13.3684211 1.052701641293888 0.009678711084284636
13.4184211 1.044976165713531 0.009620463229410329
13.4684211 1.037390996760593 0.009563831899691184
13.5184211 1.02994326795748 0.009508762115842794
13.5684211 1.022630181677962 0.009455201143772414
13.6184211 1.015449007128154 0.009403098386917445
13.6684211 1.008397078400714 0.009352405284535842
13.7184211 1.001471792599002 0.009303075215575203
13.7684211 0.9946706080281492 0.009255063407773399
13.8184211 0.9879910424501311 0.0092083268516678
13.8684211 0.9814306714000953 0.00916282421921236
13.9184211 0.9749871265613258 0.009118515786722505
13.9684211 0.9686580941963641 0.009075363361886716
14.0184211 0.9624413136319294 0.009033330214601364
14.0684211 0.9563345757953972 0.008992381011401644
14.1184211 0.9503357218007044 0.008952481753276533
14.1684211 0.9444426415816577 0.008913599716669661
14.2184211 0.9386532725707155 0.008875703397481033
14.2684211 0.9329655984214084 0.008838762457896486
14.3184211 0.9273776477726511 0.008802747675882978
14.3684211 0.9218874930532821 0.008767630897198153
14.4184211 0.9164932493252423 0.008733384989772311
14.4684211 0.911193073163883 0.008699983800329792
14.5184211 0.9059851615739593 0.00866740211312522
14.5684211 0.9008677509399338 0.008635615610677714
14.6184211 0.8958391160092775 0.008604600836393471
14.6684211 0.8908975689075134 0.0085743351589738
14.7184211 0.8860414581838071 0.008544796738512038
14.7684211 0.8812691678859595 0.008515964494188509
14.8184211 0.8765791166637088 0.00848781807347827
14.8684211 0.8719697568992973 0.008460337822791431
14.9184211 0.8674395738643035 0.008433504759470559
14.9684211 0.8629870849017831 0.008407300545074185
15.0184211 0.8586108386328061 0.008381707459879584
15.0684211 0.8543094141865105 0.008356708378541819
15.1184211 0.85008142045284 0.008332286746849766
15.1684211 0.8459254953571559 0.008308426559523194
15.2184211 0.841840305155961 0.008285112338998165
15.2684211 0.8378245437529919 0.008262329115151006
15.3184211 0.833876932034977 0.008240062405913942
15.3684211 0.8299962172263808 0.008218298198738044
15.4184211 0.826181172262484 0.008197022932861649
15.4684211 0.8224305951801762 0.008176223482344735
15.5184211 0.8187433085258636 0.008155887139831852
15.5684211 0.8151181587799133 0.008136001601008292
15.6184211 0.8115540157970867 0.008116554949716089
15.6684211 0.8080497722624285 0.008097535643698226
15.7184211 0.8046043431621034 0.008078932500941126
15.7684211 0.8012166652686912 0.008060734686587108
15.8184211 0.7978856966404679 0.008042931700389978
15.8684211 0.7946104161342226 0.008025513364688324
15.9184211 0.7913898229311729 0.008008469812872428
15.9684211 0.7882229360755623 0.007991791478321983
16.0184211 0.7851087940255342 0.007975469083792923
16.0684211 0.7820464542158964 0.007959493631232831
16.1184211 0.7790349926324023 0.007943856392005452
16.1684211 0.7760735033971894 0.007928548897505754
16.2184211 0.7731610983650287 0.007913562930148048
16.2684211 0.7702969067300508 0.007898890514710367
16.3184211 0.7674800746426286 0.007884523910019361
16.3684211 0.7647097648361052 0.007870455600960554
16.4184211 0.7619851562630698 0.007856678290799675
16.4684211 0.7593054437408921 0.007843184893801444
16.5184211 0.756669837606238 0.007829968528132831
16.5684211 0.7540775633782988 0.00781702250903849
16.6184211 0.7515278614304757 0.007804340342276611
16.6684211 0.7490199866702681 0.007791915717804028
16.7184211 0.7465532082271276 0.007779742503699956
16.7684211 0.7441268091480417 0.007767814740318217
16.8184211 0.7417400861006269 0.007756126634658298
16.8684211 0.7393923490835091 0.007744672554946062
16.9184211 0.7370829211437865 0.007733447025415325
16.9684211 0.7348111381013689 0.007722444721281961
17.0184211 0.73257634828 0.00771166046390253
17.0684211 0.7303779122447718 0.007701089216109856
17.1184211 0.7282152025459494 0.007690726077718285
17.1684211 0.7260876034689283 0.007680566281191697
17.2184211 0.7239945107901539 0.007670605187467652
17.2684211 0.7219353315388377 0.007660838281931386
17.3184211 0.7199094837643087 0.007651261170533577
17.3684211 0.7179163963088471 0.007641869576046186
17.4184211 0.7159555085858482 0.007632659334450807
17.4684211 0.7140262703631733 0.007623626391454304
17.5184211 0.7121281415515457 0.00761476679912669
17.5684211 0.7102605919978553 0.007606076712656461
17.6184211 0.708423101283242 0.007597552387218756
17.6684211 0.7066151585258278 0.007589190174951964
17.7184211 0.7048362621879746 0.00758098652203857
17.7684211 0.7030859198879493 0.007572937965886203
17.8184211 0.7013636482158778 0.007565041132405051
17.8684211 0.6996689725538759 0.007557292733377922
17.9184211 0.6980014269002491 0.007549689563919445
17.9684211 0.6963605536976533 0.007542228500021016
18.0184211 0.694745903665116 0.007534906496178247
18.0684211 0.6931570356338163 0.00752772058309781
18.1184211 0.6915935163865281 0.00752066786548071
18.1684211 0.6900549205006338 0.007513745519879114
18.2184211 0.6885408301946142 0.007506950792624022
18.2684211 0.6870508351779306 0.007500280997821155
18.3184211 0.6855845325042103 0.007493733515412515
18.3684211 0.6841415264276528 0.007487305789301261
18.4184211 0.6827214282625778 0.007480995325537521
18.4684211 0.6813238562460339 0.007474799690562983
18.5184211 0.679948435403394 0.007468716509512076
18.5684211 0.6785947974168621 0.007462743464567741
18.6184211 0.6772625804968201 0.007456878293369802
18.6684211 0.675951429255945 0.00745111878747406
18.7184211 0.6746609945860282 0.007445462790860292
18.7684211 0.6733909335374315 0.007439908198487439
18.8184211 0.6721409092011148 0.007434452954894262
18.8684211 0.6709105905931744 0.007429095052843927
18.9184211 0.6696996525418305 0.007423832532010921
18.9684211 0.6685077755768053 0.007418663477708835
19.0184211 0.6673346458210345 0.007413586019657597
19.0684211 0.6661799548846562 0.007408598330788775
19.1184211 0.6650433997612233 0.00740369862608763
19.1684211 0.6639246827260872 0.007398885161470656
19.2184211 0.6628235112369003 0.007394156232697388
19.2684211 0.6617395978361889 0.0073895101743153
19.3184211 0.6606726600559462 0.007384945358636666
19.3684211 0.6596224203242004 0.007380460194746308
19.4184211 0.6585886058735102 0.007376053127539162
19.4684211 0.657570948651343 0.007371722636786683
19.5184211 0.6565691852322938 0.007367467236231106
19.5684211 0.6555830567321004 0.007363285472706617
19.6184211 0.6546123087234149 0.007359175925286574
19.6684211 0.6536566911532914 0.007355137204455867
19.7184211 0.6527159582623487 0.007351167951307618
19.7684211 0.6517898685055737 0.007347266836763403
19.8184211 0.6508781844747237 0.007343432560816216
19.8684211 0.6499806728222951 0.007339663851795453
19.9184211 0.6490971041870219 0.00733595946565317
19.9684211 0.6482272531208687 0.00733231818527094
20.0184211 0.6473708980174864 0.007328738819786637
20.0684211 0.6465278210420963 0.007325220203940496
20.1184211 0.6456978080627725 0.007321761197439835
20.1684211 0.6448806485830905 0.007318360684341851
20.2184211 0.6440761356761107 0.007315017572453884
20.2684211 0.6432840659196705 0.007311730792750618
20.3184211 0.642504239332953 0.00730849929880767
20.3684211 0.6417364593143057 0.007305322066251048
20.4184211 0.6409805325802821 0.007302198092221986
20.4684211 0.6402362691058793 0.007299126394856662
20.5184211 0.6395034820659443 0.007296106012780327
20.5684211 0.6387819877777267 0.007293136004615432
20.6184211 0.6380716056445489 0.007290215448503264
20.6684211 0.6373721581005738 0.00728734344163871
20.7184211 0.6366834705566433 0.007284519099817739
20.7684211 0.6360053713471664 0.007281741556997193
20.8184211 0.6353376916780333 0.007279009964866524
20.8684211 0.6346802655755353 0.007276323492431107
20.9184211 0.634032929836266 0.007273681325606785
20.9684211 0.6333955239779873 0.007271082666825281
21.0184211 0.6327678901914354 0.007268526734650174
21.0684211 0.6321498732930503 0.007266012763403113
21.1184211 0.6315413206786074 0.007263540002799947
21.1684211 0.630942082277733 0.007261107717596492
21.2184211 0.6303520105092849 0.007258715187243636
21.2684211 0.6297709602375807 0.007256361705551512
21.3184211 0.6291987887294549 0.007254046580362459
21.3684211 0.6286353556121288 0.007251769133232522
21.4184211 0.6280805228318757 0.007249528699121236
21.4684211 0.6275341546134645 0.00724732462608944
21.5184211 0.6269961174203673 0.007245156275004907
21.5684211 0.6264662799157131 0.007243023019255541
21.6184211 0.6259445129239737 0.007240924244469935
21.6684211 0.6254306893933665 0.007238859348245062
21.7184211 0.6249246843589595 0.007236827739880918
21.7684211 0.6244263749064637 0.007234828840121884
21.8184211 0.6239356401366998 0.007232862080904635
21.8684211 0.6234523611307249 0.007230926905112417
21.9184211 0.6229764209156058 0.007229022766335472
21.9684211 0.6225077044308261 0.007227149128637492
22.0184211 0.6220460984953144 0.007225305466327867
22.0684211 0.6215914917750806 0.007223491263739631
22.1184211 0.6211437747514481 0.007221706015012888
22.1684211 0.6207028396898715 0.00721994922388359
22.2184211 0.6202685806093253 0.007218220403477532
22.2684211 0.6198408932522548 0.007216519076109368
22.3184211 0.6194196750550766 0.007214844773086588
22.3684211 0.6190048251192176 0.007213197034518225
22.4184211 0.6185962441826841 0.007211575409128242
22.4684211 0.6181938345921463 0.007209979454073418
22.5184211 0.6177975002755324 0.00720840873476564
22.5684211 0.6174071467151198 0.007206862824698458
22.6184211 0.6170226809211135 0.007205341305277809
22.6684211 0.6166440114057042 0.007203843765656769
22.7184211 0.6162710481575943 0.007202369802574262
22.7684211 0.6159037026169832 0.007200919020197576
22.8184211 0.6155418876510053 0.007199491029968613
22.8684211 0.6151855175296077 0.007198085450453771
22.9184211 0.6148345079018633 0.00719670190719734
22.9684211 0.6144887757727076 0.007195340032578341
23.0184211 0.6141482394800929 0.007193999465670717
23.0684211 0.6138128186725513 0.007192679852106753
23.1184211 0.6134824342871583 0.007191380843943688
23.1684211 0.6131570085278896 0.007190102099533403
23.2184211 0.6128364648443633 0.007188843283395113
23.2684211 0.6125207279109609 0.007187604066090984
23.3184211 0.6122097236063188 0.007186384124104599
23.3684211 0.6119033789931837 0.007185183139722205
23.4184211 0.6116016222986249 0.007184000800916651
23.4684211 0.6113043828945969 0.007182836801233972
23.5184211 0.6110115912788453 0.007181690839682532
23.5684211 0.6107231790561499 0.007180562620624665
23.6184211 0.6104390789198981 0.007179451853670756
23.6684211 0.6101592246339828 0.007178358253575696
23.7184211 0.6098835510150182 0.007177281540137644
23.7684211 0.6096119939148689 0.007176221438099048
23.8184211 0.6093444902034829 0.007175177677049866
23.8684211 0.6090809777520286 0.007174149991332921
23.9184211 0.6088213954163236 0.007173138119951356
23.9684211 0.6085656830205549 0.007172141806478113
24.0184211 0.6083137813412823 0.007171160798967405
24.0684211 0.6080656320917206 0.007170194849868122
24.1184211 0.6078211779062955 0.007169243715939123
24.1684211 0.6075803623254679 0.007168307158166375
24.2184211 0.6073431297808214 0.007167384941681879
24.2684211 0.607109425580409 0.007166476835684355
24.3184211 0.6068791958943528 0.007165582613361626
24.3684211 0.6066523877406931 0.007164702051814693
24.4184211 0.6064289489714825 0.007163834931983398
24.4684211 0.6062088282591193 0.007162981038573712
24.5184211 0.6059919750829167 0.007162140159986548
24.5684211 0.6057783397159034 0.007161312088248092
24.6184211 0.6055678732118513 0.00716049661894161
24.6684211 0.6053605273925257 0.007159693551140698
24.7184211 0.6051562548351541 0.007158902687343925
24.7684211 0.6049550088601111 0.007158123833410857
24.8184211 0.6047567435188123 0.007157356798499426
24.8684211 0.6045614135818166 0.00715660139500459
24.9184211 0.6043689745271315 0.007155857438498279
24.9684211 0.6041793825287172 0.007155124747670591
25.0184211 0.603992594445188 0.007154403144272199
25.0684211 0.6038085678087053 0.007153692453057943
25.1184211 0.603627260814059 0.007152992501731598
25.1684211 0.6034486323079359 0.007152303120891755
25.2184211 0.6032726417783687 0.007151624143978828
25.2684211 0.6030992493443653 0.007150955407223134
25.3184211 0.6029284157457131 0.007150296749594031
25.3684211 0.6027601023329553 0.00714964801275009
25.4184211 0.6025942710575378 0.007149009040990273
25.4684211 0.602430884462122 0.007148379681206103
25.5184211 0.6022699056710604 0.007147759782834792
25.5684211 0.6021112983810341 0.007147149197813314
25.6184211 0.6019550268518462 0.007146547780533397
25.6684211 0.601801055897372 0.007145955387797409
25.7184211 0.6016493508766595 0.007145371878775142
25.7684211 0.6014998776851805 0.007144797114961426
25.8184211 0.6013526027462281 0.007144230960134615
25.8684211 0.6012074930024578 0.007143673280315864
25.9184211 0.601064515907571 0.007143123943729242
25.9684211 0.6009236394181373 0.007142582820762598
26.0184211 0.600784831985553 0.007142049783929214
26.0684211 0.6006480625481347 0.007141524707830216
26.1184211 0.6005133005233438 0.00714100746911769
26.1684211 0.6003805158001415 0.00714049794645855
26.2184211 0.6002496787314698 0.007139996020499085
26.2684211 0.600120760126859 0.007139501573830212
26.3184211 0.599993731245157 0.007139014490953379
26.3684211 0.5998685637873798 0.007138534658247149
26.4184211 0.5997452298896803 0.007138061963934414
26.4684211 0.5996237021164335 0.007137596298050242
26.5184211 0.5995039534534369 0.007137137552410334
26.5684211 0.5993859573012225 0.007136685620580105
26.6184211 0.5992696874684798 0.007136240397844322
26.6684211 0.5991551181655872 0.007135801781177353
26.7184211 0.5990422239982506 0.007135369669213955
26.7684211 0.5989309799612459 0.007134943962220633
26.8184211 0.5988213614322657 0.00713452456206753
26.8684211 0.5987133441658667 0.00713411137220085
26.9184211 0.5986069042875162 0.007133704297615805
26.9684211 0.5985020182877369 0.007133303244830056
27.0184211 0.5983986630163484 0.007132908121857674
27.0684211 0.5982968156768016 0.007132518838183562
27.1184211 0.5981964538206076 0.007132135304738375
27.1684211 0.5980975553418565 0.007131757433873893
27.2184211 0.5980000984718268 0.00713138513933886
27.2684211 0.5979040617736825 0.00713101833625527
27.3184211 0.5978094241372568 0.007130656941095079
27.3684211 0.597716164773921 0.007130300871657369
27.4184211 0.5976242632115372 0.00712995004704591
27.4684211 0.5975336992894933 0.007129604387647156
27.5184211 0.5974444531538183 0.007129263815108618
27.5684211 0.597356505252378 0.007128928252317662
27.6184211 0.5972698363301479 0.007128597623380673
27.6684211 0.597184427424563 0.007128271853602606
27.7184211 0.5971002598609443 0.007127950869466909
27.7684211 0.5970173152479976 0.007127634598615816
27.8184211 0.5969355754733869 0.007127322969830982
27.8684211 0.5968550226993783 0.007127015913014486
27.9184211 0.5967756393585549 0.007126713359170162
27.9684211 0.5966974081496015 0.007126415240385279
28.0184211 0.5966203120331562 0.007126121489812536
28.0684211 0.5965443342277303 0.007125832041652399
28.1184211 0.5964694582056931 0.007125546831135731
28.1684211 0.5963956676893218 0.007125265794506758
28.2184211 0.5963229466469151 0.007124988869006312
28.2684211 0.596251279288969 0.007124715992855401
28.3184211 0.5961806500644151 0.007124447105239044
28.3684211 0.5961110436569179 0.007124182146290415
28.4184211 0.5960424449812328 0.00712392105707525
28.4684211 0.5959748391796221 0.007123663779576545
28.5184211 0.5959082116183289 0.007123410256679509
28.5684211 0.5958425478841062 0.007123160432156802
28.6184211 0.5957778337808036 0.007122914250654007
28.6684211 0.5957140553260075 0.007122671657675381
28.7184211 0.5956511987477346 0.007122432599569841
28.7684211 0.5955892504811797 0.007122197023517198
28.8184211 0.595528197165514 0.007121964877514641
28.8684211 0.5954680256407354 0.007121736110363439
28.9184211 0.5954087229445689 0.007121510671655892
28.9684211 0.5953502763094162 0.007121288511762495
29.0184211 0.5952926731593541 0.007121069581819336
29.0684211 0.5952359011071807 0.007120853833715704
29.1184211 0.5951799479515085 0.007120641220081916
29.1684211 0.595124801673904 0.007120431694277353
29.2184211 0.5950704504360722 0.007120225210378699
29.2684211 0.5950168825770864 0.007120021723168388
29.3184211 0.5949640866106617 0.007119821188123245
29.3684211 0.5949120512224719 0.007119623561403329
29.4184211 0.5948607652675088 0.007119428799840953
29.4684211 0.594810217767483 0.007119236860929905
29.5184211 0.594760397908267 0.00711904770281485
29.5684211 0.5947112950373771 0.007118861284280914
29.6184211 0.5946628986614969 0.007118677564743434
29.6684211 0.5946151984440382 0.007118496504237897
29.7184211 0.5945681842027418 0.007118318063410047
29.7684211 0.5945218459073155 0.007118142203506149
29.8184211 0.5944761736771095 0.007117968886363429
29.8684211 0.5944311577788283 0.007117798074400673
29.9184211 0.594386788624279 0.007117629730608986
29.9684211 0.5943430567681548 0.007117463818542696
30.0184211 0.5942999529058532 0.007117300302310426
30.0684211 0.5942574678713293 0.00711713914656631
30.1184211 0.5942155926349815 0.007116980316501351
30.1684211 0.5941743183015719 0.007116823777834937
30.2184211 0.5941336361081783 0.007116669496806481
30.2684211 0.5940935374221786 0.007116517440167218
30.3184211 0.5940540137392674 0.007116367575172128
30.3684211 0.5940150566815022 0.007116219869571999
30.4184211 0.5939766579953825 0.007116074291605616
30.4684211 0.5939388095499564 0.007115930809992095
30.5184211 0.5939015033349588 0.007115789393923321
30.5684211 0.5938647314589779 0.007115650013056528
30.6184211 0.5938284861476502 0.007115512637507004
30.6684211 0.5937927597418841 0.007115377237840901
30.7184211 0.593757544696111 0.007115243785068179
30.7684211 0.5937228335765637 0.007115112250635662
30.8184211 0.5936886190595821 0.0071149826064202
30.8684211 0.5936548939299443 0.007114854824721963
30.9184211 0.5936216510792246 0.007114728878257815
30.9684211 0.5935888835041767 0.007114604740154836
31.0184211 0.5935565843051422 0.007114482383943911
31.0684211 0.5935247466844839 0.007114361783553453
31.1184211 0.5934933639450427 0.007114242913303211
31.1684211 0.59346242948862 0.007114125747898194
31.2184211 0.593431936814482 0.007114010262422677
31.2684211 0.5934018795178883 0.007113896432334319
31.3184211 0.5933722512886427 0.007113784233458374
31.3684211 0.5933430459096674 0.007113673641981988
31.4184211 0.5933142572555978 0.007113564634448598
31.4684211 0.5932858792914005 0.007113457187752419
31.5184211 0.593257906071012 0.007113351279133017
31.5684211 0.5932303317359983 0.007113246886169976
31.6184211 0.5932031505142353 0.007113143986777648
31.6684211 0.5931763567186109 0.007113042559199985
31.7184211 0.5931499447457445 0.00711294258200546
31.7684211 0.5931239090747288 0.007112844034082065
31.8184211 0.5930982442658896 0.007112746894632396
31.8684211 0.5930729449595653 0.007112651143168808
31.9184211 0.5930480058749051 0.007112556759508658
31.9684211 0.5930234218086853 0.007112463723769612
32.0184211 0.5929991876341445 0.007112372016365046
32.0684211 0.5929752982998365 0.007112281617999495
32.1184211 0.5929517488285005 0.007112192509664204
32.1684211 0.5929285343159493 0.007112104672632723
32.2184211 0.5929056499299734 0.007112018088456591
32.2684211 0.5928830909092641 0.007111932738961085
32.3184211 0.5928608525623507 0.007111848606241027
32.3684211 0.5928389302665555 0.007111765672656673
32.4184211 0.5928173194669647 0.007111683920829654
32.4684211 0.5927960156754143 0.007111603333638991
32.5184211 0.5927750144694925 0.007111523894217169
32.5684211 0.592754311491557 0.007111445585946271
32.6184211 0.5927339024477667 0.007111368392454182
32.6684211 0.5927137831071296 0.00711129229761084
32.7184211 0.5926939493005641 0.007111217285524564
32.7684211 0.5926743969199749 0.007111143340538419
32.8184211 0.5926551219173436 0.007111070447226658
32.8684211 0.5926361203038324 0.007110998590391205
32.9184211 0.5926173881489019 0.007110927755058206
32.9684211 0.5925989215794425 0.007110857926474622
33.0184211 0.5925807167789189 0.007110789090104892
33.0684211 0.5925627699865272 0.007110721231627624
33.1184211 0.5925450774963656 0.007110654336932367
33.1684211 0.5925276356566175 0.007110588392116412
33.2184211 0.5925104408687465 0.00711052338348165
33.2684211 0.5924934895867047 0.007110459297531483
33.3184211 0.5924767783161516 0.007110396120967782
33.3684211 0.592460303613687 0.00711033384068788
33.4184211 0.5924440620860927 0.007110272443781639
33.4684211 0.5924280503895887 0.007110211917528534
33.5184211 0.5924122652290984 0.007110152249394801
33.5684211 0.5923967033575265 0.007110093427030624
33.6184211 0.5923813615750465 0.007110035438267361
33.6684211 0.5923662367284005 0.007109978271114828
33.7184211 0.5923513257102084 0.0071099219137586
33.7684211 0.5923366254582881 0.007109866354557386
33.8184211 0.5923221329549858 0.007109811582040415
33.8684211 0.5923078452265169 0.007109757584904883
33.9184211 0.5922937593423163 0.007109704352013428
33.9684211 0.5922798724143986 0.007109651872391654
34.0184211 0.5922661815967286 0.007109600135225682
34.0684211 0.5922526840846005 0.007109549129859748
34.1184211 0.592239377114027 0.007109498845793831
34.1684211 0.5922262579611375 0.007109449272681331
34.2184211 0.5922133239415854 0.007109400400326763
34.2684211 0.5922005724099643 0.007109352218683504
34.3184211 0.5921880007592325 0.007109304717851564
34.3684211 0.5921756064201479 0.0071092578880754
34.4184211 0.5921633868607089 0.007109211719741751
34.4684211 0.5921513395856061 0.007109166203377525
34.5184211 0.5921394621356804 0.0071091213296477
34.5684211 0.5921277520873908 0.007109077089353269
34.6184211 0.5921162070522888 0.007109033473429208
34.6684211 0.5921048246765022 0.007108990472942488
34.7184211 0.5920936026402248 0.007108948079090105
34.7684211 0.5920825386572159 0.007108906283197143
34.8184211 0.5920716304743057 0.00710886507671487
34.8684211 0.5920608758709085 0.007108824451218865
34.9184211 0.5920502726585439 0.007108784398407164
34.9684211 0.5920398186803645 0.007108744910098448
35.0184211 0.5920295118106906 0.007108705978230245
35.0684211 0.5920193499545527 0.007108667594857171
35.1184211 0.5920093310472399 0.007108629752149188
35.1684211 0.5919994530538553 0.007108592442389898
35.2184211 0.5919897139688789 0.007108555657974852
35.2684211 0.591980111815736 0.007108519391409903
35.3184211 0.5919706446463723 0.007108483635309559
35.3684211 0.5919613105408359 0.007108448382395383
35.4184211 0.5919521076068648 0.007108413625494399
35.4684211 0.5919430339794812 0.007108379357537551
35.5184211 0.5919340878205918 0.007108345571558142
35.5684211 0.5919252673185931 0.007108312260690341
35.6184211 0.5919165706879844 0.007108279418167685
35.6684211 0.5919079961689848 0.007108247037321606
35.7184211 0.591899542027157 0.007108215111579997
35.7684211 0.5918912065530364 0.007108183634465781
35.8184211 0.5918829880617655 0.007108152599595511
35.8684211 0.5918748848927344 0.00710812200067799
35.9184211 0.5918668954092259 0.007108091831512914
35.9684211 0.5918590179980661 0.007108062085989525
36.0184211 0.5918512510692806 0.007108032758085301
36.0684211 0.591843593055756 0.007108003841864655
36.1184211 0.5918360424129049 0.00710797533147765
36.1684211 0.5918285976183378 0.007107947221158741
36.2184211 0.591821257171539 0.007107919505225547
36.2684211 0.5918140195935471 0.007107892178077605
36.3184211 0.5918068834266407 0.007107865234195189
36.3684211 0.5917998472340285 0.007107838668138108
36.4184211 0.5917929095995442 0.007107812474544549
36.4684211 0.5917860691273461 0.007107786648129918
36.5184211 0.5917793244416202 0.007107761183685715
36.5684211 0.591772674186289 0.007107736076078411
36.6184211 0.591766117024724 0.007107711320248355
36.6684211 0.5917596516394624 0.007107686911208687
36.7184211 0.5917532767319278 0.007107662844044271
36.7684211 0.5917469910221557 0.00710763911391065
36.8184211 0.5917407932485227 0.007107615716033005
36.8684211 0.5917346821674796 0.00710759264570514
36.9184211 0.5917286565532884 0.007107569898288479
36.9684211 0.5917227151977636 0.007107547469211066
37.0184211 0.5917168569100173 0.007107525353966611
37.0684211 0.5917110805162071 0.007107503548113512
37.1184211 0.5917053848592895 0.007107482047273918
37.1684211 0.5916997687987751 0.007107460847132799
37.2184211 0.5916942312104884 0.007107439943437024
37.2684211 0.5916887709863317 0.007107419331994463
37.3184211 0.5916833870340507 0.007107399008673091
37.3684211 0.5916780782770055 0.007107378969400118
37.4184211 0.5916728436539437 0.007107359210161122
37.4684211 0.5916676821187776 0.007107339726999193
37.5184211 0.591662592640364 0.007107320516014108
37.5684211 0.591657574202288 0.007107301573361491
37.6184211 0.5916526258026492 0.007107282895252011
37.6684211 0.5916477464538515 0.00710726447795057
37.7184211 0.5916429351823965 0.007107246317775528
37.7684211 0.5916381910286788 0.007107228411097911
37.8184211 0.5916335130467849 0.007107210754340652
37.8684211 0.5916289003042957 0.007107193343977839
37.9184211 0.5916243518820904 0.007107176176533964
37.9684211 0.5916198668741546 0.007107159248583196
38.0184211 0.5916154443873912 0.007107142556748658
38.0684211 0.5916110835414329 0.00710712609770172
38.1184211 0.5916067834684585 0.007107109868161289
38.1684211 0.5916025433130119 0.007107093864893129
38.2184211 0.5915983622318229 0.007107078084709175
38.2684211 0.5915942393936321 0.007107062524466868
38.3184211 0.5915901739790164 0.007107047181068495
38.3684211 0.5915861651802188 0.007107032051460531
38.4184211 0.5915822122009802 0.007107017132633009
38.4684211 0.5915783142563726 0.007107002421618882
38.5184211 0.591574470572637 0.007106987915493409
38.5684211 0.591570680387021 0.007106973611373532
38.6184211 0.5915669429476208 0.007106959506417283
38.6684211 0.5915632575132249 0.007106945597823182
38.7184211 0.5915596233531597 0.007106931882829655
38.7684211 0.5915560397471378 0.007106918358714459
38.8184211 0.5915525059851082 0.007106905022794104
38.8684211 0.5915490213671095 0.00710689187242331
38.9184211 0.5915455852031237 0.007106878904994431
38.9684211 0.5915421968129339 0.007106866117936937
39.0184211 0.5915388555259827 0.00710685350871686
39.0684211 0.5915355606812337 0.007106841074836273
39.1184211 0.591532311627034 0.007106828813832771
39.1684211 0.5915291077209797 0.007106816723278952
39.2184211 0.5915259483297827 0.00710680480078192
39.2684211 0.5915228328291396 0.007106793043982786
39.3184211 0.5915197606036031 0.007106781450556169
39.3684211 0.5915167310464541 0.007106770018209727
39.4184211 0.5915137435595764 0.007106758744683669
39.4684211 0.5915107975533336 0.007106747627750293
39.5184211 0.591507892446447 0.007106736665213519
39.5684211 0.5915050276658755 0.007106725854908442
39.6184211 0.5915022026466981 0.007106715194700871
39.6684211 0.591499416831996 0.007106704682486899
39.7184211 0.5914966696727396 0.00710669431619246
39.7684211 0.5914939606276738 0.007106684093772901
39.8184211 0.5914912891632073 0.007106674013212562
39.8684211 0.5914886547533025 0.007106664072524353
39.9184211 0.5914860568793676 0.007106654269749357
39.9684211 0.5914834950301492 0.007106644602956404
40.0184211 0.5914809687016277 0.007106635070241693
40.0684211 0.5914784773969137 0.007106625669728387
40.1184211 0.5914760206261458 0.00710661639956623
40.1684211 0.5914735979063895 0.007106607257931163
40.2184211 0.5914712087615389 0.007106598243024952
40.2684211 0.5914688527222184 0.007106589353074813
40.3184211 0.5914665293256866 0.007106580586333053
40.3684211 0.5914642381157411 0.007106571941076702
40.4184211 0.5914619786426257 0.007106563415607166
40.4684211 0.5914597504629374 0.007106555008249873
40.5184211 0.5914575531395361 0.007106546717353932
40.5684211 0.5914553862414548 0.007106538541291793
40.6184211 0.5914532493438117 0.00710653047845891
40.6684211 0.5914511420277229 0.007106522527273415
40.7184211 0.5914490638802168 0.00710651468617579
40.7684211 0.59144701449415 0.007106506953628553
40.8184211 0.591444993468124 0.007106499328115934
40.8684211 0.5914430004064026 0.007106491808143577
40.9184211 0.5914410349188319 0.007106484392238216
40.9684211 0.5914390966207601 0.007106477078947392
41.0184211 0.5914371851329593 0.007106469866839143
41.0684211 0.5914353000815479 0.007106462754501717
41.1184211 0.5914334410979146 0.007106455740543279
41.1684211 0.5914316078186432 0.007106448823591635
41.2184211 0.5914297998854384 0.007106442002293936
41.2684211 0.5914280169450532 0.007106435275316421
41.3184211 0.5914262586492162 0.007106428641344129
41.3684211 0.5914245246545616 0.00710642209908064
41.4184211 0.591422814622559 0.007106415647247802
41.4684211 0.5914211282194441 0.007106409284585481
41.5184211 0.5914194651161517 0.007106403009851296
41.5684211 0.5914178249882481 0.007106396821820368
41.6184211 0.5914162075158655 0.007106390719285072
41.6684211 0.5914146123836371 0.007106384701054789
41.7184211 0.5914130392806327 0.007106378765955665
41.7684211 0.5914114879002962 0.007106372912830373
41.8184211 0.5914099579403828 0.007106367140537877
41.8684211 0.5914084491028981 0.007106361447953195
41.9184211 0.5914069610940376 0.007106355833967178
41.9684211 0.5914054936241268 0.007106350297486283
42.0184211 0.5914040464075632 0.00710634483743235
42.0684211 0.591402619162758 0.007106339452742377
42.1184211 0.5914012116120794 0.007106334142368317
42.1684211 0.5913998234817955 0.007106328905276856
42.2184211 0.5913984545020204 0.007106323740449203
42.2684211 0.5913971044066585 0.007106318646880889
42.3184211 0.591395772933351 0.007106313623581566
42.3684211 0.5913944598234231 0.007106308669574791
42.4184211 0.5913931648218315 0.007106303783897847
42.4684211 0.5913918876771129 0.007106298965601537
42.5184211 0.5913906281413336 0.007106294213749996
42.5684211 0.5913893859700388 0.0071062895274205
42.6184211 0.5913881609222038 0.007106284905703281
42.6684211 0.5913869527601853 0.007106280347701339
42.7184211 0.5913857612496735 0.007106275852530271
42.7684211 0.5913845861596445 0.00710627141931808
42.8184211 0.5913834272623144 0.007106267047205007
42.8684211 0.5913822843330929 0.007106262735343352
42.9184211 0.5913811571505384 0.00710625848289731
42.9684211 0.5913800454963132 0.007106254289042799
43.0184211 0.5913789491551398 0.007106250152967291
43.0684211 0.5913778679147572 0.007106246073869651
43.1184211 0.5913768015658789 0.007106242050959977
43.1684211 0.5913757499021501 0.007106238083459438
43.2184211 0.5913747127201068 0.007106234170600121
43.2684211 0.5913736898191345 0.007106230311624872
43.3184211 0.5913726810014284 0.007106226505787147
43.3684211 0.591371686071953 0.00710622275235086
43.4184211 0.5913707048384038 0.007106219050590236
43.4684211 0.5913697371111679 0.007106215399789666
43.5184211 0.5913687827032866 0.007106211799243561
43.5684211 0.5913678414304178 0.007106208248256215
43.6184211 0.5913669131107986 0.007106204746141658
43.6684211 0.5913659975652096 0.007106201292223524
43.7184211 0.5913650946169383 0.007106197885834912
43.7684211 0.5913642040917444 0.00710619452631826
43.8184211 0.5913633258178244 0.007106191213025199
43.8684211 0.5913624596257772 0.007106187945316438
43.9184211 0.5913616053485707 0.007106184722561625
43.9684211 0.5913607628215082 0.007106181544139228
44.0184211 0.591359931882195 0.007106178409436405
44.0684211 0.5913591123705068 0.007106175317848888
44.1184211 0.5913583041285568 0.007106172268780853
44.1684211 0.5913575070006653 0.007106169261644809
44.2184211 0.5913567208333271 0.007106166295861479
44.2684211 0.5913559454751823 0.007106163370859679
44.3184211 0.5913551807769853 0.007106160486076211
44.3684211 0.5913544265915753 0.007106157640955744
44.4184211 0.5913536827738468 0.007106154834950713
44.4684211 0.5913529491807207 0.007106152067521191
44.5184211 0.591352225671116 0.007106149338134807
44.5684211 0.5913515121059216 0.007106146646266616
44.6184211 0.5913508083479685 0.007106143991399012
44.6684211 0.5913501142620023 0.007106141373021609
44.7184211 0.5913494297146568 0.007106138790631157
44.7684211 0.5913487545744269 0.007106136243731425
44.8184211 0.5913480887116429 0.00710613373183311
44.8684211 0.5913474319984446 0.007106131254453747
44.9184211 0.5913467843087556 0.007106128811117596
44.9684211 0.5913461455182587 0.007106126401355561
45.0184211 0.5913455155043706 0.007106124024705091
45.0684211 0.5913448941462182 0.00710612168071009
45.1184211 0.591344281324614 0.007106119368920824
45.1684211 0.5913436769220332 0.007106117088893835
45.2184211 0.5913430808225895 0.00710611484019185
45.2684211 0.5913424929120127 0.007106112622383698
45.3184211 0.5913419130776258 0.007106110435044216
45.3684211 0.5913413412083229 0.007106108277754176
45.4184211 0.5913407771945467 0.007106106150100192
45.4684211 0.5913402209282673 0.007106104051674647
45.5184211 0.5913396723029605 0.007106101982075601
45.5684211 0.5913391312135868 0.007106099940906724
45.6184211 0.5913385975565707 0.007106097927777205
45.6684211 0.59133807122978 0.007106095942301687
45.7184211 0.5913375521325055 0.00710609398410018
45.7684211 0.5913370401654415 0.007106092052797989
45.8184211 0.5913365352306659 0.007106090148025645
45.8684211 0.5913360372316208 0.007106088269418828
45.9184211 0.5913355460730935 0.00710608641661829
45.9684211 0.5913350616611975 0.007106084589269794
46.0184211 0.5913345839033542 0.007106082787024034
46.0684211 0.5913341127082747 0.007106081009536575
46.1184211 0.5913336479859415 0.007106079256467777
46.1684211 0.5913331896475906 0.007106077527482736
46.2184211 0.5913327376056946 0.007106075822251208
46.2684211 0.5913322917739448 0.007106074140447552
46.3184211 0.5913318520672343 0.007106072481750664
46.3684211 0.5913314184016416 0.007106070845843911
46.4184211 0.5913309906944139 0.007106069232415069
46.4684211 0.5913305688639503 0.007106067641156265
46.5184211 0.5913301528297864 0.007106066071763913
46.5684211 0.5913297425125782 0.007106064523938653
46.6184211 0.5913293378340863 0.007106062997385298
46.6684211 0.5913289387171605 0.00710606149181277
46.7184211 0.5913285450857253 0.007106060006934041
46.7684211 0.5913281568647637 0.007106058542466084
46.8184211 0.5913277739803036 0.007106057098129817
46.8684211 0.5913273963594026 0.007106055673650034
46.9184211 0.591327023930134 0.007106054268755369
46.9684211 0.5913266566215724 0.007106052883178235
47.0184211 0.5913262943637797 0.007106051516654768
47.0684211 0.5913259370877919 0.007106050168924778
47.1184211 0.5913255847256049 0.007106048839731703
47.1684211 0.5913252372101616 0.007106047528822549
47.2184211 0.5913248944753385 0.007106046235947848
47.2684211 0.5913245564559327 0.007106044960861604
47.3184211 0.5913242230876495 0.007106043703321251
47.3684211 0.5913238943070891 0.007106042463087598
47.4184211 0.5913235700517347 0.007106041239924783
47.4684211 0.5913232502599403 0.007106040033600233
47.5184211 0.591322934870918 0.007106038843884614
47.5684211 0.5913226238247271 0.007106037670551789
47.6184211 0.5913223170622612 0.007106036513378763
47.6684211 0.5913220145252375 0.007106035372145655
47.7184211 0.5913217161561848 0.007106034246635645
47.7684211 0.5913214218984327 0.007106033136634935
47.8184211 0.5913211316961003 0.007106032041932704
47.8684211 0.5913208454940854 0.007106030962321069
47.9184211 0.5913205632380533 0.007106029897595048
47.9684211 0.5913202848744268 0.007106028847552509
48.0184211 0.5913200103503752 0.007106027811994146
48.0684211 0.5913197396138042 0.007106026790723422
48.1184211 0.5913194726133459 0.007106025783546551
48.1684211 0.5913192092983484 0.007106024790272437
48.2184211 0.5913189496188658 0.007106023810712658
48.2684211 0.591318693525649 0.007106022844681419
48.3184211 0.591318440970136 0.00710602189199551
48.3684211 0.5913181919044416 0.007106020952474285
48.4184211 0.5913179462813491 0.007106020025939614
48.4684211 0.5913177040543006 0.007106019112215855
48.5184211 0.5913174651773877 0.007106018211129813
48.5684211 0.5913172296053429 0.007106017322510718
48.6184211 0.591316997293531 0.007106016446190179
48.6684211 0.5913167681979398 0.007106015582002159
48.7184211 0.5913165422751716 0.007106014729782939
48.7684211 0.5913163194824351 0.007106013889371088
48.8184211 0.5913160997775371 0.00710601306060743
48.8684211 0.5913158831188737 0.007106012243335016
48.9184211 0.5913156694654228 0.007106011437399089
48.9684211 0.5913154587767357 0.007106010642647055
49.0184211 0.5913152510129297 0.007106009858928458
49.0684211 0.5913150461346798 0.007106009086094944
49.1184211 0.5913148441032111 0.007106008324000237
49.1684211 0.5913146448802917 0.007106007572500106
49.2184211 0.591314448428225 0.007106006831452343
49.2684211 0.5913142547098423 0.00710600610071673
49.3184211 0.5913140636884957 0.007106005380155015
49.3684211 0.5913138753280506 0.007106004669630878
49.4184211 0.5913136895928793 0.007106003969009921
49.4684211 0.5913135064478537 0.007106003278159623
49.5184211 0.5913133258583385 0.007106002596949323
49.5684211 0.5913131477901844 0.007106001925250195
49.6184211 0.5913129722097217 0.007106001262935225
49.6684211 0.5913127990837534 0.007106000609879178
49.7184211 0.5913126283795492 0.007105999965958582
49.7684211 0.5913124600648388 0.007105999331051701
49.8184211 0.5913122941078059 0.007105998705038508
49.8684211 0.5913121304770818 0.00710599808780067
49.9184211 0.591311969141739 0.007105997479221517
49.9684211 0.5913118100712862 0.007105996879186022
50.0184211 0.5913116532356614 0.007105996287580778
50.0684211 0.5913114986052266 0.007105995704293983
50.1184211 0.5913113461507616 0.007105995129215404
50.1684211 0.5913111958434589 0.007105994562236369
50.2184211 0.5913110476549178 0.007105994003249741
50.2684211 0.5913109015571388 0.007105993452149894
50.3184211 0.5913107575225184 0.007105992908832699
50.3684211 0.5913106155238435 0.007105992373195497
50.4184211 0.5913104755342862 0.007105991845137086
50.4684211 0.591310337527399 0.007105991324557694
50.5184211 0.5913102014771092 0.007105990811358967
50.5684211 0.5913100673577139 0.007105990305443944
50.6184211 0.5913099351438751 0.007105989806717042
50.6684211 0.5913098048106149 0.007105989315084037
50.7184211 0.5913096763333104 0.007105988830452041
50.7684211 0.5913095496876893 0.007105988352729493
50.8184211 0.5913094248498248 0.007105987881826131
50.8684211 0.5913093017961314 0.007105987417652985
50.9184211 0.5913091805033598 0.00710598696012235
50.9684211 0.5913090609485929 0.007105986509147778
51.0184211 0.5913089431092411 0.00710598606464405
51.0684211 0.5913088269630379 0.007105985626527173
51.1184211 0.5913087124880357 0.007105985194714351
51.1684211 0.5913085996626017 0.007105984769123982
51.2184211 0.5913084884654134 0.007105984349675628
51.2684211 0.5913083788754545 0.007105983936290011
51.3184211 0.591308270872011 0.007105983528888992
51.3684211 0.5913081644346672 0.007105983127395557
51.4184211 0.5913080595433017 0.007105982731733801
51.4684211 0.5913079561780835 0.007105982341828918
51.5184211 0.591307854319468 0.007105981957607178
51.5684211 0.5913077539481935 0.007105981578995923
51.6184211 0.5913076550452772 0.007105981205923543
51.6684211 0.5913075575920118 0.007105980838319468
51.7184211 0.5913074615699618 0.007105980476114156
51.7684211 0.5913073669609599 0.007105980119239074
51.8184211 0.5913072737471031 0.007105979767626689
51.8684211 0.59130718191075 0.007105979421210453
51.9184211 0.591307091434517 0.007105979079924787
51.9684211 0.5913070023012745 0.007105978743705078
52.0184211 0.5913069144941445 0.007105978412487656
52.0684211 0.5913068279964966 0.007105978086209787
52.1184211 0.591306742791945 0.00710597776480966
52.1684211 0.5913066588643454 0.007105977448226375
52.2184211 0.591306576197792 0.007105977136399931
52.2684211 0.591306494776614 0.007105976829271213
52.3184211 0.591306414585373 0.007105976526781986
52.3684211 0.5913063356088597 0.007105976228874874
52.4184211 0.5913062578320912 0.007105975935493361
52.4684211 0.5913061812403079 0.00710597564658177
52.5184211 0.5913061058189706 0.007105975362085253
52.5684211 0.591306031553758 0.00710597508194979
52.6184211 0.5913059584305639 0.007105974806122167
52.6684211 0.5913058864354939 0.007105974534549974
52.7184211 0.5913058155548633 0.007105974267181586
52.7684211 0.5913057457751943 0.007105974003966163
52.8184211 0.5913056770832134 0.007105973744853635
52.8684211 0.5913056094658483 0.007105973489794692
52.9184211 0.5913055429102266 0.007105973238740773
52.9684211 0.5913054774036721 0.007105972991644062
53.0184211 0.5913054129337026 0.007105972748457477
53.0684211 0.5913053494880282 0.007105972509134653
53.1184211 0.5913052870545478 0.007105972273629944
53.1684211 0.5913052256213478 0.00710597204189841
53.2184211 0.591305165176699 0.007105971813895808
53.2684211 0.5913051057090547 0.007105971589578576
53.3184211 0.5913050472070485 0.007105971368903843
53.3684211 0.5913049896594919 0.007105971151829402
53.4184211 0.5913049330553721 0.007105970938313711
53.4684211 0.5913048773838502 0.00710597072831588
53.5184211 0.5913048226342587 0.007105970521795676
53.5684211 0.5913047687960994 0.007105970318713493
53.6184211 0.591304715859042 0.007105970119030363
53.6684211 0.5913046638129212 0.007105969922707943
53.7184211 0.5913046126477355 0.007105969729708504
53.7684211 0.5913045623536445 0.007105969539994927
53.8184211 0.5913045129209675 0.007105969353530692
53.8684211 0.5913044643401817 0.007105969170279882
53.9184211 0.5913044166019197 0.007105968990207157
53.9684211 0.5913043696969684 0.007105968813277768
54.0184211 0.5913043236162671 0.007105968639457531
54.0684211 0.5913042783509049 0.007105968468712838
54.1184211 0.5913042338921202 0.007105968301010636
54.1684211 0.5913041902312979 0.007105968136318426
54.2184211 0.5913041473599683 0.007105967974604263
54.2684211 0.5913041052698054 0.007105967815836735
54.3184211 0.5913040639526251 0.007105967659984974
54.3684211 0.5913040234003837 0.007105967507018635
54.4184211 0.5913039836051762 0.007105967356907903
54.4684211 0.591303944559235 0.007105967209623473
54.5184211 0.5913039062549279 0.007105967065136559
54.5684211 0.5913038686847572 0.007105966923418874
54.6184211 0.5913038318413577 0.007105966784442638
54.6684211 0.5913037957174957 0.007105966648180565
54.7184211 0.5913037603060671 0.007105966514605857
54.7684211 0.5913037256000963 0.007105966383692199
54.8184211 0.5913036915927347 0.007105966255413759
54.8684211 0.5913036582772595 0.007105966129745176
54.9184211 0.5913036256470722 0.007105966006661561
54.9684211 0.5913035936956973 0.007105965886138486
55.0184211 0.5913035624167811 0.007105965768151985
55.0684211 0.5913035318040902 0.007105965652678545
55.1184211 0.5913035018515109 0.007105965539695103
55.1684211 0.5913034725530472 0.007105965429179042
55.2184211 0.5913034439028196 0.007105965321108182
55.2684211 0.591303415895065 0.007105965215460787
55.3184211 0.5913033885241341 0.007105965112215544
55.3684211 0.5913033617844914 0.007105965011351574
55.4184211 0.5913033356707132 0.007105964912848418
55.4684211 0.5913033101774875 0.007105964816686037
55.5184211 0.5913032852996118 0.007105964722844807
55.5684211 0.591303261031993 0.007105964631305518
55.6184211 0.591303237369646 0.007105964542049361
55.6684211 0.5913032143076923 0.007105964455057939
55.7184211 0.5913031918413597 0.007105964370313248
55.7684211 0.5913031699659809 0.007105964287797683
55.8184211 0.5913031486769925 0.007105964207494028
55.8684211 0.5913031279699345 0.007105964129385462
55.9184211 0.5913031078404487 0.007105964053455545
55.9684211 0.5913030882842786 0.007105963979688218
56.0184211 0.5913030692972676 0.007105963908067807
56.0684211 0.5913030508753593 0.007105963838579005
56.1184211 0.5913030330145954 0.007105963771206885
56.1684211 0.591303015711116 0.007105963705936885
56.2184211 0.5913029989611577 0.007105963642754809
56.2684211 0.5913029827610538 0.007105963581646828
56.3184211 0.5913029671072328 0.007105963522599465
56.3684211 0.5913029519962182 0.007105963465599612
56.4184211 0.5913029374246273 0.007105963410634505
56.4684211 0.5913029233891707 0.007105963357691737
56.5184211 0.5913029098866517 0.007105963306759251
56.5684211 0.5913028969139654 0.007105963257825334
56.6184211 0.5913028844680981 0.007105963210878616
56.6684211 0.5913028725461265 0.007105963165908072
56.7184211 0.5913028611452175 0.007105963122903016
56.7684211 0.591302850262627 0.007105963081853095
56.8184211 0.5913028398956998 0.007105963042748294
56.8684211 0.5913028300418686 0.00710596300557893
56.9184211 0.5913028206986537 0.007105962970335648
56.9684211 0.5913028118636623 0.007105962937009422
57.0184211 0.5913028035345881 0.007105962905591554
57.0684211 0.5913027957092104 0.007105962876073665
57.1184211 0.591302788385394 0.007105962848447701
57.1684211 0.5913027815610885 0.007105962822705928
57.2184211 0.5913027752343281 0.007105962798840933
57.2684211 0.5913027694032305 0.007105962776845613
57.3184211 0.5913027640659969 0.007105962756713185
57.3684211 0.5913027592209117 0.007105962738437176
57.4184211 0.5913027548663415 0.007105962722011423
57.4684211 0.5913027510007356 0.007105962707430081
57.5184211 0.5913027476226245 0.007105962694687603
57.5684211 0.5913027447306203 0.007105962683778756
57.6184211 0.5913027423234158 0.007105962674698608
57.6684211 0.5913027403997848 0.007105962667442534
57.7184211 0.5913027389585812 0.007105962662006211
57.7684211 0.5913027379987389 0.007105962658385616
57.8184211 0.5913027375192713 0.007105962656577031
57.8684211 0.5913027375192713 0.007105962656577031
