8.0 5.19103837115177 0.5409706322350162
8.050000000000001 5.025466132329266 0.4584287660219883
8.1 4.872020205857696 0.3932220585907402
8.15 4.729092947932913 0.3408582264309865
8.199999999999999 4.595383080413092 0.2982048574835655
8.25 4.469822124032392 0.2630249363588172
8.300000000000001 4.351521671657613 0.2336871785308956
8.35 4.239734799521766 0.208979906546512
8.4 4.133827300005101 0.1879882748965052
8.449999999999999 4.033255882005728 0.170011375349617
8.5 3.937551407459752 0.1545050937034568
8.550000000000001 3.846305829444394 0.1410419762911897
8.6 3.759161892344074 0.1292825638888022
8.65 3.675804921420961 0.1189546007548715
8.699999999999999 3.595956212765041 0.1098377434916172
8.75 3.519367663103109 0.101752170263121
8.800000000000001 3.445817370262973 0.09454999526570589
8.85 3.375106000900074 0.08810872712042823
8.9 3.307053770141395 0.08232623439695454
8.949999999999999 3.241497913302718 0.07711683483518102
9.0 3.178290556358584 0.07240823104900648
9.050000000000001 3.117296911865281 0.06813909002808174
9.1 3.058393742295488 0.06425711668751867
9.15 3.00146804447656 0.06071750973772122
9.199999999999999 2.946415917923017 0.05748171574752435
9.25 2.893141586965027 0.05451641750931029
9.300000000000001 2.841556552173867 0.05179270778888982
9.35 2.791578851024751 0.0492854107211047
9.4 2.743132411280527 0.04697252152575981
9.449999999999999 2.696146483425014 0.04483474160089163
9.5 2.650555140773235 0.04285509092775418
9.550000000000001 2.606296837752757 0.04101858347528364
9.6 2.563314018375008 0.03931195419942589
9.65 2.521552768166685 0.03772342849938598
9.699999999999999 2.480962503863259 0.03624252677049276
9.75 2.441495696021384 0.03485989809545709
9.800000000000001 2.403107620418237 0.03356717822771398
9.85 2.365756134700063 0.03235686790692408
9.9 2.329401477240599 0.03122222825683019
9.949999999999999 2.294006085589763 0.0301571905872802
10.0 2.259534432247641 0.02915627838445119
10.05 2.225952875799573 0.02821453964870982
10.1 2.193229525704054 0.02732748804570696
10.15 2.161334119243592 0.0264910515870054
10.2 2.130237909335748 0.0257015277626196
10.25 2.099913562062184 0.02495554421787663
10.3 2.070335062911926 0.02425002420779734
10.35 2.041477630854523 0.02358215617917558
10.4 2.013317639462265 0.02294936692805163
10.45 1.985832544390441 0.02234929786183125
10.5 1.959000816602844 0.02177978396371884
10.55 1.932801880797875 0.02123883511469802
10.6 1.907216058550324 0.02072461947686923
10.65 1.882224515736116 0.0202354486830571
10.7 1.857809213853281 0.01976976461247545
10.75 1.833952864892761 0.01932612756190523
10.8 1.810638889448387 0.01890320564714213
10.85 1.78785137778677 0.01849976529110086
10.9 1.76557505362582 0.01811466267349998
10.95 1.743795240395287 0.017746836032972
11.0 1.722497829774724 0.01739529872614986
11.05 1.701669252323847 0.01705913296010475
11.1 1.681296450037715 0.01673748412473284
11.15 1.661366850674713 0.01642955566054395
11.2 1.641868343719316 0.01613460440499281
11.25 1.622789257854066 0.01585193636717805
11.3 1.604118339826404 0.01558090288656019
11.35 1.585844734606128 0.01532089713643464
11.4 1.567957966738239 0.01507135093734264
11.45 1.550447922804183 0.01483173184949888
11.5 1.533304834911836 0.01460154051673271
11.55 1.516519265141245 0.01438030823744457
11.6 1.5000820908792 0.01416759474072424
11.65 1.483984490981148 0.01396298614810988
11.7 1.468217932703929 0.01376609310352644
11.75 1.452774159357337 0.01357654905576351
11.8 1.437645178626575 0.01339400867946608
11.85 1.422823251521421 0.01321814642204249
11.9 1.408300881911322 0.01304865516516496
11.95 1.394070806608722 0.01288524499066834
12.0 1.380125985965783 0.01272764204165946
12.05 1.366459594952217 0.01257558747054708
12.1 1.353065014684359 0.01242883646650391
12.15 1.339935824377749 0.01228715735558896
12.2 1.3270657936975 0.01215033076739925
12.25 1.314448875482559 0.01201814886269523
12.3 1.302079198821638 0.01189041461695923
12.35 1.289951062460156 0.01176694115530997
12.4 1.278058928518938 0.01164755113461184
12.45 1.266397416506744 0.01153207616899326
12.5 1.254961297609898 0.01142035629532533
12.55 1.24374548924341 0.01131223947551757
12.6 1.232745049849016 0.01120758113276174
12.65 1.221955173926522 0.01110624371910419
12.7 1.211371187285689 0.01100809631195169
12.75 1.200988542506764 0.01091301423731964
12.8 1.190802814598464 0.01082087871781625
12.85 1.180809696842974 0.01073157654352401
12.9 1.17100499681812 0.01064499976409177
12.95 1.161384632587541 0.01056104540048927
13.0 1.151944629050189 0.01047961517500186
13.05 1.142681114441045 0.01040061525815778
13.1 1.133590316975427 0.01032395603138471
13.15 1.124668561629697 0.01024955186428783
13.2 1.115912267051611 0.01017732090552848
13.25 1.107317942593955 0.01010718488636197
13.3 1.09888218546547 0.01003906893596583
13.35 1.09060167799341 0.009972901407756337
13.4 1.082473184992403 0.009908613715951909
13.45 1.074493551234589 0.009846140181697846
13.5 1.066659699016285 0.00978541788811815
13.55 1.058968625816683 0.009726386543706968
13.6 1.051417402044343 0.009668988353515505
13.65 1.044003168867478 0.009613167897629799
13.7 1.036723136124228 0.009558872016471291
13.75 1.029574580309331 0.009506049702485645
13.8 1.022554842633803 0.009454651997816204
13.85 1.015661327154384 0.00940463189758696
13.9 1.008891498969721 0.009355944258446181
13.95 1.002242882480366 0.009308545712046104
14.0 0.9957130597098668 0.009262394583156442
14.05 0.9892996686843215 0.009217450812130209
14.1 0.9830004018679349 0.009173675881459391
14.15 0.9768130046522182 0.00913103274617582
14.2 0.970735273896599 0.009089485767868801
14.25 0.9647650565183165 0.00904900065210641
14.3 0.95890024812958 0.009009544389061224
14.35 0.953138791720069 0.008971085197154487
14.4 0.9474786763829434 0.008933592469544603
14.45 0.941917936082622 0.008897036723297246
14.5 0.9364546484626683 0.008861389551084663
14.55 0.9310869336922016 0.008826623575271511
14.6 0.925812953349325 0.008792712404253573
14.65 0.920630909340133 0.008759630590924005
14.7 0.9155390428519259 0.008727353593149665
14.75 0.9105356333393209 0.008695857736147252
14.8 0.9056189975420108 0.008665120176655798
14.85 0.900787488532977 0.008635118868808342
14.9 0.8960394947960139 0.008605832531611495
14.95 0.8913734393314782 0.008577240617947107
15.0 0.8867877787892184 0.00854932328501536
15.05 0.8822810026276899 0.008522061366143394
15.1 0.8778516322983014 0.008495436343888052
15.15 0.8734982204540817 0.008469430324365493
15.2 0.8692193501817933 0.008444026012744365
15.25 0.865013634256658 0.008419206689842857
15.3 0.8608797144188917 0.008394956189773361
15.35 0.856816260671284 0.008371258878581735
15.4 0.8528219705970863 0.008348099633831114
15.45 0.8488955686975036 0.008325463825083044
15.5 0.8450358057481152 0.008303337295231372
15.55 0.8412414581735748 0.008281706342646758
15.6 0.8375113274399698 0.008260557704092088
15.65 0.8338442394642419 0.008239878538371121
15.7 0.8302390440400962 0.008219656410674882
15.75 0.8266946142798485 0.008199879277592154
15.8 0.823209846071683 0.008180535472752257
15.85 0.8197836575518126 0.008161613693070037
15.9 0.8164149885910521 0.008143102985564525
15.95 0.8131028002953379 0.008124992734724293
16.0 0.8098460745197413 0.008107272650393932
16.05 0.8066438133955426 0.008089932756157391
16.1 0.8034950388699474 0.008072963378195238
16.15 0.8003987922580459 0.008056355134593983
16.2 0.7973541338066251 0.008040098925086869
16.25 0.7943601422694664 0.008024185921206444
16.3 0.7914159144937658 0.00800860755683034
16.35 0.7885205650173347 0.007993355519102536
16.4 0.7856732256762475 0.007978421739713344
16.45 0.7828730452226157 0.007963798386522145
16.5 0.7801191889521798 0.007949477855507698
16.55 0.7774108383414219 0.007935452763031633
16.6 0.7747471906939102 0.007921715938401391
16.65 0.7721274587956012 0.007908260416719593
16.7 0.7695508705788296 0.007895079432007414
16.75 0.7670166687947303 0.007882166410590145
16.8 0.7645241106938429 0.007869514964733757
16.85 0.7620724677146586 0.007857118886521679
16.9 0.7596610251798782 0.007844972141961653
16.95 0.757289082000156 0.007833068865312945
17.0 0.7549559503851152 0.007821403353624624
17.05 0.752660955561425 0.007809970061476131
17.1 0.7504034354977362 0.007798763595911673
17.15 0.7481827406362839 0.007787778711560456
17.2 0.7459982336309636 0.007777010305935094
17.25 0.7438492890917037 0.007766453414900873
17.3 0.7417352933349535 0.007756103208308914
17.35 0.7396556441401191 0.007745954985786573
17.4 0.7376097505117816 0.007736004172678741
17.45 0.7355970324475367 0.007726246316133938
17.5 0.7336169207113034 0.007716677081329439
17.55 0.7316688566119498 0.007707292247829882
17.6 0.729752291787094 0.007698087706074039
17.65 0.7278666879919373 0.007689059453984728
17.7 0.7260115168929961 0.007680203593696999
17.75 0.7241862598665999 0.007671516328399966
17.8 0.722390407802028 0.007662993959287875
17.85 0.7206234609091627 0.007654632882616152
17.9 0.7188849285305384 0.007646429586858392
17.95 0.7171743289576705 0.007638380649960401
18.0 0.7154911892515529 0.007630482736687564
18.05 0.7138350450672144 0.007622732596062025
18.1 0.7122054404822288 0.007615127058886207
18.15 0.7106019278290757 0.007607663035349471
18.2 0.7090240675312537 0.007600337512714744
18.25 0.7074714279430485 0.007593147553082141
18.3 0.7059435851928637 0.007586090291226698
18.35 0.704440123030022 0.007579162932507478
18.4 0.7029606326749507 0.007572362750845384
18.45 0.7015047126726639 0.007565687086767168
18.5 0.7000719687494604 0.007559133345513202
18.55 0.6986620136727556 0.007552698995206686
18.6 0.697274467113969 0.00754638156508203
18.65 0.6959089555143929 0.007540178643770309
18.7 0.6945651119539663 0.007534087877639693
18.75 0.6932425760228843 0.007528106969188892
18.8 0.6919409936959718 0.007522233675491716
18.85 0.6906600172097552 0.007516465806690922
18.9 0.6893993049421649 0.007510801224539597
18.95 0.6881585212948064 0.007505237840988404
19.0 0.6869373365777356 0.007499773616817058
19.05 0.6857354268966808 0.007494406560308487
19.1 0.6845524740426493 0.007489134725964193
19.15 0.6833881653838647 0.007483956213259355
19.2 0.6822421937599769 0.007478869165436318
19.25 0.681114257378492 0.007473871768335123
19.3 0.6800040597133694 0.007468962249259812
19.35 0.678911309405735 0.007464138875879275
19.4 0.6778357201666592 0.00745939995516145
19.45 0.6767770106819547 0.00745474383233977
19.5 0.6757349045189436 0.007450168889910708
19.55 0.6747091300351485 0.007445673546661433
19.6 0.673699420288866 0.00744125625672651
19.65 0.672705512951574 0.007436915508672694
19.7 0.6717271502221354 0.00743264982461087
19.75 0.6707640787427536 0.007428457759334249
19.8 0.6698160495166414 0.007424337899481923
19.85 0.6688828178273637 0.007420288862726955
19.9 0.6679641431598151 0.007416309296988203
19.95 0.6670597891227976 0.00741239787966508
20.0 0.6661695233731592 0.007408553316894511
20.05 0.6652931175414607 0.007404774342829356
20.1 0.6644303471591352 0.007401059718937618
20.15 0.6635809915871068 0.007397408233321731
20.2 0.6627448339458363 0.007393818700057315
20.25 0.6619216610467624 0.007390289958550751
20.3 0.6611112633251064 0.007386820872914976
20.35 0.6603134347740112 0.007383410331362919
20.4 0.6595279728799848 0.00738005724561802
20.45 0.6587546785596191 0.007376760550341283
20.5 0.6579933560975574 0.007373519202574337
20.55 0.6572438130856816 0.007370332181198029
20.6 0.6565058603634933 0.007367198486406013
20.65 0.6557793119596635 0.007364117139192909
20.7 0.6550639850347239 0.007361087180856565
20.75 0.6543596998248761 0.007358107672513966
20.8 0.6536662795868958 0.007355177694630398
20.85 0.6529835505441056 0.00735229634656144
20.9 0.6523113418333953 0.007349462746107375
20.95 0.6516494854532681 0.007346676029079688
21.0 0.6509978162128878 0.007343935348879219
21.05 0.6503561716821096 0.00734123987608567
21.1 0.6497243921424702 0.007338588798058092
21.15 0.6491023205391191 0.007335981318546023
21.2 0.648489802433669 0.007333416657310972
21.25 0.6478866859579496 0.007330894049757915
21.3 0.6472928217686413 0.007328412746576524
21.35 0.6467080630027743 0.007325972013391829
21.4 0.6461322652340716 0.007323571130424035
21.45 0.6455652864301221 0.007321209392157214
21.5 0.6450069869103623 0.007318886107016624
21.55 0.6444572293048534 0.0073166005970544
21.6 0.643915878513835 0.007314352197643355
21.65 0.6433828016680411 0.007312140257178674
21.7 0.6428578680897604 0.007309964136787256
21.75 0.6423409492546289 0.007307823210044492
21.8 0.641831918754136 0.007305716862698262
21.85 0.6413306522588327 0.007303644492399928
21.9 0.640837027482225 0.007301605508442155
21.95 0.640350924145342 0.007299599331503325
22.0 0.6398722239419599 0.007297625393398385
22.05 0.6394008105044733 0.00729568313683593
22.1 0.6389365693703988 0.007293772015181354
22.15 0.6384793879494977 0.007291891492225886
22.2 0.6380291554915056 0.007290041041961356
22.25 0.6375857630544579 0.007288220148360528
22.3 0.6371491034735974 0.00728642830516284
22.35 0.6367190713308538 0.007284665015665392
22.4 0.6362955629248823 0.007282929792519062
22.45 0.6358784762416522 0.00728122215752958
22.5 0.6354677109255723 0.007279541641463443
22.55 0.6350631682511442 0.007277887783858515
22.6 0.6346647510951315 0.007276260132839214
22.65 0.6342723639092367 0.007274658244936134
22.7 0.6338859126932731 0.007273081684909991
22.75 0.6335053049688251 0.007271530025579776
22.8 0.6331304497533845 0.007270002847655003
22.85 0.6327612575349552 0.007268499739571934
22.9 0.6323976402471163 0.007267020297333677
22.95 0.6320395112445357 0.007265564124354068
23.0 0.6316867852789234 0.007264130831305197
23.05 0.6313393784754178 0.007262720035968525
23.1 0.6309972083093969 0.007261331363089474
23.15 0.6306601935837035 0.007259964444235395
23.2 0.6303282544062798 0.007258618917656831
23.25 0.6300013121682011 0.007257294428152003
23.3 0.6296792895221014 0.007255990626934392
23.35 0.6293621103609842 0.007254707171503389
23.4 0.6290496997974108 0.007253443725517891
23.45 0.6287419841430573 0.007252199958672796
23.5 0.6284388908886361 0.007250975546578291
23.55 0.6281403486841727 0.007249770170641896
23.6 0.6278462873196311 0.007248583517953161
23.65 0.6275566377058834 0.007247415281170974
23.7 0.627271331856014 0.007246265158413394
23.75 0.6269903028669541 0.007245132853149951
23.8 0.6267134849014399 0.007244018074096359
23.85 0.6264408131702872 0.007242920535111561
23.9 0.6261722239149794 0.007241839955097075
23.95 0.6259076543905584 0.00724077605789855
24.0 0.625647042848817 0.007239728572209499
24.05 0.6253903285217856 0.007238697231477168
24.1 0.6251374516055058 0.007237681773810428
24.15 0.6248883532440901 0.007236681941889725
24.2 0.624642975514056 0.00723569748287896
24.25 0.6244012614089364 0.007234728148339302
24.3 0.6241631548241549 0.007233773694144855
24.35 0.6239286005421657 0.007232833880400158
24.4 0.6236975442178503 0.007231908471359457
24.45 0.6234699323641678 0.007230997235347703
24.5 0.6232457123380535 0.007230099944683255
24.55 0.6230248323265607 0.007229216375602218
24.6 0.6228072413332434 0.007228346308184409
24.65 0.6225928891647717 0.007227489526280876
24.7 0.62238172641778 0.007226645817442957
24.75 0.6221737044659399 0.007225814972852847
24.8 0.6219687754472563 0.007224996787255608
24.85 0.621766892251581 0.007224191058892613
24.9 0.6215680085083412 0.007223397589436386
24.95 0.6213720785744775 0.007222616183926802
25.0 0.6211790575225892 0.007221846650708598
25.05 0.620988901129281 0.007221088801370204
25.1 0.62080156586371 0.007220342450683821
25.15 0.6206170088763279 0.007219607416546747
25.2 0.6204351879878137 0.007218883519923895
25.25 0.6202560616781968 0.007218170584791514
25.3 0.6200795890761635 0.007217468438082035
25.35 0.6199057299485459 0.007216776909630063
25.4 0.6197344446899892 0.007216095832119455
25.45 0.6195656943127933 0.007215425041031479
25.5 0.6193994404369281 0.007214764374594021
25.55 0.6192356452802159 0.007214113673731817
25.6 0.6190742716486809 0.007213472782017682
25.65 0.618915282927061 0.007212841545624729
25.7 0.6187586430694804 0.007212219813279534
25.75 0.6186043165902781 0.007211607436216246
25.8 0.6184522685549928 0.007211004268131605
25.85 0.6183024645714968 0.007210410165140856
25.9 0.6181548707812811 0.007209824985734533
25.95 0.6180094538508856 0.00720924859073611
26.0 0.6178661809634735 0.007208680843260469
26.05 0.6177250198105465 0.007208121608673205
26.1 0.617585938583799 0.007207570754550709
26.15 0.6174489059671081 0.007207028150641048
26.2 0.617313891128658 0.007206493668825606
26.25 0.6171808637131952 0.007205967183081466
26.3 0.6170497938344134 0.007205448569444526
26.35 0.6169206520674645 0.007204937705973334
26.4 0.6167934094415954 0.007204434472713621
26.45 0.6166680374329064 0.007203938751663511
26.5 0.61654450795723 0.007203450426739412
26.55 0.6164227933631282 0.007202969383742551
26.6 0.6163028664250054 0.007202495510326159
26.65 0.6161847003363363 0.007202028695963278
26.7 0.6160682687030052 0.007201568831915186
26.75 0.6159535455367559 0.007201115811200414
26.8 0.615840505248749 0.007200669528564364
26.85 0.6157291226432272 0.007200229880449492
26.9 0.6156193729112835 0.007199796764966053
26.95 0.6155112316247334 0.007199370081863417
27.0 0.6154046747300865 0.007198949732501893
27.05 0.6152996785426192 0.007198535619825107
27.1 0.6151962197405437 0.007198127648332892
27.15 0.6150942753592727 0.007197725724054677
27.2 0.6149938227857789 0.007197329754523375
27.25 0.6148948397530465 0.007196939648749767
27.3 0.6147973043346143 0.007196555317197345
27.35 0.6147011949392073 0.007196176671757634
27.4 0.6146064903054567 0.007195803625725966
27.45 0.6145131694967063 0.007195436093777694
27.5 0.6144212118959036 0.007195073991944864
27.55 0.6143305972005739 0.00719471723759329
27.6 0.6142413054178771 0.007194365749400066
27.65 0.6141533168597448 0.007194019447331486
27.7 0.6140666121380965 0.007193678252621367
27.75 0.6139811721601337 0.007193342087749766
27.8 0.6138969781237105 0.00719301087642208
27.85 0.6138140115127796 0.007192684543548538
27.9 0.6137322540929119 0.007192363015224051
27.95 0.6136516879068893 0.007192046218708432
28.0 0.6135722952703688 0.007191734082406977
28.05 0.6134940587676164 0.00719142653585139
28.1 0.6134169612473105 0.007191123509681046
28.15 0.6133409858184135 0.00719082493562461
28.2 0.6132661158461091 0.00719053074648196
28.25 0.6131923349478067 0.007190240876106454
28.3 0.6131196269892085 0.007189955259387494
28.35 0.6130479760804423 0.007189673832233428
28.4 0.612977366572254 0.007189396531554721
28.45 0.6129077830522639 0.007189123295247457
28.5 0.6128392103412817 0.007188854062177111
28.55 0.6127716334896816 0.007188588772162621
28.6 0.6127050377738346 0.007188327365960734
28.65 0.6126394086925999 0.007188069785250627
28.7 0.6125747319638709 0.007187815972618811
28.75 0.6125109935211773 0.007187565871544286
28.8 0.6124481795103419 0.007187319426383955
28.85 0.6123862762861908 0.00718707658235831
28.9 0.6123252704093158 0.007186837285537351
28.95 0.6122651486428896 0.007186601482826764
29.0 0.6122058979495306 0.007186369121954318
29.05 0.6121475054882192 0.007186140151456533
29.1 0.612089958611262 0.007185914520665545
29.15 0.6120332448613062 0.00718569217969622
29.2 0.6119773519683989 0.007185473079433485
29.25 0.6119222678470961 0.007185257171519869
29.3 0.6118679805936166 0.007185044408343281
29.35 0.61181447848304 0.007184834743024971
29.4 0.6117617499665519 0.007184628129407719
29.45 0.6117097836687297 0.00718442452204422
29.5 0.611658568384875 0.007184223876185661
29.55 0.6116080930783849 0.007184026147770506
29.6 0.611558346878168 0.00718383129341346
29.65 0.6115093190760993 0.007183639270394641
29.7 0.6114609991245163 0.007183450036648904
29.75 0.6114133766337548 0.007183263550755382
29.8 0.6113664413697233 0.00718307977192718
29.85 0.6113201832515162 0.007182898660001259
29.9 0.6112745923490643 0.007182720175428473
29.95 0.6112296588808233 0.0071825442792638
30.0 0.6111853732114969 0.007182370933156719
30.05 0.6111417258497984 0.007182200099341746
30.1 0.6110987074462457 0.007182031740629155
30.15 0.6110563087909915 0.007181865820395822
30.2 0.6110145208116881 0.007181702302576247
30.25 0.6109733345713853 0.007181541151653718
30.3 0.6109327412664619 0.007181382332651622
30.35 0.6108927322245893 0.007181225811124903
30.4 0.610853298902727 0.00718107155315166
30.45 0.6108144328851504 0.007180919525324894
30.5 0.6107761258815084 0.007180769694744383
30.55 0.6107383697249124 0.007180622029008689
30.6 0.6107011563700548 0.007180476496207318
30.65 0.6106644778913574 0.007180333064912984
30.7 0.6106283264811477 0.007180191704174019
30.75 0.610592694447866 0.007180052383506905
30.8 0.6105575742142977 0.007179915072888923
30.85 0.6105229583158355 0.007179779742750935
30.9 0.6104888393987675 0.00717964636397027
30.95 0.6104552102185929 0.007179514907863744
31.0 0.6104220636383632 0.007179385346180781
31.05 0.6103893926270496 0.007179257651096654
31.1 0.6103571902579366 0.007179131795205837
31.15 0.6103254497070387 0.007179007751515465
31.2 0.6102941642515444 0.007178885493438894
31.25 0.6102633272682819 0.007178764994789385
31.3 0.6102329322322108 0.007178646229773867
31.35 0.6102029727149353 0.007178529172986825
31.4 0.6101734423832422 0.007178413799404266
31.45 0.6101443349976607 0.007178300084377803
31.5 0.6101156444110449 0.007178188003628827
31.55 0.6100873645671779 0.007178077533242761
31.6 0.610059489499398 0.007177968649663436
31.65 0.6100320133292462 0.007177861329687525
31.7 0.610004930265134 0.0071777555504591
31.75 0.6099782346010332 0.007177651289464247
31.8 0.6099519207151842 0.007177548524525792
31.85 0.6099259830688259 0.007177447233798095
31.9 0.6099004162049444 0.007177347395761938
31.95 0.6098752147470408 0.007177248989219495
32.0 0.6098503733979189 0.007177151993289376
32.05 0.6098258869384913 0.007177056387401758
32.1 0.6098017502266031 0.007176962151293588
32.15000000000001 0.6097779581958754 0.007176869265003873
32.2 0.6097545058545649 0.007176777708869033
32.25 0.6097313882844424 0.007176687463518335
32.3 0.6097086006396876 0.007176598509869401
32.35 0.6096861381458017 0.00717651082912379
32.40000000000001 0.6096639960985366 0.007176424402762636
32.45 0.6096421698628397 0.007176339212542381
32.5 0.6096206548718164 0.007176255240490546
32.55 0.6095994466257072 0.0071761724689016
32.6 0.6095785406908814 0.007176090880332869
32.65000000000001 0.6095579326988457 0.007176010457600523
32.7 0.6095376183452687 0.007175931183775629
32.75 0.6095175933890191 0.007175853042180259
32.8 0.6094978536512204 0.007175776016383656
32.85 0.6094783950143187 0.007175700090198482
32.90000000000001 0.6094592134211652 0.0071756252476771
32.95 0.6094403048741128 0.007175551473107929
33.0 0.609421665434127 0.007175478751011853
33.05 0.6094032912199092 0.007175407066138688
33.1 0.6093851784070347 0.007175336403463706
33.15000000000001 0.6093673232271029 0.007175266748184201
33.2 0.6093497219669016 0.007175198085716136
33.25 0.6093323709675825 0.007175130401690813
33.3 0.6093152666238509 0.007175063681951617
33.35 0.6092984053831666 0.007174997912550799
33.40000000000001 0.6092817837449573 0.007174933079746312
33.45 0.6092653982598448 0.007174869169998702
33.5 0.6092492455288816 0.007174806169968045
33.55 0.6092333222028002 0.007174744066510924
33.6 0.6092176249812733 0.007174682846677467
33.65000000000001 0.6092021506121856 0.007174622497708419
33.7 0.6091868958909166 0.007174563007032273
33.75 0.6091718576596337 0.007174504362262427
33.8 0.6091570328065972 0.007174446551194407
33.85 0.6091424182654748 0.007174389561803114
33.90000000000001 0.6091280110146673 0.00717433338224013
33.95 0.6091138080766438 0.007174278000831053
34.0 0.6090998065172878 0.007174223406072881
34.05 0.6090860034452523 0.007174169586631432
34.1 0.6090723960113257 0.007174116531338816
34.15000000000001 0.6090589814078065 0.007174064229190922
34.2 0.6090457568678876 0.007174012669344971
34.25 0.6090327196650507 0.007173961841117092
34.3 0.6090198671124682 0.007173911733979932
34.35 0.6090071965624166 0.007173862337560318
34.40000000000001 0.6089947054056963 0.007173813641636943
34.45 0.6089823910710617 0.007173765636138088
34.5 0.6089702510246592 0.007173718311139388
34.55 0.6089582827694745 0.007173671656861623
34.6 0.6089464838447871 0.007173625663668548
34.65000000000001 0.6089348518256342 0.00717358032206476
34.7 0.6089233843222819 0.007173535622693582
34.75 0.6089120789797043 0.007173491556335006
34.8 0.6089009334770715 0.007173448113903637
34.85 0.6088899455272442 0.007173405286446697
34.90000000000001 0.6088791128762759 0.007173363065142037
34.95 0.6088684333029241 0.007173321441296201
35.0 0.6088579046181665 0.007173280406342492
35.05 0.6088475246647268 0.007173239951839099
35.1 0.608837291316606 0.007173200069467227
35.15000000000001 0.6088272024786219 0.007173160751029275
35.2 0.6088172560859542 0.007173121988447023
35.25 0.6088074501036979 0.007173083773759865
35.3 0.6087977825264222 0.007173046099123056
35.35 0.6087882513777372 0.007173008956805991
35.40000000000001 0.6087788547098656 0.007172972339190512
35.45 0.6087695906032226 0.007172936238769241
35.5 0.6087604571660001 0.007172900648143922
35.55 0.6087514525337596 0.007172865560023825
35.6 0.6087425748690285 0.007172830967224129
35.65000000000001 0.6087338223609045 0.007172796862664371
35.7 0.6087251932246651 0.007172763239366883
35.75 0.6087166857013829 0.007172730090455288
35.8 0.6087082980575471 0.007172697409152979
35.85 0.6087000285846901 0.007172665188781666
35.90000000000001 0.6086918755990197 0.007172633422759899
35.95 0.6086838374410579 0.007172602104601656
36.0 0.6086759124752835 0.007172571227914919
36.05 0.6086680990897811 0.007172540786400288
36.1 0.6086603956958951 0.007172510773849616
36.15000000000001 0.6086528007278885 0.007172481184144664
36.2 0.6086453126426076 0.007172452011255766
36.25 0.6086379299191508 0.007172423249240527
36.3 0.608630651058543 0.00717239489224254
36.35 0.6086234745834144 0.007172366934490108
36.40000000000001 0.6086163990376845 0.007172339370295008
36.45 0.6086094229862506 0.007172312194051251
36.5 0.6086025450146808 0.007172285400233879
36.55 0.6085957637289118 0.007172258983397764
36.6 0.6085890777549511 0.007172232938176443
36.65000000000001 0.6085824857385838 0.007172207259280952
36.7 0.6085759863450833 0.007172181941498693
36.75 0.608569578258927 0.007172156979692304
36.8 0.6085632601835156 0.007172132368798563
36.85 0.608557030840897 0.007172108103827294
36.90000000000001 0.6085508889714939 0.007172084179860292
36.95 0.6085448333338359 0.00717206059205027
37.0 0.6085388627042952 0.007172037335619818
37.05 0.6085329758768265 0.007172014405860377
37.1 0.6085271716627105 0.007171991798131232
37.15000000000001 0.6085214488903015 0.007171969507858512
37.2 0.6085158064047782 0.007171947530534217
37.25 0.6085102430678991 0.007171925861715245
37.3 0.6085047577577609 0.007171904497022455
37.35 0.6084993493685602 0.007171883432139714
37.40000000000001 0.6084940168103595 0.00717186266281299
37.45 0.6084887590088564 0.007171842184849429
37.5 0.6084835749051553 0.007171821994116475
37.55 0.6084784634555442 0.007171802086540977
37.6 0.6084734236312737 0.007171782458108328
37.65000000000001 0.6084684544183386 0.007171763104861603
37.7 0.6084635548172651 0.007171744022900726
37.75 0.6084587238428982 0.00717172520838163
37.8 0.6084539605241943 0.007171706657515441
37.85 0.6084492639040164 0.007171688366567682
37.90000000000001 0.6084446330389316 0.007171670331857468
37.95 0.6084400669990127 0.007171652549756729
38.0 0.6084355648676415 0.007171635016689444
38.05 0.6084311257413167 0.007171617729130873
38.1 0.6084267487294628 0.007171600683606819
38.15000000000001 0.6084224329542426 0.007171583876692886
38.2 0.6084181775503729 0.00717156730501376
38.25 0.6084139816649422 0.007171550965242484
38.3 0.6084098444572318 0.007171534854099765
38.35 0.6084057650985385 0.007171518968353276
38.40000000000001 0.6084017427720011 0.00717150330481697
38.45 0.6083977766724288 0.007171487860350417
38.5 0.6083938660061318 0.007171472631858127
38.55 0.6083900099907552 0.007171457616288908
38.6 0.6083862078551149 0.007171442810635215
38.65000000000001 0.6083824588390359 0.007171428211932526
38.7 0.6083787621931931 0.007171413817258707
38.75 0.6083751171789543 0.007171399623733398
38.8 0.6083715230682256 0.007171385628517415
38.85 0.6083679791432993 0.007171371828812145
38.90000000000001 0.6083644846967032 0.007171358221858959
38.95 0.6083610390310535 0.007171344804938635
39.0 0.6083576414589085 0.007171331575370785
39.05 0.608354291302625 0.007171318530513288
39.1 0.6083509878942173 0.007171305667761746
39.15000000000001 0.6083477305752173 0.007171292984548928
39.2 0.6083445186965373 0.007171280478344234
39.25 0.6083413516183346 0.00717126814665317
39.3 0.6083382287098783 0.00717125598701682
39.35 0.6083351493494178 0.007171243997011334
39.40000000000001 0.6083321129240531 0.007171232174247416
39.45 0.6083291188296075 0.00717122051636983
39.5 0.6083261664705016 0.007171209021056911
39.55 0.6083232552596299 0.007171197686020065
39.6 0.6083203846182379 0.00717118650900331
39.65000000000001 0.6083175539758026 0.007171175487782789
39.7 0.6083147627699136 0.007171164620166316
39.75 0.6083120104461562 0.007171153903992915
39.8 0.6083092964579968 0.007171143337132369
39.85 0.6083066202666687 0.00717113291748478
39.90000000000001 0.6083039813410612 0.007171122642980128
39.95 0.6083013791576088 0.007171112511577838
40.0 0.6082988132001831 0.00717110252126636
40.05 0.6082962829599855 0.007171092670062754
40.1 0.6082937879354424 0.007171082956012265
40.15 0.6082913276321007 0.007171073377187928
40.2 0.6082889015625259 0.007171063931690164
40.25 0.6082865092462011 0.007171054617646389
40.3 0.6082841502094278 0.007171045433210617
40.35 0.6082818239852278 0.007171036376563086
40.4 0.6082795301132468 0.007171027445909877
40.45 0.6082772681396593 0.007171018639482538
40.5 0.6082750376170752 0.007171009955537731
40.55 0.6082728381044469 0.007171001392356853
40.6 0.6082706691669786 0.007170992948245691
40.65 0.6082685303760369 0.007170984621534075
40.7 0.6082664213090618 0.007170976410575522
40.75 0.6082643415494804 0.007170968313746901
40.8 0.6082622906866205 0.007170960329448101
40.85 0.6082602683156263 0.007170952456101694
40.9 0.6082582740373749 0.007170944692152614
40.95 0.6082563074583944 0.007170937036067834
41.0 0.6082543681907828 0.007170929486336047
41.05 0.6082524558521285 0.007170922041467364
41.1 0.6082505700654313 0.007170914699992995
41.15 0.6082487104590251 0.007170907460464953
41.2 0.6082468766665019 0.007170900321455757
41.25 0.6082450683266362 0.007170893281558134
41.3 0.6082432850833109 0.007170886339384729
41.35 0.6082415265854445 0.007170879493567825
41.4 0.6082397924869188 0.007170872742759059
41.45 0.608238082446508 0.007170866085629139
41.5 0.608236396127809 0.007170859520867582
41.55 0.6082347331991722 0.007170853047182437
41.6 0.608233093333634 0.007170846663300022
41.65 0.6082314762088493 0.007170840367964662
41.7 0.6082298815070259 0.007170834159938431
41.75 0.6082283089148597 0.007170828038000904
41.8 0.60822675812347 0.007170822000948896
41.85 0.6082252288283371 0.007170816047596225
41.9 0.6082237207292392 0.007170810176773462
41.95 0.6082222335301922 0.007170804387327701
42.0 0.6082207669393883 0.00717079867812231
42.05 0.6082193206691366 0.007170793048036712
42.1 0.6082178944358051 0.007170787495966145
42.15 0.6082164879597619 0.007170782020821444
42.2 0.6082151009653188 0.00717077662152881
42.25 0.608213733180675 0.007170771297029603
42.3 0.6082123843378612 0.007170766046280112
42.35 0.6082110541726861 0.007170760868251351
42.4 0.6082097424246815 0.007170755761928848
42.45 0.6082084488370498 0.007170750726312434
42.5 0.6082071731566119 0.007170745760416044
42.55 0.6082059151337552 0.007170740863267511
42.6 0.6082046745223832 0.007170736033908374
42.65 0.6082034510798657 0.007170731271393677
42.7 0.6082022445669888 0.00717072657479178
42.75 0.6082010547479069 0.00717072194318417
42.8 0.6081998813900945 0.00717071737566527
42.85 0.6081987242642993 0.007170712871342258
42.9 0.6081975831444953 0.007170708429334888
42.95 0.6081964578078374 0.007170704048775302
43.0 0.6081953480346156 0.007170699728807867
43.05 0.6081942536082109 0.00717069546858899
43.1 0.6081931743150515 0.007170691267286949
43.15 0.6081921099445693 0.007170687124081733
43.2 0.6081910602891569 0.007170683038164859
43.25 0.6081900251441266 0.007170679008739226
43.3 0.6081890043076675 0.00717067503501894
43.35 0.6081879975808063 0.007170671116229163
43.4 0.6081870047673659 0.007170667251605952
43.45 0.6081860256739259 0.007170663440396103
43.5 0.608185060109784 0.007170659681857005
43.55 0.6081841078869171 0.007170655975256481
43.6 0.6081831688199432 0.007170652319872647
43.65 0.6081822427260842 0.007170648714993763
43.7 0.6081813294251291 0.007170645159918089
43.75 0.6081804287393974 0.007170641653953743
43.8 0.608179540493703 0.007170638196418564
43.85 0.6081786645153197 0.00717063478663997
43.9 0.6081778006339453 0.007170631423954825
43.95 0.6081769486816685 0.007170628107709303
44.0 0.608176108492934 0.007170624837258762
44.05 0.6081752799045096 0.007170621611967604
44.1 0.6081744627554533 0.007170618431209157
44.15 0.6081736568870809 0.007170615294365541
44.2 0.6081728621429342 0.007170612200827545
44.25 0.6081720783687492 0.007170609149994513
44.3 0.6081713054124255 0.00717060614127421
44.35 0.6081705431239951 0.007170603174082709
44.4 0.608169791355593 0.007170600247844277
44.45 0.608169049961427 0.007170597361991249
44.5 0.6081683187977485 0.007170594515963927
44.55 0.6081675977228238 0.007170591709210456
44.6 0.6081668865969054 0.007170588941186722
44.65 0.6081661852822042 0.007170586211356232
44.7 0.6081654936428615 0.007170583519190021
44.75 0.6081648115449224 0.007170580864166531
44.8 0.6081641388563082 0.007170578245771516
44.85 0.6081634754467903 0.007170575663497936
44.9 0.6081628211879642 0.007170573116845853
44.95 0.6081621759532236 0.007170570605322333
45.0 0.6081615396177351 0.007170568128441349
45.05 0.6081609120584131 0.007170565685723679
45.1 0.6081602931538952 0.007170563276696815
45.15 0.6081596827845182 0.007170560900894863
45.2 0.6081590808322936 0.007170558557858454
45.25 0.6081584871808849 0.007170556247134653
45.3 0.6081579017155834 0.007170553968276861
45.35 0.6081573243232856 0.007170551720844735
45.4 0.608156754892471 0.007170549504404095
45.45 0.6081561933131792 0.007170547318526835
45.5 0.6081556394769881 0.007170545162790845
45.55 0.608155093276993 0.007170543036779915
45.6 0.608154554607784 0.007170540940083666
45.65 0.608154023365426 0.007170538872297455
45.7 0.6081534994474375 0.007170536833022307
45.75 0.6081529827527702 0.007170534821864822
45.8 0.6081524731817891 0.007170532838437105
45.85 0.6081519706362523 0.007170530882356687
45.9 0.6081514750192915 0.007170528953246449
45.95 0.608150986235393 0.007170527050734544
46.0 0.6081505041903785 0.007170525174454328
46.05 0.6081500287913861 0.007170523324044283
46.1 0.6081495599468524 0.007170521499147944
46.15 0.6081490975664934 0.007170519699413833
46.2 0.6081486415612876 0.007170517924495383
46.25 0.6081481918434574 0.007170516174050876
46.3 0.6081477483264524 0.007170514447743369
46.35 0.6081473109249315 0.007170512745240627
46.40000000000001 0.6081468795547463 0.007170511066215065
46.45 0.6081464541329247 0.007170509410343671
46.5 0.6081460345776536 0.00717050777730795
46.55 0.6081456208082634 0.007170506166793861
46.6 0.6081452127452117 0.007170504578491748
46.65000000000001 0.6081448103100675 0.007170503012096286
46.7 0.6081444134254956 0.007170501467306413
46.75 0.6081440220152415 0.00717049994382528
46.8 0.6081436360041163 0.007170498441360184
46.85 0.608143255317981 0.007170496959622508
46.90000000000001 0.6081428798837331 0.007170495498327678
46.95 0.6081425096292911 0.007170494057195085
47.0 0.6081421444835807 0.00717049263594805
47.05 0.6081417843765206 0.007170491234313757
47.1 0.6081414292390084 0.007170489852023203
47.15000000000001 0.6081410790029074 0.007170488488811143
47.2 0.6081407336010329 0.00717048714441604
47.25 0.6081403929671388 0.00717048581858001
47.3 0.6081400570359046 0.007170484511048775
47.35 0.6081397257429222 0.007170483221571608
47.40000000000001 0.6081393990246839 0.007170481949901288
47.45 0.6081390768185692 0.007170480695794049
47.5 0.6081387590628323 0.007170479459009527
47.55 0.6081384456965908 0.007170478239310726
47.6 0.6081381366598126 0.007170477036463954
47.65000000000001 0.6081378318933048 0.00717047585023879
47.7 0.6081375313387016 0.007170474680408032
47.75 0.6081372349384532 0.007170473526747657
47.8 0.608136942635814 0.00717047238903677
47.85 0.6081366543748316 0.007170471267057564
47.90000000000001 0.6081363701003357 0.007170470160595282
47.95 0.6081360897579277 0.007170469069438164
48.0 0.6081358132939689 0.007170467993377416
48.05 0.6081355406555712 0.007170466932207159
48.1 0.6081352717905858 0.007170465885724397
48.15000000000001 0.6081350066475931 0.007170464853728973
48.2 0.6081347451758931 0.00717046383602353
48.25 0.6081344873254946 0.007170462832413469
48.3 0.6081342330471058 0.007170461842706918
48.35 0.6081339822921248 0.007170460866714686
48.40000000000001 0.6081337350126297 0.007170459904250233
48.45 0.6081334911613691 0.007170458955129628
48.5 0.6081332506917532 0.007170458019171516
48.55 0.6081330135578443 0.007170457096197081
48.6 0.6081327797143481 0.00717045618603001
48.65000000000001 0.6081325491166044 0.007170455288496461
48.7 0.6081323217205786 0.007170454403425026
48.75 0.6081320974828529 0.007170453530646698
48.8 0.6081318763606178 0.007170452669994838
48.85 0.6081316583116639 0.007170451821305147
48.90000000000001 0.6081314432943734 0.007170450984415622
48.95 0.6081312312677118 0.007170450159166538
49.0 0.6081310221912204 0.007170449345400406
49.05 0.6081308160250076 0.007170448542961949
49.1 0.6081306127297417 0.007170447751698066
49.15000000000001 0.6081304122666427 0.007170446971457805
49.2 0.6081302145974753 0.007170446202092338
49.25 0.6081300196845408 0.00717044544345492
49.3 0.6081298274906701 0.00717044469540087
49.35 0.6081296379792162 0.007170443957787541
49.40000000000001 0.608129451114047 0.007170443230474293
49.45 0.6081292668595386 0.007170442513322453
49.5 0.6081290851805677 0.007170441806195311
49.55 0.6081289060425054 0.007170441108958071
49.6 0.6081287294112097 0.007170440421477839
49.65000000000001 0.6081285552530195 0.00717043974362359
49.7 0.6081283835347477 0.007170439075266146
49.75 0.6081282142236746 0.007170438416278143
49.8 0.6081280472875417 0.007170437766534022
49.85 0.6081278826945452 0.007170437125909986
49.90000000000001 0.6081277204133299 0.007170436494283986
49.95 0.6081275604129831 0.007170435871535699
50.0 0.6081274026630284 0.007170435257546496
50.05 0.6081272471334201 0.007170434652199427
50.1 0.6081270937945369 0.007170434055379194
50.15000000000001 0.6081269426171763 0.007170433466972128
50.2 0.6081267935725487 0.00717043288686617
50.25 0.6081266466322722 0.007170432314950844
50.3 0.6081265017683668 0.007170431751117243
50.35 0.6081263589532488 0.007170431195257998
50.40000000000001 0.6081262181597257 0.007170430647267266
50.45 0.6081260793609906 0.007170430107040706
50.5 0.6081259425306172 0.007170429574475454
50.55 0.6081258076425546 0.007170429049470112
50.6 0.608125674671122 0.00717042853192472
50.65000000000001 0.6081255435910039 0.007170428021740742
50.7 0.6081254143772453 0.007170427518821041
50.75 0.6081252870052465 0.007170427023069868
50.8 0.6081251614507582 0.007170426534392836
50.85 0.6081250376898776 0.007170426052696908
50.90000000000001 0.6081249156990426 0.007170425577890369
50.95 0.6081247954550278 0.007170425109882821
51.0 0.6081246769349404 0.007170424648585154
51.05 0.6081245601162147 0.007170424193909537
51.1 0.6081244449766087 0.007170423745769395
51.15000000000001 0.6081243314941989 0.007170423304079397
51.2 0.6081242196473766 0.007170422868755432
51.25 0.6081241094148437 0.007170422439714603
51.3 0.6081240007756082 0.007170422016875201
51.35 0.6081238937089805 0.007170421600156695
51.40000000000001 0.6081237881945687 0.007170421189479715
51.45 0.6081236842122755 0.007170420784766034
51.5 0.6081235817422936 0.007170420385938557
51.55 0.6081234807651025 0.007170419992921303
51.6 0.6081233812614637 0.007170419605639392
51.65000000000001 0.6081232832124182 0.007170419224019029
51.7 0.6081231865992816 0.007170418847987487
51.75 0.6081230914036413 0.007170418477473101
51.8 0.6081229976073526 0.007170418112405244
51.85 0.6081229051925349 0.007170417752714322
51.90000000000001 0.6081228141415689 0.007170417398331753
51.95 0.6081227244370926 0.007170417049189962
52.0 0.6081226360619981 0.007170416705222359
52.05 0.6081225489994282 0.00717041636636333
52.1 0.6081224632327731 0.007170416032548226
52.15000000000001 0.6081223787456673 0.007170415703713348
52.2 0.6081222955219865 0.007170415379795935
52.25 0.6081222135458439 0.007170415060734153
52.3 0.608122132801588 0.00717041474646708
52.35 0.6081220532737986 0.007170414436934698
52.40000000000001 0.6081219749472846 0.007170414132077877
52.45 0.6081218978070804 0.00717041383183837
52.5 0.6081218218384432 0.007170413536158793
52.55 0.6081217470268505 0.007170413244982621
52.6 0.6081216733579967 0.007170412958254171
52.65000000000001 0.6081216008177908 0.0071704126759186
52.7 0.6081215293923531 0.007170412397921882
52.75 0.608121459068013 0.007170412124210809
52.8 0.608121389831306 0.007170411854732975
52.85 0.6081213216689714 0.007170411589436765
52.90000000000001 0.6081212545679494 0.007170411328271346
52.95 0.6081211885153787 0.007170411071186661
53.0 0.6081211234985939 0.007170410818133411
53.05 0.6081210595051233 0.007170410569063055
53.1 0.6081209965226859 0.00717041032392779
53.15000000000001 0.6081209345391896 0.007170410082680554
53.2 0.6081208735427284 0.007170409845275004
53.25 0.6081208135215804 0.007170409611665516
53.3 0.6081207544642055 0.007170409381807174
53.35 0.6081206963592427 0.007170409155655756
53.40000000000001 0.6081206391955084 0.007170408933167735
53.45 0.6081205829619939 0.007170408714300264
53.5 0.6081205276478634 0.007170408499011166
53.55 0.6081204732424518 0.00717040828725893
53.6 0.6081204197352625 0.007170408079002701
53.65000000000001 0.6081203671159658 0.007170407874202273
53.7 0.6081203153743963 0.007170407672818082
53.75 0.6081202645005511 0.007170407474811193
53.8 0.6081202144845881 0.007170407280143298
53.85 0.6081201653168238 0.007170407088776708
53.90000000000001 0.6081201169877312 0.007170406900674341
53.95 0.6081200694879385 0.007170406715799721
54.0 0.608120022808227 0.007170406534116967
54.05 0.6081199769395289 0.007170406355590785
54.1 0.6081199318729261 0.007170406180186464
54.15000000000001 0.6081198875996481 0.007170406007869865
54.2 0.6081198441110703 0.007170405838607423
54.25 0.6081198013987126 0.00717040567236613
54.3 0.6081197594542372 0.007170405509113534
54.35 0.6081197182694474 0.007170405348817732
54.40000000000001 0.608119677836286 0.007170405191447363
54.45 0.608119638146833 0.007170405036971601
54.5 0.6081195991933052 0.007170404885360152
54.55 0.6081195609680535 0.007170404736583248
54.6 0.6081195234635622 0.007170404590611631
54.65000000000001 0.6081194866724473 0.007170404447416563
54.7 0.6081194505874548 0.007170404306969812
54.75 0.6081194152014593 0.007170404169243642
54.8 0.6081193805074627 0.007170404034210816
54.85 0.6081193464985932 0.007170403901844589
54.90000000000001 0.6081193131681032 0.007170403772118697
54.95 0.6081192805093681 0.007170403645007355
55.0 0.6081192485158856 0.007170403520485256
55.05 0.6081192171812739 0.007170403398527561
55.1 0.6081191864992702 0.007170403279109894
55.15000000000001 0.6081191564637299 0.007170403162208338
55.2 0.6081191270686254 0.007170403047799433
55.25 0.6081190983080442 0.007170402935860167
55.3 0.6081190701761887 0.007170402826367976
55.35 0.6081190426673743 0.007170402719300731
55.40000000000001 0.6081190157760283 0.007170402614636746
55.45 0.6081189894966894 0.007170402512354763
55.5 0.6081189638240058 0.00717040241243395
55.55 0.6081189387527346 0.007170402314853904
55.6 0.6081189142777405 0.007170402219594635
55.65000000000001 0.608118890393995 0.007170402126636573
55.7 0.6081188670965753 0.007170402035960557
55.75 0.6081188443806629 0.007170401947547833
55.8 0.6081188222415433 0.00717040186138005
55.85 0.6081188006746044 0.007170401777439259
55.90000000000001 0.6081187796753361 0.007170401695707903
55.95 0.6081187592393288 0.007170401616168822
56.0 0.6081187393622728 0.007170401538805241
56.05 0.6081187200399576 0.007170401463600771
56.1 0.6081187012682707 0.007170401390539408
56.15000000000001 0.6081186830431968 0.007170401319605521
56.2 0.6081186653608173 0.007170401250783859
56.25 0.6081186482173087 0.007170401184059542
56.3 0.6081186316089425 0.007170401119418057
56.35 0.6081186155320845 0.007170401056845258
56.40000000000001 0.6081185999831934 0.007170400996327363
56.45 0.6081185849588205 0.007170400937850949
56.5 0.6081185704556089 0.00717040088140295
56.55 0.6081185564702926 0.007170400826970654
56.6 0.6081185429996958 0.007170400774541701
56.65000000000001 0.6081185300407328 0.007170400724104082
56.7 0.6081185175904064 0.007170400675646129
56.75 0.6081185056458078 0.007170400629156523
56.8 0.6081184942041162 0.007170400584624282
56.85 0.6081184832625975 0.007170400542038768
56.90000000000001 0.6081184728186041 0.007170400501389673
56.95 0.6081184628695743 0.007170400462667029
57.0 0.6081184534130317 0.007170400425861195
57.05 0.6081184444465847 0.007170400390962864
57.1 0.6081184359679256 0.007170400357963055
57.15000000000001 0.6081184279748304 0.007170400326853111
57.2 0.6081184204651585 0.0071704002976247
57.25 0.6081184134368517 0.007170400270269811
57.3 0.6081184068879339 0.007170400244780755
57.35 0.6081184008165108 0.007170400221150155
57.40000000000001 0.608118395220769 0.007170400199370958
57.45 0.6081183900989763 0.007170400179436417
57.5 0.6081183854494805 0.007170400161340105
57.55 0.6081183812707094 0.007170400145075901
57.6 0.6081183775611703 0.007170400130637997
57.65000000000001 0.6081183743194496 0.00717040011802089
57.7 0.6081183715442126 0.007170400107219385
57.75 0.6081183692342027 0.007170400098228591
57.8 0.6081183673882417 0.007170400091043923
57.85 0.6081183660052288 0.007170400085661095
57.90000000000001 0.6081183650841409 0.007170400082076128
57.95 0.6081183646240315 0.007170400080285334
58.0 0.6081183646240315 0.007170400080285334
