8.0 5.549151540561705 1.547830417337267
8.050066266741071 5.28261913189583 1.185698995297936
8.100132533482142 5.045752381322277 0.9356454674889066
8.150198800223214 4.832605348267359 0.7560531057902483
8.200265066964286 4.638876225498319 0.6229165257858862
8.250331333705358 4.461352174315442 0.5216142410204451
8.300397600446429 4.297570036395161 0.4428352665940018
8.3504638671875 4.145599540967397 0.3804265196418434
8.400530133928571 4.003899550057511 0.330192286575871
8.450596400669642 3.871219697334881 0.289193621660103
8.500662667410714 3.746531251852435 0.2553233680385257
8.550728934151786 3.62897737685959 0.2270396101941948
8.600795200892858 3.517836604532954 0.2031935480351756
8.650861467633929 3.412495527361461 0.1829154535500249
8.700927734375 3.312428050444541 0.165537368745068
8.750994001116071 3.21717940047361 0.1505396298971293
8.801060267857142 3.126353640431299 0.137513190670212
8.851126534598214 3.039603806615107 0.1261326333903252
8.901192801339286 2.956624033743247 0.1161365435169771
8.951259068080358 2.877143205877856 0.1073130412284258
9.001325334821429 2.800919791587167 0.0994889799682923
9.0513916015625 2.727737607750106 0.09252178876808811
9.101457868303571 2.6574023185188 0.08629324513971531
9.151524135044642 2.589738521399845 0.08070467445414575
9.201590401785715 2.524587306060556 0.07567321492388224
9.251656668526786 2.461804196649659 0.07112888673166966
9.301722935267858 2.40125740746369 0.06701227377019174
9.351789202008929 2.342826356325544 0.06327267622263559
9.40185546875 2.286400391235281 0.05986662803021083
9.451921735491071 2.231877694545356 0.05675669934025885
9.501988002232142 2.179164335714639 0.05391052315815193
9.552054268973215 2.128173449057816 0.05129999960492536
9.602120535714286 2.078824517163127 0.04890064178319924
9.652186802455358 2.031042744051898 0.04669103524439532
9.702253069196429 1.984758504886834 0.04465238911988307
9.7523193359375 1.939906861246193 0.04276816162302804
9.802385602678571 1.896427132777809 0.04102374620753038
9.852451869419642 1.854262517515451 0.0394062074427346
9.902518136160715 1.813359754346172 0.03790405783248644
9.952584402901786 1.77366882211265 0.03650706850448717
10.00265066964286 1.735142670659715 0.03520610803957598
10.05271693638393 1.69773697982118 0.03399300477602303
10.102783203125 1.661409942917446 0.03286042877418972
10.15284946986607 1.626122071816324 0.03180179030869037
10.20291573660714 1.591836021015596 0.0308111523044402
10.25298200334822 1.558516428549187 0.02988315457746326
10.30304827008929 1.526129771810057 0.02901294810260019
10.35311453683036 1.494644236630947 0.02819613782510342
10.40318080357143 1.464029598175821 0.02742873277470857
10.4532470703125 1.434257112376257 0.02670710243950079
10.50331333705357 1.405299416802871 0.02602793852096401
10.55337960379464 1.37713043999613 0.02538822132753669
10.60344587053572 1.3497253183969 0.02478519017700818
10.65351213727679 1.323060320117583 0.02421631727235202
10.70357840401786 1.297112774881928 0.02367928459446669
10.75364467075893 1.271861009537605 0.0231719634214946
10.8037109375 1.247284288611925 0.02269239614011809
10.85377720424107 1.223362759439047 0.02223878006127806
10.90384347098214 1.20007740143791 0.02180945299258803
10.95390973772322 1.177409979164729 0.02140288035352321
11.00397600446429 1.155342998803244 0.02101764364823381
11.05404227120536 1.133859667790601 0.02065243013537767
11.10410853794643 1.112943857307362 0.02030602355535889
11.1541748046875 1.092580067387333 0.01997729579335466
11.20424107142857 1.072753394426959 0.01966519937197414
11.25430733816964 1.053449500895428 0.01936876068070772
11.30437360491072 1.034654587065726 0.01908707386081426
11.35443987165179 1.016355364603837 0.01881929527423037
11.40450613839286 0.9985390318684821 0.01856463849369517
11.45457240513393 0.9811932507873872 0.01832236975875928
11.504638671875 0.9643061251882151 0.01809180384884958
11.55470493861607 0.9478661804732458 0.01787230033022824
11.60477120535714 0.9318623445366888 0.0176632601386327
11.65483747209822 0.9162839298323592 0.01746412246371102
11.70490373883929 0.9011206165074059 0.01727436190515846
11.75497000558036 0.8863624365249734 0.01709348587378918
11.80503627232143 0.8719997587051678 0.01692103221370168
11.8551025390625 0.8580232746195834 0.01675656702427219
11.90516880580357 0.8444239852799618 0.0165996826629811
11.95523507254464 0.831193188566392 0.01644999591208321
12.00530133928572 0.8183224673448444 0.01630714629390601
12.05536760602678 0.8058036782278181 0.01617079452113171
12.10543387276786 0.7936289409355143 0.01604062106981185
12.15550013950893 0.7817906282182545 0.01591632486410094
12.20556640625 0.7702813563038792 0.01579762206279647
12.25563267299107 0.7590939758366209 0.01568424493875246
12.30569893973214 0.7482215632764623 0.01557594084310792
12.35576520647322 0.7376574127302957 0.0154724712470518
12.40583147321428 0.7273950281883117 0.01537361085454329
12.45589773995536 0.7174281161409795 0.01527914678003077
12.50596400669643 0.7077505785537588 0.01518887778577167
12.5560302734375 0.6983565061783135 0.01510261357385727
12.60609654017857 0.6892401721804969 0.01502017412849706
12.65616280691964 0.6803960260667604 0.01494138910452201
12.70622907366072 0.6718186878919046 0.01486609725843085
12.75629534040178 0.6635029427322675 0.01479414591863182
12.80636160714286 0.6554437354095223 0.01472539049182821
12.85642787388393 0.6476361654512537 0.01465969400276388
12.906494140625 0.6400754822754082 0.01459692666478621
12.95656040736607 0.6327570805865598 0.01453696547890257
13.00662667410714 0.6256764959727257 0.01447969385920456
13.05669294084822 0.6188294006921958 0.01442500128271338
13.10675920758928 0.6122115996405156 0.01437278296186259
13.15682547433036 0.6058190264883899 0.01432293953798222
13.20689174107143 0.5996477399818589 0.01427537679428265
13.2569580078125 0.5936939203966387 0.01423000538695872
13.30702427455357 0.5879538661390187 0.01418674059314581
13.35709054129464 0.58242399048618 0.01414550207456111
13.40715680803572 0.5771008184592324 0.01410621365575578
13.45722307477679 0.5719809838226712 0.01406880311598787
13.50728934151786 0.5670612262043363 0.01403320199380354
13.55735560825893 0.5623383883303072 0.01399934540348403
13.607421875 0.557809413369494 0.01396717186258094
13.65748814174107 0.5534713423829947 0.01393662312982121
13.70755440848214 0.549321311873577 0.01390764405271746
13.75762067522322 0.5453565514309056 0.01388018242426925
13.80768694196429 0.5415743814683928 0.01385418884818638
13.85775320870536 0.5379722110477844 0.01382961661210726
13.90781947544643 0.5345475357878097 0.0138064215683243
13.9578857421875 0.531297935853435 0.01378456202156354
14.00795200892857 0.5282210740224533 0.01376399862339864
14.05801827566964 0.5253146938263219 0.01374469427290961
14.10808454241072 0.5225766177623343 0.01372661402322443
14.15815080915179 0.5200047455743729 0.0137097249936076
14.20821707589286 0.5175970525996381 0.01369399628678352
14.25828334263393 0.5153515881788941 0.01367939891120433
14.308349609375 0.5132664741279076 0.01366590570799288
14.35841587611607 0.5113399032678771 0.01365349128230974
14.40848214285714 0.5095701380127767 0.01364213193891138
14.45854840959822 0.5079555090116452 0.01363180562168242
14.50861467633929 0.5064944138439642 0.01362249185694068
14.55868094308036 0.5051853157663648 0.01361417170032715
14.60874720982143 0.5040267425090023 0.013606827687107
14.6588134765625 0.5030172851200264 0.01360044378571936
14.70887974330357 0.5021555968566639 0.01359500535442567
14.75894601004464 0.5014403921215095 0.01359049910091668
14.80901227678572 0.500870445442701 0.01358691304474874
14.85907854352679 0.5004445904967292 0.01358423648248905
14.90914481026786 0.5001617191727025 0.01358245995545889
14.95921107700893 0.5000207806769557 0.01358157521997177
15.00927734375 0.5000207806769557 0.01358157521997177
